orf_length_med	shannon_slope	at_skew	gc_skew	max_direction	status
287.5	0	1.06962548914	1.73937151999	39	0
241.0	0	1.15907732385	1.69948333378	39	0
233.5	0	1.21488641262	1.73915680259	39	0
233.5	0	1.1479027768	1.64205795963	39	0
224.5	0	1.21370443941	1.57202306246	39	0
224.5	0	1.21288275388	1.53637974679	39	0
202.0	0	1.34938883744	1.50769817022	39	0
202.0	0	1.27351306324	1.37304895969	39	0
202.0	0	1.13883620231	1.29937598943	39	0
202.0	0	1.07746348836	1.26430502	39	0
158.5	0	1.19926061053	1.30389903594	39	0
94.0	0	1.29382913165	1.27182889898	39	0
94.0	0	1.24278047516	1.24544689317	39	0
16.0	0	1.35703847079	1.24025854446	39	0
-33.5	0	1.48728141075	1.2305458794	39	0
-84.5	0	1.39410300904	1.20859768961	39	0
-138.5	0	1.52111028379	1.20889561184	39	0
-153.5	0	1.66443283192	1.19035462978	39	0
-161.0	0	1.68588835593	1.13633745435	39	0
-161.0	0	1.69022064099	1.07655308429	39	0
-195.5	0	1.63321538346	1.00212926843	39	0
-230.0	0	1.69822294076	1.04238751355	39	0
-230.0	0	1.66649891832	0.995398026575	39	0
-230.0	0	1.71826616621	0.983379976249	39	0
-239.0	0	1.89531985235	1.00947661857	39	0
-263.0	0	1.98174222283	1.02894281531	40	0
-285.5	0	2.02126877236	1.07179095839	80	0
-312.5	0	2.0222380926	1.03318208336	80	0
-312.5	0	2.10219453673	1.06471450782	80	0
-339.5	0	2.18889524809	1.04286502053	80	0
-353.0	0	2.07761002189	1.16511359355	80	0
-371.0	0	2.03655280505	1.1461324474	80	0
-371.0	0	2.08001159219	1.16318262987	80	0
-371.0	0	2.0846499858	1.1123813853	80	0
-371.0	0	1.87632586633	1.08835220056	80	0
-378.5	0	1.85187531401	1.01173976605	40	0
-372.5	0	1.82303879985	0.893761031021	40	0
-372.5	0	1.92768377486	0.91100827691	39	0
-372.5	0	1.90673795761	0.920076359866	38	0
-372.5	0	1.93687716005	0.853915379653	38	0
-386.0	0	2.07956668425	0.864761660177	38	0
-372.5	0	1.94711796791	0.961795405764	38	0
-372.5	0	1.83480941392	0.967259823117	38	0
-386.0	0	1.93190096921	1.00290797403	38	0
-372.5	0	1.86489104876	1.01066385153	38	0
-386.0	0	1.87743733816	1.04088417927	38	0
-372.5	0	1.74613707471	1.0592576738	38	0
-372.5	0	1.63811604371	1.08993329786	38	0
-372.5	0	1.61441246936	1.08233835101	38	0
-365.0	0	1.53642335512	1.08242130246	38	0
-365.0	0	1.26819119234	1.05891215988	38	0
-347.0	0	1.14721511122	1.0428700744	37	0
-341.0	0	1.14182166865	1.01322794253	36	0
-341.0	0	0.911911782291	0.864538687373	35	0
-347.0	0	0.905064780044	0.90402315465	34	0
-347.0	0	0.890591435932	0.991288117096	33	0
-341.0	0	0.847062540363	1.01066784996	32	0
-347.0	0	0.726739238111	1.06489987325	31	0
-341.0	0	0.725005375139	1.02279848899	30	0
-341.0	0	0.722765939439	0.976992835399	29	0
-336.5	0	0.737642263516	0.98505859478	28	0
-243.5	0	0.65810018387	0.870756558968	27	0
-243.5	0	0.777084734114	0.907403033683	26	0
-339.5	0	0.831687870971	0.896035975729	25	0
-243.5	0	0.802679469221	0.875428451443	24	0
-144.5	0	0.692793927748	0.899908075109	23	0
-134.0	0	0.689784404326	0.897236231136	22	0
-98.0	0	0.729295415408	0.908356105087	21	0
-134.0	0	0.609931226883	0.927232748516	20	0
-98.0	0	0.523566666103	0.996804686895	19	0
-89.0	0	0.670723028593	0.863029573657	19	0
-62.0	0	0.461307629278	0.842991558635	19	0
-41.0	0	0.22211672046	0.822953768736	19	0
-15.5	0	0.171395208438	0.855701313739	19	0
-44.0	0	0.469280417196	0.877912532198	19	0
-44.0	0	0.479677171671	0.986673854601	19	0
-81.5	0	0.488658092644	0.972866362277	19	0
-105.5	0	0.456842915604	0.957410911286	18	0
-105.5	0	0.312197722969	0.98745389327	17	0
-116.0	0	0.470818976522	1.02534870563	16	0
-105.5	0	0.411636260003	0.992126361308	15	0
-116.0	0	0.287190361537	0.951721736873	14	0
-125.0	0	0.447365688537	0.946347415616	14	0
-116.0	0	0.360374610022	0.905469819615	14	0
-116.0	0	0.400098184779	0.888353400303	14	0
-105.5	0	0.320027242914	0.880796623915	14	0
-81.5	0	0.307682212668	0.871342693513	15	0
-81.5	0	0.408309880368	0.902310108098	16	0
-81.5	0	0.478327080467	0.873164410425	16	0
-81.5	0	0.576982093869	0.793587372482	16	0
-44.0	0	0.664095008121	0.815346088168	16	0
-44.0	0	0.761699772122	0.87661831168	16	0
-44.0	0	0.86184412275	0.919642254624	16	0
-44.0	0	1.05169517031	1.03716343542	16	0
35.5	0	1.13041728552	1.03099004394	16	0
35.5	0	1.25557073994	0.964448195642	17	0
97.0	0	1.36211237511	0.916121307795	18	0
97.0	0	1.47067853066	0.867188791249	19	0
97.0	0	1.47647512031	0.886134884005	19	0
35.5	0	1.4914126329	0.875028443383	19	0
-44.0	0	1.53299382815	0.896268007562	19	0
-44.0	0	1.53171347291	0.97485021582	19	0
-44.0	0	1.49932662465	0.935709985278	19	0
38.5	0	1.23588996142	0.899380223404	19	0
38.5	0	0.981906301438	0.875717676456	19	0
38.5	0	0.962897665117	0.902111562586	19	0
38.5	0	0.907221481809	0.871517481045	19	0
-60.5	0	0.885328474136	0.904536170168	19	0
31.0	0	0.912931353285	0.887099375438	19	0
5.5	0	0.90535966859	0.865012926916	20	0
5.5	0	0.721349010091	0.95380056528	21	0
5.5	0	0.879688668416	0.947533928868	22	0
5.5	0	1.05223695904	0.9398732488	23	0
5.5	0	1.04633381167	0.908010067726	24	0
92.5	0	0.975535277351	0.888527720196	25	0
160.0	0	0.957361889985	0.832287084879	26	0
230.5	0	0.902127104528	0.869068719403	27	0
230.5	0	0.939123147828	0.864423638504	27	0
160.0	0	1.11725237625	0.813866986208	27	0
160.0	0	0.888981253469	0.817365475694	27	0
160.0	0	0.948183893748	0.855341743707	28	0
160.0	0	1.06643697041	0.932219752039	29	0
160.0	0	0.885533713691	1.00841765789	30	0
92.5	0	0.986802460792	1.01246025693	30	0
175.0	0	0.803646150419	0.960355422786	30	0
97.0	0	0.74565257773	0.966744436758	30	0
89.5	0	0.776826592767	0.950460875935	30	0
89.5	0	0.845195592605	0.965657788628	30	0
85.0	0	0.632616039627	0.964835450228	30	0
85.0	0	0.517079796067	1.01090630154	30	0
56.5	0	0.438170647742	0.987241439157	29	0
-23.0	0	0.163297783405	0.936433124661	28	0
-36.5	0	0.0315672059066	0.920299728174	27	0
-36.5	0	0.0245554961138	0.934022111024	27	0
-36.5	0	0.128526113055	0.854328132284	27	0
-36.5	0	0.210004451245	0.896022342435	27	0
-36.5	0	0.349101601265	0.886758430992	27	0
14.5	0	0.486381821902	0.833737180172	27	0
14.5	0	0.546697687152	0.929767714268	27	0
14.5	0	0.686143540756	1.01915596197	27	0
56.5	0	0.66979676304	0.964968355193	27	0
56.5	0	0.602663565692	0.952225107237	26	0
14.5	0	0.602372509178	0.989531121147	25	0
-36.5	0	0.330405091584	1.07008416836	24	0
-36.5	0	0.202241233522	1.09595039807	23	0
14.5	0	0.251590577817	1.03897800327	22	0
14.5	0	0.209607376947	1.03946258919	21	0
14.5	0	0.236315037619	1.05255069449	21	0
14.5	0	0.211841486693	1.06414895032	21	0
14.5	0	0.274405536879	1.07571652911	21	0
14.5	0	0.131478113829	1.02992696105	21	0
-5.0	0	0.113135891396	1.0565306062	21	0
-5.0	0	0.0529664950452	1.05059501216	21	0
-5.0	0	0.152121448383	1.03716067806	21	0
-5.0	0	0.251070043628	1.0315268144	21	0
-24.5	0	0.261756095762	1.03876903901	21	0
-53.0	0	0.16858074515	1.07620637038	21	0
-24.5	0	0.210141047639	1.0781049822	21	0
-5.0	0	0.134490519291	1.09311782956	22	0
-5.0	0	0.0346036977219	1.01792362886	23	0
-24.5	0	0.0497726632907	0.986967349348	24	0
-5.0	0	0.123673152109	0.912049236357	25	0
14.5	0	0.0666103808901	0.849461961476	26	0
38.5	0	0.221355454033	0.88054766777	27	0
38.5	0	0.243968561447	0.975057933186	28	0
14.5	0	0.373996160283	0.94190766213	29	0
25.0	0	0.497042364992	0.979546275658	30	0
50.5	0	0.718595022909	0.996331942907	31	0
50.5	0	0.598824219878	0.979255114789	31	0
47.5	0	0.547359205929	1.00362772554	30	0
47.5	0	0.413129450708	1.0276617491	29	0
50.5	0	0.304812833341	1.06827613161	29	0
52.0	0	0.273131817271	1.07013716241	30	0
52.0	0	0.327498676106	1.05995660619	31	0
50.5	0	0.401976671294	1.12438833566	32	0
52.0	0	0.347774241876	1.07368658264	33	0
52.0	0	0.281611438761	1.09576694793	34	0
52.0	0	0.219098915645	1.18997458272	35	0
56.5	0	0.084759033952	1.09953271893	36	0
56.5	0	0.158085445795	0.993350738513	37	0
52.0	0	0.16834062485	0.98909644009	38	0
52.0	0	0.18185994237	0.981065567467	39	0
56.5	0	0.14137767245	0.948197047468	39	0
56.5	0	0.0963852972905	0.834303199194	38	0
56.5	0	0.132566783251	0.791871200019	37	0
56.5	0	0.202997400837	0.819806164996	36	0
61.0	0	0.0282964926881	0.834510522566	35	0
61.0	0	0.106360582262	0.835584695196	34	0
61.0	0	0.108675168492	0.832575419354	33	0
61.0	0	0.0543285656816	0.855250906881	32	0
77.5	0	0.0575307665721	0.838372346062	31	0
94.0	0	0.0637483756778	0.806564418816	30	0
77.5	0	0.0345017487443	0.81977416938	29	0
77.5	0	0.0864892780945	0.822165893632	28	0
77.5	0	0.170188674943	0.7774183177	27	0
94.0	0	0.206883881698	0.734115756029	26	0
101.5	0	0.0761882134836	0.664779075551	25	0
122.5	0	0.000582440741687	0.645916869584	24	0
122.5	0	0.0570153914687	0.647999899246	23	0
140.5	0	0.112094884527	0.682721778423	23	0
140.5	0	0.108450020749	0.717936141039	23	0
122.5	0	0.116567341094	0.761464990501	23	0
122.5	0	0.00611327928584	0.778006761444	23	0
115.0	0	0.122683136477	0.820405682454	23	0
140.5	0	0.229891597721	0.848128898077	23	0
140.5	0	0.503454021045	0.903771033765	24	0
119.5	0	0.565085140136	0.913338174972	25	0
94.0	0	0.615575162706	0.876157013132	26	0
94.0	0	0.629884542037	1.01803943893	27	0
94.0	0	0.517521100294	1.05370524106	27	0
119.5	0	0.562152062785	1.03602503982	27	0
119.5	0	0.696230536159	1.06678180528	27	0
103.0	0	0.754766176727	1.1086819697	27	0
104.5	0	0.837555476705	1.09019059262	27	0
106.0	0	1.01815157239	1.08521248629	28	0
106.0	0	0.977005989057	1.11569674817	29	0
65.5	0	0.753207998806	1.15392544249	30	0
106.0	0	0.58785878599	1.06821667043	30	0
106.0	0	0.337331500711	1.10676495488	30	0
106.0	0	0.230502588393	1.15367817329	30	0
146.5	0	0.0356359468173	1.15606822858	30	0
106.0	0	0.0234533158409	1.13597278353	30	0
65.5	0	0.0787321744269	1.12760436757	30	0
92.5	0	0.0656185154653	1.18656071035	30	0
65.5	0	0.0234502294027	1.26296694562	30	0
62.5	0	0.056509121325	1.28640184969	29	0
65.5	0	0.0911629327103	1.30455231634	28	0
65.5	0	0.130952869315	1.2804247465	27	0
65.5	0	0.383483130841	1.27193967474	28	0
92.5	0	0.38739835583	1.23515090157	29	0
92.5	0	0.345443071382	1.22869318115	30	0
92.5	0	0.351060563738	1.23547223162	31	0
92.5	0	0.426328176795	1.20221950505	32	0
92.5	0	0.387812517224	1.20913854319	33	0
65.5	0	0.349119737703	1.27490583432	34	0
65.5	0	0.423368992874	1.31297465094	35	0
38.5	0	0.593496013098	1.37491792245	35	0
38.5	0	0.714686017064	1.34600290283	34	0
-24.5	0	0.704989079298	1.36621248428	33	0
-51.5	0	0.712963146964	1.36365451731	32	0
-51.5	0	0.699163376126	1.31506845238	31	0
-51.5	0	0.464039869851	1.2973896269	30	0
-63.5	0	0.604175419634	1.26063993844	29	0
-51.5	0	0.639980493282	1.2118037598	28	0
-51.5	0	0.72602239165	1.19549029565	27	0
-51.5	0	0.66713027738	1.13768220848	26	0
-51.5	0	0.722144283251	1.11735886307	25	0
-36.5	0	0.751406543846	1.09258602892	24	0
-36.5	0	0.806901312588	1.0443556353	25	0
-51.5	0	0.921754499391	1.00863037949	26	0
-59.0	0	0.937085044478	1.04205989763	27	0
-59.0	0	0.896146674399	0.986013410274	28	0
-60.5	0	0.891976759335	0.924522492384	29	0
-71.0	0	0.662796214714	0.952955410417	30	0
-83.0	0	0.416574711218	0.950714302418	31	0
-83.0	0	0.421642328686	0.961307708357	32	0
-83.0	0	0.551040968992	0.945364591981	33	0
-83.0	0	0.674130914247	1.00673930436	34	0
-83.0	0	0.83306764799	0.994104079982	35	0
-71.0	0	0.836497934165	1.00607747284	36	0
-83.0	0	0.985907927815	1.00829798727	37	0
-83.0	0	0.810879438738	1.03647799464	37	0
-66.5	0	0.577116607429	1.02099604111	36	0
-66.5	0	0.485737401942	0.968356460193	35	0
-48.5	0	0.493941940079	0.901422521664	34	0
-36.5	0	0.522681020212	0.813263236967	33	0
-36.5	0	0.509441816543	0.777010169803	32	0
-14.0	0	0.304225770959	0.741515810226	31	0
-36.5	0	0.270912536896	0.733305085527	30	0
-48.5	0	0.271596648789	0.757594766067	29	0
-66.5	0	0.380437938847	0.737480406024	28	0
-83.0	0	0.438377768952	0.708376648321	28	0
-83.0	0	0.327617181007	0.731816888514	28	0
-83.0	0	0.38134130301	0.733160028058	29	0
-83.0	0	0.481096100876	0.710290278768	30	0
-107.0	0	0.502897016026	0.740438013431	31	0
-83.0	0	0.408661061566	0.705007097206	32	0
-107.0	0	0.279083021108	0.745836068028	33	0
-107.0	0	0.27548991006	0.701554432417	33	0
-125.0	0	0.31026409189	0.688127536665	32	0
-125.0	0	0.348916558447	0.683738784107	31	0
-125.0	0	0.512140357802	0.625666890382	30	0
-101.0	0	0.390724768588	0.629301276749	29	0
-101.0	0	0.497562112914	0.603883844706	28	0
-101.0	0	0.379669912411	0.552906384102	27	0
-74.0	0	0.375976719149	0.557790825711	26	0
-63.5	0	0.361799040251	0.519175979417	25	0
-74.0	0	0.367485350383	0.454171342837	24	0
-63.5	0	0.318242780585	0.373606841775	23	0
-41.0	0	0.268576191521	0.355547183516	22	0
-48.5	0	0.278616133932	0.375967028308	21	0
-48.5	0	0.35487148596	0.309607987281	20	0
-48.5	0	0.188351605486	0.291790457824	19	0
-48.5	0	0.524128782539	0.307823371004	18	0
-48.5	0	0.753600255737	0.307795256746	18	0
-75.5	0	0.804031428946	0.281601789592	18	0
-75.5	0	0.98454392042	0.274751384105	18	0
-102.5	0	0.989020721627	0.341262605103	18	0
-102.5	0	0.901957694552	0.381853646986	18	0
-102.5	0	0.936049270563	0.374956405651	18	0
-80.0	0	0.753950608683	0.426227485145	18	0
-80.0	0	0.955735403067	0.439603064328	18	0
-111.5	0	1.14863810313	0.49716538155	18	0
-144.5	0	1.3884140317	0.554989262545	18	0
-144.5	0	1.314485238	0.603528885456	19	0
-147.5	0	1.43704493003	0.605302045173	20	0
-147.5	0	1.50452938428	0.569631399874	20	0
-147.5	0	1.71480134195	0.595502100049	19	0
-144.5	0	1.67121665288	0.6382305757	18	0
-137.0	0	1.50105555977	0.636795494694	17	0
-107.0	0	1.52053706827	0.619661791441	16	0
-81.5	0	1.43063146333	0.675987834342	16	0
-81.5	0	1.19831678139	0.603733387054	16	0
-107.0	0	1.22074213801	0.566537294239	16	0
-86.0	0	1.23225477699	0.577454119235	16	0
-81.5	0	1.10646539531	0.584261786007	16	0
-86.0	0	1.18165491129	0.568282630525	16	0
-81.5	0	1.35616722225	0.6009434095	16	0
-81.5	0	1.40362555172	0.628461528235	16	0
-81.5	0	1.30980087244	0.638968815035	16	0
-80.0	0	1.29020984192	0.595535501753	17	0
-80.0	0	1.29228770905	0.633080183407	18	0
-80.0	0	1.28122941717	0.653095498223	19	0
-81.5	0	1.12788917545	0.657747373027	20	0
-86.0	0	1.21883098141	0.726337785316	21	0
-110.0	0	1.08871508032	0.728306173537	22	0
-110.0	0	1.12421415698	0.766060817581	23	0
-110.0	0	1.02934138247	0.880524955143	24	0
-138.5	0	1.00259701375	0.875730107566	24	0
-155.0	0	0.953867131955	1.0247105204	24	0
-155.0	0	0.827863776222	1.0885374284	24	0
-155.0	0	0.742438229297	1.15336980437	24	0
-155.0	0	0.863490279414	1.279487222	24	0
-183.5	0	0.679894670069	1.31564993755	24	0
-147.5	0	0.594645114834	1.32803021898	24	0
-183.5	0	0.525736043223	1.33931713317	24	0
-212.0	0	0.405743351852	1.32041463338	24	0
-212.0	0	0.549320490943	1.15057696275	23	0
-212.0	0	0.597589326566	1.13562863023	22	0
-212.0	0	0.583223693908	1.14436513592	21	0
-212.0	0	0.796769748621	1.14984733033	20	0
-212.0	0	0.7456258845	1.15311085415	20	0
-194.0	0	0.584546120005	1.16827656696	20	0
-194.0	0	0.444112375182	1.13724757092	21	0
-194.0	0	0.514072244173	1.12619545362	22	0
-194.0	0	0.513238059226	1.19088793263	23	0
-194.0	0	0.428025400315	1.24924221511	24	0
-194.0	0	0.29643486793	1.2187297441	24	0
-194.0	0	0.162345713064	1.1528142374	24	0
-194.0	0	0.257899330661	1.11014363694	24	0
-194.0	0	0.110023702046	1.12931133819	24	0
-212.0	0	0.156843357731	1.06442676037	24	0
-194.0	0	0.371114293699	1.11784267252	24	0
-158.0	0	0.289224316875	1.1247873895	23	0
-158.0	0	0.206042979894	1.1361950567	22	0
-158.0	0	0.208827547857	1.11981990555	21	0
-122.0	0	0.0960699466489	1.13173468685	20	0
-122.0	0	0.0609961471991	1.0959679451	19	0
-104.0	0	0.00460196712523	1.12406849893	18	0
-77.0	0	0.202782667231	1.14075325416	17	0
-77.0	0	0.456756843957	1.1863596081	16	0
-77.0	0	0.459963869249	1.20141584968	17	0
-77.0	0	0.430195500062	1.17927773235	18	0
-26.0	0	0.390189575165	1.17539484093	19	0
-26.0	0	0.422938347411	1.18096045886	20	0
23.5	0	0.291358269499	1.20150133439	21	0
19.0	0	0.330748077081	1.22622249938	22	0
19.0	0	0.297351509327	1.221544328	23	0
35.5	0	0.18698406024	1.28157600211	24	0
44.5	0	0.0794340819722	1.10112017839	24	0
61.0	0	0.0130841713363	1.04557837923	24	0
65.5	0	0.0250680009528	1.10941090525	24	0
65.5	0	0.0756407196368	1.0920086348	24	0
80.5	0	0.148548072085	1.06823108944	24	0
80.5	0	0.169821156995	1.08206699926	24	0
118.0	0	0.181239582729	1.12000839541	24	0
148.0	0	0.198374566324	1.16148701093	24	0
148.0	0	0.107510709694	1.25295451311	24	0
169.0	0	0.00579241499176	1.23072418196	24	0
169.0	0	0.0609413388462	1.29739044077	24	0
169.0	0	0.115447076346	1.2110377569	24	0
148.0	0	0.141338230134	1.16920354658	24	0
148.0	0	0.34577208525	1.1024909039	24	0
148.0	0	0.493336769807	1.05728969315	24	0
148.0	0	0.428567763018	1.0731071772	24	0
148.0	0	0.249418413363	1.08669969971	24	0
148.0	0	0.247061160645	1.10298169609	24	0
148.0	0	0.250973541093	1.13903517056	24	0
110.5	0	0.503111319482	1.16803287794	24	0
110.5	0	0.587936864663	1.1983065969	24	0
70.0	0	0.715792475308	1.2201269604	24	0
70.0	0	0.814736160643	1.24785665102	24	0
70.0	0	0.78244317366	1.36403477447	24	0
70.0	0	0.882640422502	1.4553050737	25	0
62.5	0	0.972936986977	1.38190879889	24	0
62.5	0	1.08549905388	1.30316160618	23	0
52.0	0	1.10184129437	1.33221873769	22	0
46.0	0	1.09239615033	1.37230444341	21	0
46.0	0	1.20664140845	1.3680394685	20	0
52.0	0	1.28534474868	1.31706557063	19	0
61.0	0	1.51256876688	1.33334749571	19	0
61.0	0	1.44241553883	1.31951505731	19	0
61.0	0	1.39482912751	1.33223022994	19	0
52.0	0	1.35472460883	1.28377033734	19	0
61.0	0	1.16637414872	1.20972285388	19	0
52.0	0	0.95624317653	1.18535310976	19	0
52.0	0	1.21125770119	1.1111584994	19	0
61.0	0	1.27446059434	1.07017001272	19	0
52.0	0	1.18687953688	1.04908254795	19	0
46.0	0	1.01873483705	1.14456435843	19	0
46.0	0	0.961872242221	1.12877541418	18	0
41.5	0	0.794003542855	1.08294735206	17	0
41.5	0	0.762759390568	1.04847223165	16	0
28.0	0	0.855665834952	1.01657989076	17	0
10.0	0	0.742933121681	0.947157707729	17	0
10.0	0	0.68331391842	0.92475395615	17	0
10.0	0	0.639485956161	0.901925814181	17	0
-24.5	0	0.742891552214	0.909605170863	17	0
-24.5	0	0.872488081538	0.883344363151	17	0
10.0	0	0.82402892174	0.816284346339	17	0
-24.5	0	0.729744265127	0.857022984762	17	0
-32.0	0	0.80045558365	0.859019646804	17	0
-32.0	0	0.555690599855	0.861815328625	17	0
-32.0	0	0.53524803575	0.897998210921	17	0
-32.0	0	0.252954738764	0.890941802479	16	0
-32.0	0	0.391909640979	0.900631381517	15	0
-32.0	0	0.470595820518	0.838873917078	14	0
10.0	0	0.502126321729	0.793372499449	13	0
28.0	0	0.423813811804	0.790842119704	12	0
41.5	0	0.304752211553	0.79597601494	11	0
46.0	0	0.122644417582	0.807740863535	11	0
55.0	0	0.0506674850508	0.778536479401	11	0
55.0	0	0.0503182039394	0.691047546666	12	0
55.0	0	0.0145923890275	0.582905490771	12	0
67.0	0	0.0223421038081	0.597812397458	12	0
55.0	0	0.0121365887635	0.635602704289	12	0
55.0	0	0.0661642042319	0.579131803233	12	0
67.0	0	0.106010189098	0.503627746098	12	0
50.5	0	0.192872688141	0.467117247563	12	0
50.5	0	0.104175073938	0.519849491453	12	0
53.5	0	0.0686256794786	0.476749396712	12	0
53.5	0	0.0375458137062	0.39027754052	12	0
40.0	0	0.0267489425114	0.341624082982	12	0
37.0	0	0.0441125924948	0.373334698393	12	0
17.5	0	0.173482041987	0.357059017955	12	0
37.0	0	0.391084802112	0.33914309492	13	0
37.0	0	0.0990806194713	0.382345595589	14	0
23.5	0	0.0448612821621	0.430448279312	13	0
23.5	0	0.00699740222333	0.451334117729	12	0
37.0	0	0.0521964564977	0.413218118611	12	0
23.5	0	0.0593265070316	0.397627023849	12	0
23.5	0	0.218575618298	0.428170613385	12	0
37.0	0	0.203819500835	0.41502233875	13	0
37.0	0	0.207403453215	0.494672039982	14	0
56.5	0	0.314804606821	0.563668916452	15	0
56.5	0	0.377165047997	0.571013633784	16	0
37.0	0	0.408070323634	0.560774430152	17	0
56.5	0	0.210090008462	0.563485376386	18	0
37.0	0	0.106205103796	0.521200494591	18	0
37.0	0	0.0994271199575	0.499176049312	18	0
56.5	0	0.0743456056704	0.522654197643	18	0
115.0	0	0.0576579098599	0.559525058077	18	0
136.0	0	0.0902669887811	0.603128676156	18	0
179.5	0	0.00545259542779	0.638063179157	18	0
179.5	0	0.350111301374	0.583117018127	18	0
208.0	0	0.401698370462	0.554449758794	18	0
208.0	0.0848386083266	0.578690827506	0.666914366887	18	0
179.5	0.0850982310508	0.670675399678	0.744043956786	18	0
146.5	0.0857633235231	0.767872012657	0.778634141374	18	0
122.5	0.0860874923569	1.00885212321	0.757099835456	18	0
77.5	0.0864208730053	1.29062623997	0.716366573254	18	0
37.0	0.0867088893624	1.34334100908	0.797863273481	18	0
77.5	0.0865385198315	1.48047758928	0.81120536229	18	0
77.5	0.0865817007632	1.55996828202	0.834219299755	18	0
37.0	0.0868268307468	1.61462604052	0.888049198172	18	0
29.5	0.0868491240417	1.58291977688	0.898345007344	19	0
29.5	0.0867235447339	1.77905157088	0.91404933793	20	1
29.5	0.0866359816977	1.88037583583	0.983608504213	21	1
29.5	0.0865636825033	1.95770386821	1.06321816035	22	1
29.5	0.0866869526192	2.09052964171	1.07362365425	23	1
10.0	0.0869276032839	2.10370592075	1.15407231082	24	1
-6.5	0.0874138796405	2.16951808445	1.2500949634	25	1
-30.5	0.0876145609633	2.25934508063	1.39867867215	26	1
-62.0	0.0876634107893	2.45435707642	1.46784698348	27	1
-62.0	0.0876797541909	2.48116376101	1.55145246277	28	1
-62.0	0.0876920315761	2.50739990104	1.62192888061	29	1
-62.0	0.0876797541909	2.719759621	1.63940368649	30	1
-62.0	0.0875377633912	2.76866902778	1.61575539693	30	1
-30.5	0.0872526666784	2.85825423792	1.62546244679	30	1
-30.5	0.0870943623385	3.03658836256	1.62517796725	30	1
-30.5	0.0872254358591	3.10546847657	1.68337704698	30	1
-30.5	0.0873506150114	3.28095524973	1.66856601786	30	1
-62.0	0.0875377633912	3.46468598987	1.65648751305	31	1
-30.5	0.087291715024	3.38126765981	1.59010128843	32	1
-62.0	0.0874936051027	3.42666669817	1.60878715998	33	1
-83.0	0.087724854734	3.39723016328	1.59695643015	34	1
-111.5	0.0878407024008	3.50281840739	1.62345589495	35	1
-143.0	0.0880301097035	3.61182150036	1.62332716715	36	1
-146.0	0.0881371021555	3.83780130319	1.74948250357	37	1
-156.5	0.088909957166	3.97169487299	1.80500746526	37	1
-180.5	0.0891524166315	4.01965891152	1.84678602298	37	1
-180.5	0.0884169805093	4.14073728919	1.8629269658	37	1
-180.5	0.0884838593711	4.22951322579	1.86179967474	38	1
-180.5	0.0880599385103	4.36629625874	1.85597167752	39	1
-180.5	0.0880258565793	4.43442800925	1.88822290329	40	1
-180.5	0.0878615495534	4.37023293981	1.88763111054	40	1
-180.5	0.0878365388356	4.29636115561	1.80921317904	40	1
-180.5	0.087886630876	4.38940523184	1.76034760363	80	1
-180.5	0.0878699021314	4.37110248652	1.76080474637	80	1
-180.5	0.0878365388356	4.31175245898	1.72216779536	80	1
-162.5	0.0874696116326	4.17427575711	1.76258023509	80	1
-155.0	0.0873113045134	4.1482474868	1.69638928132	40	1
-155.0	0.0874976103702	4.05196494426	1.64763616219	40	1
-155.0	0.0873901020627	3.92786705347	1.65481141573	39	1
-146.0	0.0870257573374	3.88143671253	1.63499128342	38	1
-146.0	0.0870295546276	3.89236320519	1.64910563477	38	1
-146.0	0.0868528451508	3.71954001622	1.66996780784	38	1
-155.0	0.0872760748353	3.76968275834	1.58972394938	37	1
-152.0	0.0871750876212	3.65831342762	1.51111349449	36	1
-162.5	0.0877825894463	3.5455445793	1.52990184615	35	1
-162.5	0.0877619267184	3.54565254728	1.46671818893	34	1
-152.0	0.0874696116326	3.30534191408	1.45507953935	33	1
-152.0	0.0874257925579	3.27512746235	1.32085675084	32	1
-162.5	0.0874496668482	3.19778525553	1.31916581426	32	1
-162.5	0.0874099122475	3.15803041475	1.31089677488	32	1
-162.5	0.0871557996886	3.14820831838	1.29651977718	32	1
-116.0	0.0867639750571	2.97410038796	1.29435100012	32	1
-162.5	0.0869992224438	3.08310289829	1.2176163268	31	1
-162.5	0.0870599925193	3.04313192481	1.18630259233	30	1
-176.0	0.0873506150114	2.92236054928	1.10516634385	29	1
-176.0	0.0873427388336	2.8865307961	1.01654034798	28	1
-162.5	0.0856041426168	2.82718985574	1.01445229374	27	1
-174.5	0.0857273284957	2.54737708116	1.01796820456	26	1
-174.5	0.085691485253	2.48683438474	0.982673023614	25	1
-116.0	0.0855176906285	2.39479031981	0.956323348697	24	1
-66.5	0.0852480751671	2.38427319699	0.951444001174	23	1
-66.5	0.0851651775909	2.09292732761	0.951871366548	22	1
-66.5	0.0850921714023	1.86681439376	0.967621827516	21	1
-59.0	0.0849599559235	1.72263414089	0.921057386796	20	1
-38.0	0.08478880636	1.53490802628	0.878784458484	20	1
62.5	0.0846583973586	1.46408974049	0.821338941613	20	1
62.5	0.0847858860779	1.41052051969	0.807844151966	20	1
62.5	0.0848386083266	1.16954953471	0.798450059826	20	0
62.5	0.0848827995266	1.08491013362	0.814152947629	21	0
62.5	0.0848798461566	1.03464244142	0.837351912065	22	0
-38.0	0.085306904043	0.715670111231	0.793201624118	23	0
-38.0	0.0852357423584	0.462999142354	0.793466869072	24	0
-38.0	0.0852666083364	0.361630735138	0.813330924116	25	0
-38.0	0.0852019200795	0.287808240234	0.781414496069	26	0
62.5	0.0848827995266	0.163554638402	0.813872902615	27	0
38.5	0.084962937747	0.147870943876	0.797359718573	28	0
121.0	0.0847917276659	0.062888133483	0.825437233544	29	0
121.0	0	0.118606149988	0.878778300547	30	0
20.5	0	0.0643688698029	0.891922177765	31	0
20.5	0	0.172833613371	0.919330589307	32	0
17.5	0	0.326199625596	1.00114002282	33	0
-78.5	0	0.324141657694	0.992016853602	34	0
17.5	0	0.452383848639	1.07194337539	35	0
17.5	0	0.448600279009	1.09780276371	36	0
17.5	0	0.47630880629	1.0832725753	36	0
17.5	0	0.509990717725	1.11120443207	36	0
17.5	0	0.450571081091	1.12331922754	36	0
17.5	0	0.40902445925	1.14777239223	36	0
118.0	0	0.416168813686	1.1295802469	35	0
142.0	0	0.405167244533	1.08814642359	34	0
142.0	0	0.409286503284	1.06351813312	34	0
142.0	0	0.39703371472	1.04505349248	35	0
142.0	0	0.490163577758	1.11414239217	36	0
118.0	0	0.38941097945	1.07220716486	37	0
118.0	0	0.404819499929	1.1488947802	37	0
142.0	0	0.401552863165	1.14256743994	37	0
142.0	0	0.508257951844	1.14409749727	36	0
142.0	0	0.434401790314	1.14904818383	35	0
118.0	0	0.378785366024	1.17294511016	34	0
118.0	0	0.375410778217	1.1582684489	33	0
118.0	0	0.33226386201	1.1280307714	33	0
118.0	0	0.348144527746	1.11537047844	33	0
142.0	0	0.128029153004	1.11987486559	33	0
146.5	0	0.0434618801414	1.09814479325	33	0
146.5	0	0.0101310083186	1.09971400168	33	0
146.5	0	0.020001350154	1.10496420439	33	0
118.0	0	0.0318857044703	1.13310112902	33	0
118.0	0	0.0743214601662	1.09612924987	33	0
118.0	0	0.0443883453482	1.08847654073	33	0
118.0	0	0.175640147022	1.04331036293	33	0
146.5	0	0.0905472252374	1.10313774032	33	0
146.5	0	0.068261083411	1.11635130385	33	0
146.5	0	0.0428910727086	1.01193079828	32	0
146.5	0	0.0132059434281	0.993469097202	31	0
118.0	0	0.116350268679	1.02130649533	30	0
107.5	0	0.160723439842	1.03514894423	29	0
55.0	0	0.2353802757	1.04393879138	28	0
55.0	0	0.242041561939	0.961046594527	27	0
55.0	0	0.46262529771	0.948466026332	26	0
55.0	0	0.45088494396	0.885994860126	25	0
107.5	0	0.568133045181	0.803303228462	24	0
107.5	0	0.570263542795	0.824464489826	23	0
107.5	0	0.595859097606	0.822383878098	23	0
55.0	0	0.701125017722	0.826912278248	23	0
107.5	0	0.722636590305	0.840015853723	23	0
146.5	0	0.669167914902	0.772747825345	23	0
107.5	0	0.855962425881	0.664265484663	23	0
146.5	0	0.80479045843	0.662664841192	23	0
191.5	0	0.777170464501	0.644453298295	23	0
191.5	0	0.829021520034	0.676860759884	23	0
115.0	0	0.953830356982	0.686874662972	23	0
55.0	0	0.871099978297	0.708285438722	23	0
29.5	0	0.871313297007	0.693845886224	23	0
106.0	0	0.706428475947	0.748941531739	24	0
106.0	0	0.568508952552	0.749061392335	25	0
94.0	0	0.614552732963	0.75857029748	25	0
29.5	0	0.549292944332	0.788683574795	25	0
94.0	0	0.424891472255	0.782774003466	25	0
124.0	0	0.345114851488	0.784882687766	25	0
124.0	0	0.375633648264	0.788974680337	25	0
124.0	0	0.365230116323	0.828467776569	25	0
146.5	0	0.668971734779	0.817927541172	25	0
124.0	0	0.680349687092	0.801830064729	25	0
124.0	0	0.596150906674	0.845775090957	25	0
124.0	0	0.508516709075	0.84031529667	25	0
14.5	0	0.536606878757	0.82807408295	25	0
10.0	0	0.568148393665	0.772719582894	26	0
124.0	0	0.713418782799	0.81398307888	27	0
10.0	0	0.897814312918	0.843481724815	28	0
2.5	0	0.906403921036	0.824656700345	28	0
-92.0	0	0.958308136017	0.779112247041	28	0
-92.0	0	1.11396226856	0.82205076265	28	0
-69.5	0	1.16055132103	0.936805945506	28	0
25.0	0	1.06434468066	0.992815578977	27	0
104.5	0	0.88217171873	0.978510295975	27	0
124.0	0	0.872949642394	0.971205449927	28	0
124.0	0	0.827298887423	0.982226632711	29	0
134.5	0	0.719049535773	1.08359445135	30	0
140.5	0	0.601985786035	1.11747873552	31	0
134.5	0	0.641290779733	1.16160900011	32	0
122.5	0	0.620814284661	1.14885910738	33	0
134.5	0	0.697747582597	1.12857112839	33	0
122.5	0	0.706584220205	1.16518309237	33	0
122.5	0	0.612488365795	1.16706984553	33	0
122.5	0	0.626445833821	1.16676384053	33	0
122.5	0	0.627077900216	1.25434341347	33	0
134.5	0	0.576536948097	1.36232881633	33	0
122.5	0	0.747560187594	1.36653128047	32	0
104.5	0	0.788452516965	1.40821625009	31	0
104.5	0	0.786066976364	1.36105184243	30	0
104.5	0	0.705102597862	1.3684783355	29	0
104.5	0	0.75594850644	1.38913821701	28	0
122.5	0	0.674939659728	1.42086565458	27	0
113.5	0	0.735824699842	1.4229381181	26	0
113.5	0	0.906792673012	1.41106328909	25	0
124.0	0	0.870194909791	1.37770949127	24	0
139.0	0	0.891827264283	1.30442318476	23	0
139.0	0	1.05791299926	1.28341510018	22	0
139.0	0	1.09443231546	1.22587868447	21	0
139.0	0	1.05532950765	1.19821821419	20	0
124.0	0	1.04049220445	1.1846647491	19	0
107.5	0	0.975171225201	1.19136768254	19	0
107.5	0	0.685851691314	1.20265110175	19	0
107.5	0	0.728601675681	1.18634640145	19	0
98.5	0	0.814587433986	1.19550360102	19	0
98.5	0	0.81916716416	1.21976273441	19	0
107.5	0	0.867833549363	1.2189842339	19	0
98.5	0	0.76814339563	1.26841915547	19	0
107.5	0	0.65851530823	1.19341092669	19	0
107.5	0	0.706515652841	1.22717430195	19	0
107.5	0	0.626283182679	1.27114874832	18	0
107.5	0	0.569762012273	1.20756024424	17	0
107.5	0	0.511767009931	1.14660426539	16	0
107.5	0	0.545101225619	1.06103373398	15	0
85.0	0	0.623778946623	1.08085247897	15	0
65.5	0	0.621753704484	1.09503528271	15	0
65.5	0	0.605856112151	1.07271056097	15	0
65.5	0	0.635757876397	1.01595624324	15	0
65.5	0	0.838033827254	0.984917563781	15	0
77.5	0	0.947587181999	0.972230780658	15	0
77.5	0	0.766511911834	0.993938142398	15	0
65.5	0	0.694184820501	0.975693626121	16	0
77.5	0	0.652526030766	0.931442485449	17	0
73.0	0	0.499786469695	0.88024425701	17	0
73.0	0	0.546595604272	0.865474109405	17	0
73.0	0	0.593012648185	0.825592792095	17	0
73.0	0	0.55967942228	0.814082423915	17	0
73.0	0	0.504042146159	0.871743361474	17	0
92.5	0	0.491728219592	0.861205915759	17	0
73.0	0	0.427463018311	0.864199578474	17	0
92.5	0	0.348917515813	0.906012929402	16	0
92.5	0	0.430529165081	0.842382491185	15	0
73.0	0	0.488095408295	0.774440470024	15	0
73.0	0	0.237404000384	0.759879627206	15	0
46.0	0	0.261050719631	0.754235372287	15	0
46.0	0	0.261319235829	0.820889012165	15	0
46.0	0	0.292560952184	0.852654142052	15	0
20.5	0	0.278502276426	0.821069567256	15	0
20.5	0	0.299604385572	0.8744912284	15	0
-2.0	0	0.309916085979	0.879229473133	15	0
-2.0	0	0.31790887333	0.875125669009	15	0
-2.0	0	0.203673188728	0.895003118072	16	0
-2.0	0	0.454373825922	0.889738180556	17	0
-24.5	0	0.449270147636	0.884197559973	18	0
-24.5	0	0.44792886593	0.885687045626	19	0
-2.0	0	0.465841964071	0.900705098908	20	0
-2.0	0	0.397525161231	0.952485902907	21	0
10.0	0	0.457317339608	0.909067643371	22	0
-2.0	0	0.456545093721	0.952348641072	23	0
10.0	0	0.525152519603	0.94642165326	24	0
10.0	0	0.70152880767	0.864999816683	24	0
20.5	0.0868045944484	0.87612179587	0.834108345688	24	0
20.5	0.0868157054896	1.01519150974	0.85681259692	24	0
-2.0	0.0870485658797	1.02766796538	0.971582692731	24	0
20.5	0.0871284111857	1.17726317077	0.911982731658	23	0
20.5	0.0872940381087	1.29516891924	0.923526320245	22	0
20.5	0.0874149472584	1.27109739705	0.879621282039	21	0
-2.0	0.0878246237019	1.36095261664	0.924205450444	20	0
-23.0	0.0878553179349	1.37158329156	0.928052248449	20	0
-41.0	0.0880561359145	1.34357127223	0.959584417126	20	0
-23.0	0.0879761616189	1.59314372499	0.885098483653	20	0
-23.0	0.0881197882541	1.57362522687	0.868922514474	20	1
-41.0	0.0885088658889	1.76926928396	0.896184086767	20	1
-41.0	0.0885969298385	2.06027636528	0.965528735069	20	1
-71.0	0.0892626005482	2.13626238273	1.01327240289	19	1
-93.5	0.0902183019286	2.23915600947	1.03424001654	19	1
-108.5	0.0905321171279	2.35460356643	1.10888070823	20	1
-93.5	0.0902654858112	2.32425596127	1.07318584212	21	1
-104.0	0.0905068637844	2.49293592341	1.04426728809	22	1
-104.0	0.0904767955114	2.71660038904	1.07824841466	23	1
-117.5	0.0907773065952	2.84667530156	1.06378412503	24	1
-117.5	0.0906268033337	2.86615365027	1.08702128922	25	1
-117.5	0.0907106286197	2.98431807212	1.15851616188	26	1
-132.5	0.0909213866036	3.33928136263	1.20841789777	27	1
-132.5	0.0907919862508	3.41066600124	1.23073140555	28	1
-132.5	0.090782309606	3.42421511139	1.25486582357	28	1
-164.0	0.0911596180369	3.27668372096	1.25929244709	28	1
-222.5	0.091235524179	3.43432870967	1.33312188076	28	1
-222.5	0.0910515473529	3.42100949756	1.34370481145	28	1
-222.5	0.0906322326666	3.5354511629	1.38858890575	28	1
-263.0	0.0916362493067	3.63557951199	1.41658512442	28	1
-281.0	0.091767955429	3.90833743532	1.41645738995	28	1
-306.5	0.0920447187726	4.04820160869	1.44077320178	28	1
-317.0	0.092269074236	4.04511721024	1.48201015011	28	1
-317.0	0.0922341695492	4.13436018355	1.46913133568	28	1
-317.0	0.0923745929422	4.36970282449	1.4604260318	28	1
-327.5	0.0927959745212	4.4724840723	1.44336411013	28	1
-327.5	0.0926890459568	4.56164006501	1.41335704345	29	1
-365.0	0.0928793737387	4.6979971129	1.44585211065	30	1
-395.0	0.0932937764119	4.68101669336	1.47838844736	31	1
-408.5	0.0938279451652	4.56936817683	1.58918615121	32	1
-416.0	0.0941232784004	4.52618610652	1.66862419334	33	1
-416.0	0.0943403983493	4.40421699542	1.69943808503	34	1
-405.5	0.0940629616796	4.54954275075	1.66505994574	35	1
-416.0	0.0943984781085	4.49882553633	1.71146600026	36	1
-416.0	0.0942662121887	4.44734022913	1.68840950779	37	1
-405.5	0.0921709522961	4.48521570951	1.74559710349	38	1
-395.0	0.0918572354842	4.47264990425	1.71207430895	38	1
-395.0	0.0911950976539	4.4401412274	1.73713008413	39	1
-390.5	0.0907782195939	4.45996827171	1.71766302662	40	1
-390.5	0.0902639128101	4.49502137265	1.79588013322	40	1
-390.5	0.0902966888518	4.76840612729	1.86728016847	80	1
-363.5	0.0901024371039	4.71731299131	1.83861863602	80	1
-363.5	0.0901274643842	4.59004085998	1.85404375421	80	1
-327.5	0.08964736047	4.53872215331	1.79581713651	80	1
-317.0	0.089451142156	4.44205561469	1.82937915837	80	1
-308.0	0.089386656776	4.34468462359	1.79154947779	80	1
-308.0	0.0894213233123	4.3172923989	1.79270656906	80	1
-309.5	0.0895010565626	4.15131977659	1.80810917859	80	1
-300.5	0.0891668819965	3.77965044627	1.79692129878	80	1
-297.5	0.0888073320356	3.67478649368	1.7575276004	80	1
-297.5	0.0883770907753	3.65197249607	1.71277047692	40	1
-270.5	0.0881027248413	3.56716067798	1.69710398709	39	1
-270.5	0.0882105959825	3.46910944074	1.66362688189	39	1
-228.5	0.0880556711394	3.26257467553	1.68721544726	39	1
-228.5	0.0881113067725	3.29784812812	1.64928506639	39	1
-189.5	0.0876920315761	3.39316889033	1.6777604927	39	1
-134.0	0.0875902368928	3.18917959768	1.6689594414	39	1
-189.5	0.0879201830973	3.12981437471	1.65003395885	39	1
-189.5	0.0878199040704	3.09985999153	1.62364257026	39	1
-134.0	0.0875538758967	3.00909681164	1.60890366032	39	1
-84.5	0.0873113045134	2.79565872623	1.57647575217	39	1
-50.0	0.0869163485785	2.71020933008	1.52881090609	39	1
-50.0	0.0869163485785	2.61933152522	1.41794766146	38	1
-44.0	0.0866033723157	2.54721489526	1.42161987401	37	1
-44.0	0.0867015709489	2.03856036343	1.40665582978	36	1
-9.5	0.086101127791	2.00538155005	1.3425366283	35	1
-9.5	0.0861182026589	1.91535958826	1.3736957021	34	1
4.0	0.0859690999971	1.829391748	1.30722085468	33	1
10.0	0.085697990969	1.78245716001	1.27297401776	32	1
43.0	0.0855496070843	1.66039579118	1.22041422285	31	1
82.0	0.085394354755	1.58296963221	1.20260790384	30	1
134.5	0.0851438184512	1.60894248587	1.21873155963	29	1
134.5	0.0851255537643	1.48572979742	1.17040771813	28	1
184.0	0.0849301960258	1.42502104923	1.16353046879	27	1
184.0	0.0848709923101	1.29568259641	1.13794797366	26	1
134.5	0.085610581694	1.31793331765	1.11938742392	25	0
134.5	0.0856525552786	1.09274375048	1.09857673111	24	0
134.5	0.0851133993504	1.0495721541	1.10318502752	23	0
91.0	0.0851774072444	0.874503579235	1.13355910124	22	0
82.0	0.0855880662887	0.798466838165	1.16474757289	22	0
82.0	0.0854542166559	0.57328133235	1.15308070469	23	0
91.0	0.0851407715758	0.417406875124	1.16775995698	24	0
97.0	0.0849928145842	0.617272669496	1.10994165379	25	0
91.0	0.08522035173	0.540243350323	1.1171055268	26	0
97.0	0.0851316375787	0.382900277103	1.04859748217	27	0
97.0	0	0.344909409167	1.0431835744	28	0
97.0	0	0.333248781412	1.00993811542	29	0
97.0	0	0.248032547174	1.00044742704	30	0
91.0	0	0.308634724176	1.00772038115	31	0
82.0	0	0.241002668676	1.01089729231	32	0
82.0	0	0.150895274867	1.04449057626	33	0
61.0	0	0.145742074729	1.04214062243	33	0
82.0	0	0.142501881738	1.02007814816	33	0
82.0	0	0.274520889506	0.960451496821	33	0
82.0	0	0.234824514422	0.937168160701	33	0
61.0	0	0.187077935954	0.915801479026	33	0
61.0	0	0.19334816951	0.898061010454	33	0
61.0	0	0.185420941506	0.904234498825	33	0
61.0	0	0.114464369776	0.895378728159	33	0
61.0	0	0.128915010335	0.885092781649	33	0
40.0	0	0.121065542209	0.878253610202	34	0
40.0	0	0.0575770661837	0.892216847317	35	0
61.0	0	0.140331522181	0.927700501199	35	0
40.0	0	0.153099921096	0.919788513822	35	0
40.0	0	0.461612566074	0.94615258216	35	0
22.0	0	0.469816931233	1.05495995303	36	0
13.0	0	0.432965840226	1.08122746276	37	0
11.5	0	0.513478285607	1.1296245639	38	0
-2.0	0	0.541955661209	1.20500605976	39	0
-2.0	0	0.615181134414	1.25118698248	39	0
-45.5	0	0.611678216649	1.18587931026	39	0
-83.0	0	0.618758582343	1.20947315342	39	0
-83.0	0	0.640486946183	1.26587113439	39	0
-83.0	0	0.540008733746	1.27767035876	39	0
-66.5	0	0.438615067113	1.29009089872	39	0
-83.0	0	0.363718972861	1.3112378129	39	0
-66.5	0	0.503864245182	1.35910584368	39	0
-66.5	0	0.447217899483	1.35857114788	39	0
-66.5	0	0.565054242288	1.2643030118	38	0
-42.5	0	0.502208747041	1.22248509547	37	0
-42.5	0	0.569841901808	1.24141993991	36	0
-42.5	0	0.601337559937	1.25164842736	35	0
-66.5	0	0.362862264612	1.30705973408	34	0
-66.5	0	0.364163587951	1.27725822418	33	0
-66.5	0	0.463386523398	1.31239468848	32	0
-42.5	0	0.466738886443	1.3037538936	31	0
-9.5	0	0.253274108107	1.28897714863	30	0
-15.5	0	0.171060543856	1.27524835397	29	0
-15.5	0	0.284172071046	1.28909080287	28	0
-42.5	0	0.350230404877	1.23057132758	27	0
-42.5	0	0.365045209354	1.19030117442	26	0
-42.5	0	0.179304846951	1.18300258195	25	0
-42.5	0	0.169304687687	1.20930971948	25	0
-42.5	0	0.145155440452	1.22078851723	25	0
-38.0	0	0.188042729177	1.23959287248	25	0
-15.5	0	0.0999284817384	1.25761682244	25	0
-15.5	0	0.0693965384402	1.24726307857	25	0
7.0	0	0.0190121134609	1.25035514779	25	0
-15.5	0	0.0558681209302	1.27263537142	25	0
-38.0	0	0.00950432415464	1.24460239546	25	0
-38.0	0	0.0349246329428	1.22610155988	25	0
-51.5	0	0.047676977789	1.16529372769	25	0
-51.5	0	0.0143198035946	1.15284798636	25	0
-38.0	0	0.0534112896397	1.13658742176	24	0
-38.0	0	0.0445086636239	1.06860590981	23	0
-38.0	0	0.0808261705705	1.07055537802	22	0
-15.5	0	0.0621570895788	1.05474793098	21	0
7.0	0	0.167298083302	1.04361468479	20	0
19.0	0	0.164792505889	0.99287762731	19	0
7.0	0	0.203901343386	0.886805045413	18	0
7.0	0	0.243607579378	0.947852057227	17	0
19.0	0	0.269157617456	0.885428293489	16	0
40.0	0	0.321886947509	0.856639251765	16	0
40.0	0	0.191146412778	0.872934504834	16	0
83.5	0	0.196838080272	0.86808155404	16	0
118.0	0	0.166270539288	0.817368238831	16	0
83.5	0	0.0222734495864	0.75357735775	16	0
40.0	0	0.0105681162116	0.743965096308	16	0
40.0	0	0.0354773230994	0.834359343477	16	0
40.0	0	0.00959052731836	0.842286403743	15	0
40.0	0	0.118296589871	0.78804200435	14	0
37.0	0	0.131887349669	0.739303243951	13	0
59.5	0	0.141539584791	0.687474981742	12	0
85.0	0	0.096592579224	0.682096333021	13	0
59.5	0	0.101839110318	0.661808178818	14	0
59.5	0	0.138512353883	0.636338274108	15	0
94.0	0	0.0331080810312	0.660729778536	16	0
143.5	0	0.137000167993	0.674254713843	17	0
143.5	0	0.0719341493717	0.634160035158	17	0
179.5	0	0.0747035841233	0.706769670198	17	0
143.5	0	0.167468405069	0.754261116863	17	0
94.0	0	0.270842742128	0.777844045773	17	0
59.5	0	0.384212198751	0.807409659543	17	0
14.5	0	0.522384993612	0.848419602095	17	0
59.5	0	0.452008698152	0.801348196158	17	0
14.5	0	0.405378808287	0.710860002937	17	0
14.5	0	0.461519059976	0.684373773786	17	0
14.5	0	0.600172633962	0.680731147169	17	0
35.5	0	0.607017978252	0.650773578558	17	0
58.0	0	0.631191723854	0.66460993066	16	0
59.5	0	0.733374059132	0.685525899949	16	0
59.5	0	0.515823001145	0.717565900558	16	0
59.5	0	0.520971946811	0.75554772723	17	0
58.0	0	0.542399951571	0.766619033075	18	0
58.0	0	0.387474919759	0.7832633438	19	0
59.5	0	0.36153384927	0.710073241936	20	0
65.5	0	0.401929499481	0.657937296589	21	0
65.5	0	0.449175313674	0.612027003023	22	0
59.5	0	0.441224409096	0.603168013399	23	0
59.5	0	0.524366235733	0.709897538403	24	0
65.5	0	0.447060286508	0.679415479547	25	0
65.5	0	0.426705953675	0.656742456514	25	0
59.5	0	0.460406091565	0.626946373947	25	0
65.5	0	0.28052270806	0.576820917587	25	0
59.5	0	0.482406640542	0.571259798627	25	0
35.5	0	0.604089753809	0.573695645318	25	0
59.5	0	0.357046289838	0.583478603152	25	0
59.5	0	0.409550003152	0.553796325067	24	0
59.5	0	0.335624602403	0.536260364082	23	0
64.0	0	0.328376015478	0.514316920055	22	0
64.0	0	0.382994479835	0.505043687333	21	0
88.0	0	0.451769124356	0.502473463723	22	0
88.0	0	0.467060273493	0.473650588005	22	0
64.0	0	0.53473349202	0.490814481644	22	0
88.0	0	0.560101966078	0.496107475303	22	0
64.0	0	0.630476350839	0.508115359776	22	0
64.0	0	0.757206504453	0.523384096582	22	0
35.5	0	0.764728398147	0.557285906453	22	0
-8.0	0	0.85939005408	0.571201902792	22	0
-41.0	0	0.901455285193	0.5469790685	22	0
-20.0	0	0.813350016348	0.549278438267	22	0
35.5	0	0.808707601429	0.518455717029	22	0
64.0	0	0.74174974896	0.473413837165	22	0
88.0	0	0.6090704578	0.474582058545	22	0
88.0	0	0.609400045602	0.545559053501	22	0
88.0	0	0.686824415455	0.619987870382	22	0
97.0	0	0.686318268334	0.650430944327	22	0
107.5	0	0.652273509959	0.582694460619	21	0
107.5	0	0.636329305488	0.618104865402	20	0
161.5	0	0.596255675638	0.642728881854	19	0
161.5	0	0.533308069902	0.650083852329	18	0
227.5	0	0.67428430574	0.697544564292	17	0
175.0	0	0.690705956614	0.675004715297	16	0
175.0	0	0.644058343573	0.670460602728	15	0
175.0	0	0.766667733357	0.687974392372	15	0
164.5	0	0.784406160449	0.690214460671	16	0
164.5	0	0.695294671767	0.73250751715	17	0
107.5	0	0.595802992974	0.787965312643	18	0
107.5	0	0.641553251386	0.736501274011	18	0
107.5	0	0.597736803873	0.621913164856	18	0
104.5	0	0.550943797148	0.572347811421	18	0
106.0	0	0.618827218746	0.582260092197	18	0
143.5	0	0.415456848493	0.598064652704	18	0
143.5	0	0.436926466222	0.621192335839	18	0
199.0	0	0.387152693728	0.658783939673	17	0
230.5	0	0.357673511487	0.743904192066	16	0
199.0	0	0.370560952979	0.802762015516	15	0
199.0	0	0.353667886198	0.857013769604	16	0
199.0	0	0.38939689957	0.781686769095	16	0
160.0	0	0.568237754256	0.724256977914	16	0
199.0	0	0.551442783993	0.785298563327	16	0
160.0	0	0.505023647678	0.888896293906	16	0
160.0	0	0.499626092397	0.930966692483	16	0
160.0	0	0.413520802821	0.999496524228	16	0
122.5	0	0.455523519585	1.035178088	16	0
122.5	0	0.428132854887	1.00120017638	16	0
95.5	0	0.386979590843	0.962494887585	17	0
106.0	0	0.237764866672	0.910736597568	18	0
125.5	0	0.0467734933672	0.917394801305	19	0
125.5	0	0.0255663558491	0.939565393271	20	0
125.5	0	0.0450700767138	0.933776440087	21	0
106.0	0	0.0761598186739	0.953189511816	22	0
95.5	0	0.110564419468	0.978132520442	23	0
88.0	0	0.132722524373	0.952650789608	24	0
88.0	0	0.141495092054	0.961581274808	25	0
95.5	0	0.237378764284	0.96540426187	26	0
104.5	0	0.368425247561	0.965363256107	27	0
104.5	0	0.283188116677	1.02555778558	28	0
104.5	0	0.286305238156	1.02433971508	28	0
104.5	0	0.292734967861	0.993085270596	28	0
95.5	0	0.290261016302	0.990557486391	28	0
80.5	0	0.304883044241	0.858736485863	27	0
53.5	0	0.324920623376	0.892037615359	27	0
49.0	0	0.414409411735	0.947049347451	27	0
49.0	0	0.555941505417	1.08772757981	27	0
17.5	0	0.625402498709	1.14989087984	27	0
-3.5	0	0.585121445695	1.16249281464	27	0
-47.0	0	0.577625881858	1.16386342371	27	0
-47.0	0	0.32622262155	1.23563145012	28	0
-3.5	0	0.354290125631	1.29343304136	29	0
17.5	0	0.345542003881	1.33643660733	29	0
17.5	0	0.258563309229	1.31995260733	29	0
2.5	0	0.474271844854	1.28728667639	29	0
2.5	0	0.675301441041	1.30921556416	29	0
-11.0	0	0.618913414581	1.27086453933	29	0
-47.0	0	0.391970065092	1.21329810056	29	0
-47.0	0	0.491122853929	1.25336765548	29	0
-11.0	0	0.423874875273	1.22979909685	29	0
-47.0	0	0.39099393129	1.34022760854	29	0
-11.0	0	0.226695034255	1.41626413197	29	0
-11.0	0	0.195322715314	1.41538503028	29	0
2.5	0	0.183321190061	1.33603960095	29	0
-11.0	0	0.257925027593	1.33343010822	28	0
-11.0	0	0.296017020731	1.22500131283	27	0
1.0	0	0.149169883995	1.13395285436	26	0
1.0	0	0.0110742267092	1.15520803085	25	0
-41.0	0	0.140111565839	1.19313052874	24	0
-78.5	0	0.0553906886049	1.16089245241	23	0
-78.5	0	0.227287537883	1.14121514216	22	0
-78.5	0	0.192006347545	1.13756289887	21	0
-78.5	0	0.158970700339	1.14820435693	20	0
-78.5	0	0.249442029772	1.11219095925	19	0
-41.0	0	0.0759886728633	1.03975366004	18	0
1.0	0	0.0961588264465	0.954147475798	18	0
1.0	0	0.0965302236175	0.85172354592	18	0
1.0	0	0.160658589651	0.827855274246	18	0
1.0	0	0.421278735898	0.796630888602	18	0
1.0	0	0.470915629937	0.792275788385	18	0
14.5	0	0.474789266894	0.782585925186	18	0
14.5	0	0.479753678393	0.820707837703	18	0
29.5	0	0.410208148162	0.850544115437	18	0
29.5	0	0.302647967407	0.904136710047	18	0
47.5	0	0.371695821898	0.910470329435	17	0
58.0	0	0.400133208499	0.86595766321	16	0
58.0	0	0.640985308098	0.844955619974	16	0
70.0	0	0.895451619755	0.77316433408	16	0
143.5	0	0.836386451377	0.738906304263	16	0
220.0	0	0.720484203116	0.729161236446	16	0
238.0	0	0.528916037974	0.695680577818	16	0
220.0	0	0.575999381344	0.693087829261	16	0
143.5	0	0.40018084788	0.70383405929	16	0
70.0	0	0.284070531672	0.760211176842	16	0
70.0	0	0.326748333775	0.830030836099	15	0
143.5	0	0.420542656635	0.808948937295	14	0
220.0	0	0.427659130008	0.82416018945	13	0
238.0	0	0.287168106316	0.82870080418	12	0
238.0	0	0.482887891072	0.670723049472	12	0
220.0	0	0.411481021766	0.758684721472	12	0
238.0	0	0.413713761357	0.755895547723	12	0
220.0	0	0.249791617726	0.7754103615	12	0
143.5	0	0.181958700841	0.720189548335	12	0
70.0	0	0.144928232093	0.717621475379	12	0
70.0	0	0.199059792043	0.682196652231	12	0
143.5	0	0.397930302363	0.74249464007	12	0
223.0	0	0.269573959366	0.756150676296	12	0
278.5	0	0.106987449753	0.714094702573	12	0
278.5	0	0.0193401731847	0.734426933999	12	0
278.5	0	0.0695334399834	0.824596198186	12	0
278.5	0	0.0672369138147	0.834372764078	12	0
278.5	0	0.0586525129503	0.829847379835	12	0
260.5	0	0.0320806113003	0.871033763805	12	0
260.5	0	0.0576356109407	0.904252435123	12	0
196.0	0	0.0846718901672	0.957771265584	13	0
196.0	0	0.0708251735917	1.07621898834	14	0
260.5	0	0.127642262295	1.13922142385	15	0
260.5	0	0.211115825834	1.15351752407	16	0
260.5	0	0.466163746466	1.188255051	17	0
260.5	0	0.563643216518	1.22426980923	18	0
260.5	0	0.529632508359	1.2246690294	19	0
260.5	0	0.630091341233	1.18476451	20	0
196.0	0	0.610344461046	1.09732519622	20	0
196.0	0	0.328397357604	1.07957036207	20	0
251.5	0	0.383981523918	1.06052377913	20	0
175.0	0	0.323584366382	1.09333539674	20	0
175.0	0	0.270665162574	0.933648787716	20	0
122.5	0	0.395789550629	1.00742372466	20	0
56.5	0	0.392626661734	1.0463490199	20	0
56.5	0	0.340237746277	0.96874703309	20	0
56.5	0	0.402154898965	0.980970499295	20	0
122.5	0	0.389222420238	1.01259212608	20	0
175.0	0	0.385262472853	1.01824392083	19	0
175.0	0	0.374428188534	1.01527389462	18	0
175.0	0	0.43199280379	0.949208725026	18	0
175.0	0	0.445421701929	0.899251455183	18	0
172.0	0	0.478894417323	0.874362509548	18	0
172.0	0	0.351599723146	0.819457391871	18	0
172.0	0	0.410752073617	0.920739454674	18	0
172.0	0	0.277367742401	0.814211757899	18	0
122.5	0	0.416762650917	0.821943669359	18	0
172.0	0	0.274098339972	0.795979595321	18	0
184.0	0	0.404386979994	0.822075510771	19	0
184.0	0	0.357627142442	0.8122678286	20	0
232.0	0	0.239890404247	0.864038381437	21	0
232.0	0	0.39632487852	0.84689451744	22	0
185.5	0	0.406072635973	0.858880536831	23	0
182.5	0	0.383788241086	0.910622636428	24	0
182.5	0	0.398958184245	0.888271862172	24	0
185.5	0	0.435997163248	0.826652146728	23	0
185.5	0	0.439554338189	0.787417875751	22	0
182.5	0	0.391542617364	0.78739400769	21	0
182.5	0	0.4147566489	0.747479244494	20	0
172.0	0	0.492108699057	0.793258379753	19	0
122.5	0	0.652880415988	0.762820499504	18	0
172.0	0	0.656023861195	0.728911419297	17	0
172.0	0	0.476572716617	0.72308719852	17	0
172.0	0	0.526646355779	0.765191519494	18	0
172.0	0	0.321362611361	0.778381965418	19	0
101.5	0	0.337049328627	0.726490230318	19	0
35.5	0	0.467168948042	0.702112389878	19	0
35.5	0	0.269653240033	0.717889659827	19	0
35.5	0	0.281505494815	0.770160491668	19	0
110.5	0	0.422368036522	0.85190739347	19	0
35.5	0	0.183528184657	0.843946169004	19	0
110.5	0	0.291266704632	0.811021562736	19	0
182.5	0	0.425905380973	0.871218359269	19	0
182.5	0	0.476145726448	0.830957231041	19	0
182.5	0	0.550303011171	0.783007464365	19	0
110.5	0	0.388489772356	0.893381525179	20	0
20.5	0	0.136519025951	0.859140690266	21	0
-0.5	0	0.185881849425	0.838208435147	22	0
-9.5	0	0.193160765055	0.832721939958	23	0
-0.5	0	0.118993586562	0.770875885927	23	0
20.5	0	0.00852337367367	0.805479391381	23	0
14.5	0.0858788765448	0.0861621907883	0.833924578531	23	0
-0.5	0.0860128832237	0.0731741088749	0.883217760274	23	0
-9.5	0.0862629895272	0.184388228657	0.93863132069	23	0
-0.5	0.0861182026589	0.328600534637	0.94903081605	22	0
-0.5	0.086269945405	0.49314848724	0.904042542703	21	0
-0.5	0.0862525662531	0.472639745214	0.886583387794	20	0
-36.5	0.0868528451508	0.621551529681	0.883682034375	20	0
-72.5	0.0870485658797	0.617363219511	0.884095868855	20	0
-38.0	0.0867162139542	0.689138102722	0.884076869759	20	0
-38.0	0.0867418988177	0.933451838971	0.86523402489	20	0
-38.0	0.0866942587043	1.01581115902	0.879485566911	20	1
-78.5	0.0867750342547	1.00813402612	0.932617222913	21	1
-38.0	0.0862456244201	0.959282574548	0.944503679738	22	1
-42.5	0.0863398153453	0.904097821727	0.98450702992	23	1
-83.0	0.0865636825033	1.05525160843	1.05693343499	24	1
-83.0	0.0867529299222	1.11358740903	1.17388025798	25	1
-83.0	0.0868305423307	1.14221188746	1.15401928087	26	1
-83.0	0.086834255499	1.25356425407	1.19050848408	27	1
-83.0	0.0868045944484	1.22624213764	1.18889712099	28	1
-83.0	0.0868864069165	1.29383564555	1.27800947903	29	1
-99.5	0.0870790701798	1.32085759727	1.3061398709	30	1
-138.5	0.0877577999442	1.48369946027	1.35317067971	31	1
-122.0	0.0876980000993	1.47544311369	1.33874703672	32	1
-171.5	0.0878208401487	1.73005542449	1.31936113773	33	1
-171.5	0.0875974816826	1.79892037687	1.35761247249	34	1
-171.5	0.0876013835713	1.8876211058	1.38468790065	35	1
-183.5	0.0882471494986	2.2785959622	1.42630054929	35	1
-210.5	0.088827532178	2.44877104359	1.4416298485	35	1
-246.5	0.0893486743765	2.58903288253	1.45807388496	35	1
-246.5	0.0890250370934	2.8666237357	1.51707272056	35	1
-246.5	0.0890717775358	2.82438775929	1.53024590794	35	1
-275.0	0.0893499688257	3.05950686347	1.54981257051	35	1
-305.0	0.0894517844419	3.17289281467	1.52054895375	35	1
-305.0	0.0893572460372	3.2234069017	1.5903449183	35	1
-305.0	0.0894143527488	3.46575528589	1.57263578515	35	1
-330.5	0.0895276855608	3.83309781964	1.62558264806	36	1
-330.5	0.0895311481845	3.88349206839	1.63055435027	37	1
-345.5	0.0896507117812	3.9437908808	1.63540375088	38	1
-345.5	0.0897092339045	4.10643929667	1.70624435085	39	1
-351.5	0.0904445551999	4.13648835589	1.82583345045	40	1
-351.5	0.0903623936787	4.21874067155	1.82927664394	40	1
-357.5	0.0904342868691	4.36860035437	1.86396906711	40	1
-362.0	0.0905398891046	4.5365854517	1.87721783399	80	1
-386.0	0.0910048208404	4.62429742158	1.92045906861	80	1
-378.5	0.0909290773969	4.69237353569	2.00600299475	80	1
-378.5	0.0909401272397	4.75318597377	2.00889913196	80	1
-399.5	0.0911525862483	4.74542405072	2.06480612465	80	1
-414.5	0.0912121143314	4.72376724761	2.08696507999	80	1
-428.0	0.0920351541213	4.76239541361	2.10107290658	80	1
-428.0	0.0922281950866	4.76689502672	2.10130732964	40	1
-428.0	0.0930650136816	4.80192891417	2.0713081908	40	1
-428.0	0.0927803486899	4.89969911357	2.05859479609	40	1
-437.0	0.0940894910223	5.048612219	2.04034317083	39	1
-437.0	0.093948674618	5.09507090085	1.97075823651	38	1
-428.0	0.0935698949694	4.94303994656	1.94891913372	37	1
-428.0	0.0934145281765	4.84989767927	1.89147830054	37	1
-407.0	0.0930489703524	4.89118773468	1.93172083523	37	1
-378.5	0.0922277333303	4.76087621275	1.91519057753	37	1
-362.0	0.0921505553965	4.69311497717	1.87575959617	37	1
-357.5	0.0918869638807	4.59647850512	1.85464221384	37	1
-338.0	0.0916563865591	4.56853811901	1.82775506992	37	1
-338.0	0.0916451865023	4.7018304656	1.80484411646	37	1
-338.0	0.0914364934907	4.71042073564	1.77782790511	37	1
-333.5	0.0912411473949	4.58210663841	1.7880236512	37	1
-333.5	0.0911222106061	4.53271144607	1.79517617174	37	1
-287.0	0.0905800364099	4.33433715373	1.79050969531	37	1
-263.0	0.0901811792661	4.06149401726	1.79839884761	37	1
-225.5	0.0899892412813	3.7013860628	1.78896342146	37	1
-225.5	0.0899839658912	3.48346591279	1.81601578624	37	1
-225.5	0.0896422765952	3.46091300367	1.75441278845	36	1
-263.0	0.0899892412813	3.43879086726	1.71287009404	35	1
-263.0	0.0900103728957	3.28864937028	1.56872827042	34	1
-225.5	0.0889853294193	3.13585608219	1.58867147883	33	1
-167.0	0.0888538358669	3.13749116781	1.53440004273	32	1
-141.5	0.088793427309	3.07224066404	1.55201453598	31	1
-141.5	0.0887980598461	2.6812574444	1.53038088635	30	1
-107.0	0.0887426252636	2.67948223824	1.51712359488	29	1
-99.5	0.0886418694882	2.63645103089	1.56816318076	28	1
-99.5	0.0884436723909	2.52276899476	1.5689452007	27	1
-68.0	0.0880216054833	2.5761561935	1.48208279891	26	1
-68.0	0.0879665250032	2.578657635	1.47372138786	26	1
-33.5	0.0877043260095	2.40831331869	1.40823244384	27	0
-21.5	0.0873191525576	2.25211652164	1.40052616506	28	0
-21.5	0.0873113045134	2.00401702662	1.36021416751	29	0
-3.5	0.0868491240417	1.86574950637	1.32726263698	30	0
-3.5	0.0868082965513	1.70687743761	1.29215708438	31	0
31.0	0.0865672831543	1.52645311426	1.26963904858	32	0
31.0	0.0865997566201	1.41553681056	1.32273884941	33	0
31.0	0.0865026997355	1.36173000956	1.29257995305	34	0
31.0	0.086542110019	0.999845711633	1.26542764759	34	0
55.0	0.0863749641525	0.883579700904	1.3025563608	34	0
31.0	0	0.890554039609	1.28315851501	34	0
55.0	0	0.80191069922	1.28462364329	33	0
68.5	0	0.837784054084	1.32485024439	32	0
55.0	0	0.819033007893	1.3064607861	31	0
31.0	0	0.77720672776	1.36531887677	30	0
31.0	0	0.727255932729	1.34833304217	29	0
31.0	0	0.785813656921	1.32241070555	28	0
62.5	0	0.749076418951	1.30265890641	27	0
85.0	0	0.598701521472	1.27649466824	27	0
124.0	0	0.620629863469	1.25300790915	28	0
124.0	0	0.490296460074	1.22167982757	29	0
124.0	0	0.428818216867	1.19145480742	30	0
92.5	0	0.379636230146	1.18428699311	31	0
-3.5	0	0.432082529489	1.10117427847	31	0
-32.0	0	0.460353133867	1.08509678601	31	0
-3.5	0	0.486872288152	1.04416496944	31	0
-3.5	0	0.646349099904	1.04836486725	31	0
92.5	0	0.806090178607	0.982845886478	31	0
-3.5	0	0.88334114861	0.996029313814	31	0
-3.5	0	0.719182132633	1.03444364987	31	0
-3.5	0	0.600478748287	1.18218273741	31	0
-3.5	0	0.560429950967	1.21444060457	30	0
-12.5	0	0.498953509148	1.25385092143	29	0
16.0	0	0.471160281618	1.24710972628	28	0
121.0	0	0.714566060535	1.25912460862	27	0
121.0	0	0.650675006551	1.30051695629	26	0
182.5	0	0.62052339237	1.26445904375	27	0
182.5	0	0.645800095947	1.22721644136	28	0
121.0	0	0.64320520478	1.14141207039	29	0
16.0	0	0.596356066088	1.20216235504	30	0
-44.0	0	0.770186119696	1.23961206098	31	0
-56.0	0	0.849849509814	1.2670605734	32	0
-44.0	0	0.970888581248	1.27324236702	32	0
-56.0	0	0.922546200029	1.31532192398	32	0
-44.0	0	0.899955886142	1.30564228237	32	0
-44.0	0	0.879259056095	1.2301344151	32	0
-44.0	0	0.896113751268	1.12308237518	32	0
-44.0	0	0.908561101804	1.15249737276	32	0
-32.0	0	1.19262689463	1.17546190201	32	0
-32.0	0	1.19174834421	1.15070003862	31	0
-24.5	0	1.04581523528	1.15297381731	30	0
-24.5	0	1.01748883144	1.14301729733	29	0
-24.5	0	1.0032189262	1.12056059511	28	0
23.5	0	0.974267310885	1.11730051431	27	0
23.5	0	0.841180816082	1.0369021112	27	0
-24.5	0	0.980476893126	1.00298391264	28	0
-24.5	0	1.00828658822	0.990091977832	29	0
-24.5	0	0.899932205639	0.989377110332	30	0
-24.5	0	0.914162488481	0.972759494994	31	0
-24.5	0	0.886672744952	0.948549058477	31	0
23.5	0	0.763628693056	0.964216953609	31	0
23.5	0	0.770021191029	0.973353933941	31	0
85.0	0	0.749399376111	0.97126413856	31	0
122.5	0	0.681411622748	0.982401860407	31	0
146.5	0	0.706219842949	0.928140937981	30	0
146.5	0	0.581601058692	0.920806032219	29	0
160.0	0	0.576067607754	0.949893475141	28	0
146.5	0	0.643794204729	0.881714469947	27	0
146.5	0	0.572066570455	0.882677719593	26	0
146.5	0	0.74297449315	0.826321071248	25	0
146.5	0	0.861515928537	0.818887736641	24	0
122.5	0	0.981285895193	0.763885843317	23	0
146.5	0	0.977045306771	0.715372642807	22	0
146.5	0	1.03977062169	0.668929285819	21	0
146.5	0	1.03741740914	0.662509592892	20	0
146.5	0	1.10120258611	0.630276485054	19	0
122.5	0	1.10316005967	0.661851190726	18	0
122.5	0	1.08376273964	0.672045055059	17	0
122.5	0	0.987353391117	0.711109220635	17	0
146.5	0	0.918371809292	0.656761347572	18	0
146.5	0	0.842973045796	0.663304562673	19	0
155.5	0	0.782177707909	0.63349567285	20	0
152.5	0	0.813156611803	0.607782095366	21	0
160.0	0	0.851630135693	0.552665098707	22	0
160.0	0	1.07475808315	0.541990135561	23	0
152.5	0	1.10556791655	0.622261204474	24	0
160.0	0	1.11930980441	0.676745790845	24	0
160.0	0	1.02515300238	0.653014784922	24	0
167.5	0	1.0166185126	0.641651189464	23	0
167.5	0	1.06377597234	0.658908061228	22	0
160.0	0	1.11477911536	0.650957735786	21	0
152.5	0	1.12471791913	0.64810812377	20	0
152.5	0	0.946969825869	0.594874308176	19	0
146.5	0	0.950255115551	0.569914353581	19	0
152.5	0	1.18403643959	0.597221160228	19	0
160.0	0	1.09889649767	0.64906416103	19	0
152.5	0	1.06348396242	0.708306821194	19	0
151.0	0	1.18890239304	0.754304397249	19	0
131.5	0	1.33444852581	0.714935720198	19	0
137.5	0	1.35235122283	0.72095622275	19	0
137.5	0	1.39841791915	0.733703351426	19	0
82.0	0	1.4323877317	0.756822760659	19	0
82.0	0	1.45138772739	0.760351559946	19	0
82.0	0	1.3302681139	0.788311461467	19	0
82.0	0	1.24500609196	0.884949749736	19	0
23.5	0	1.26317021453	0.878926544422	19	0
-0.5	0	1.28942379264	0.847926579732	20	0
13.0	0	1.04096060682	0.913243672751	21	0
35.5	0	1.07697868905	0.902269827989	22	0
82.0	0	0.936843914075	0.985888662833	23	0
128.5	0	0.876681539047	0.964955447375	24	0
128.5	0	0.94510554107	0.989475135946	25	0
128.5	0	0.944282465446	0.989367246458	26	0
148.0	0	0.91088444799	1.01116368389	27	0
128.5	0	0.89147365498	1.05630726124	28	0
148.0	0	0.702483336178	1.03498075021	28	0
148.0	0	0.699774381424	1.02124768134	28	0
128.5	0	0.693399096648	0.991330836374	28	0
148.0	0	0.799332002842	0.985014944728	28	0
128.5	0	0.837336143004	0.985875684205	28	0
148.0	0	0.74330525564	0.926389244618	28	0
148.0	0	0.731895470304	0.906848606987	28	0
128.5	0	0.567993752664	0.907602194136	29	0
128.5	0	0.581167121756	0.936367378782	30	0
185.5	0	0.390671783229	0.972572633825	31	0
185.5	0	0.547576767065	0.916128694288	32	0
128.5	0	0.635258394443	0.873780253865	33	0
92.5	0	0.898299619178	0.899264336567	34	0
92.5	0	0.828071344294	0.911313741419	34	0
139.0	0	0.783630632776	0.881708961625	34	0
139.0	0	0.702520436177	0.911615187517	35	0
139.0	0	0.746188833582	0.935839749642	36	0
139.0	0	0.878392718393	1.01522944464	37	0
185.5	0	0.833640120109	1.02489884363	38	0
139.0	0	0.905481390034	0.949327942825	37	0
101.5	0	0.90435628621	0.951373668713	36	0
101.5	0	0.885275063419	0.857220418918	36	0
101.5	0	0.874447821788	0.821313393331	36	0
101.5	0	0.707525261093	0.903026761291	36	0
101.5	0	0.7253555519	0.954853903685	37	0
62.5	0	0.742759829424	0.970047992317	37	0
62.5	0	0.716072237152	1.00070014483	37	0
53.5	0	0.751688519828	1.0337999714	37	0
53.5	0	0.738449324363	1.05933732096	37	0
44.5	0	0.762454099319	1.05248647659	37	0
44.5	0	0.840775650081	1.06545873637	37	0
44.5	0	0.87002030434	1.03799382698	36	0
44.5	0	1.06380374234	1.08799860908	35	0
44.5	0	0.917167433054	1.11432175375	34	0
17.5	0	1.09244171012	1.10892141249	33	0
17.5	0	1.05593352079	1.02161156257	32	0
17.5	0	1.03752605041	1.02505749736	31	0
17.5	0	1.10344642318	1.04401608967	30	0
-26.0	0	1.14676190258	1.0762072096	29	0
-50.0	0	1.20385253682	1.04050850327	28	0
-50.0	0	1.3417974146	1.08993806586	27	0
-66.5	0	1.31683675834	1.08778385898	26	0
-66.5	0	1.32675123314	1.12503724219	25	0
-66.5	0	1.32323179633	1.1330812061	24	0
-32.0	0	1.15398172488	1.12223588869	23	0
-54.5	0	1.1684959114	1.13794181817	23	0
-66.5	0	1.14941794203	1.08923786727	22	0
-99.5	0	1.43820385958	1.00678384831	21	0
-99.5	0	1.43462548821	0.968350060955	20	0
-158.0	0	1.44322515227	0.980634587975	19	0
-158.0	0	1.24367415718	1.0448918207	19	0
-99.5	0	0.938921176549	1.07190544013	19	0
-54.5	0	0.756984796124	1.01460849337	19	0
-54.5	0	0.771360137912	0.994041627328	19	0
-54.5	0	0.586409159458	0.97647437883	19	0
-30.5	0	0.547801133755	0.932004622941	19	0
-54.5	0	0.536799575383	0.889226294775	19	0
-54.5	0	0.573399300333	0.819281692804	19	0
-54.5	0	0.663468641894	0.849848652647	19	0
-30.5	0	0.520443162237	0.921385919877	19	0
-30.5	0	0.502743672474	0.912116855469	19	0
-30.5	0	0.438244339133	0.984081077219	19	0
-98.0	0	0.493623962309	0.985013603818	18	0
-30.5	0	0.643100257736	0.967482002397	17	0
-48.5	0	0.598397537358	0.969714946447	17	0
-26.0	0	0.59323994396	0.959111324683	18	0
-8.0	0	0.571431924301	0.969573501187	19	0
-8.0	0	0.610991317703	1.01291437858	20	0
-8.0	0	0.71554001279	1.02099400414	21	0
-8.0	0	0.749013778849	1.03421258939	22	0
2.5	0	0.710813730857	1.05957663817	23	0
13.0	0	0.676051741671	1.10025593876	24	0
22.0	0	0.685749896675	1.05058232485	25	0
13.0	0	0.888062389272	1.04667524601	26	0
22.0	0	0.811870276539	1.05057713463	27	0
13.0	0	0.887940057972	1.12140107409	28	0
13.0	0	0.84114753694	1.11224292361	28	0
2.5	0	0.780081094699	1.15229186384	28	0
2.5	0	0.594107176846	1.17974102023	28	0
2.5	0	0.46288248085	1.17266334473	28	0
2.5	0	0.469896430498	1.13884796252	29	0
13.0	0	0.449961710851	1.10722789256	30	0
13.0	0	0.524766775175	1.10260268366	31	0
2.5	0	0.345482743454	1.08917237813	32	0
-21.5	0	0.388674780334	1.13005922476	33	0
-2.0	0	0.397737478617	1.13951443168	34	0
8.5	0	0.361680787198	1.23269218743	35	0
8.5	0	0.269415229641	1.27355436927	35	0
-2.0	0	0.283836501984	1.24942383157	35	0
8.5	0	0.313207996395	1.22838792087	35	0
22.0	0	0.352091350186	1.15721135226	35	0
8.5	0	0.353076672898	1.09164088822	35	0
8.5	0	0.316058200019	1.16608071999	34	0
8.5	0	0.316136075615	1.20648041934	33	0
8.5	0	0.484007222025	1.23956972204	33	0
8.5	0	0.56151818275	1.273084749	34	0
8.5	0	0.408095504649	1.29049879634	35	0
-2.0	0	0.21539368075	1.36708844506	36	0
8.5	0	0.11308196589	1.35922180791	36	0
8.5	0	0.0773738744636	1.35258984055	36	0
8.5	0	0.0654142591951	1.33623087494	36	0
35.5	0	0.131597661061	1.32672756803	36	0
82.0	0	0.20267205637	1.34419028355	36	0
77.5	0	0.161466472609	1.3592165893	36	0
101.5	0	0.0693179232313	1.32996333391	36	0
101.5	0	0.0172886553303	1.30216705078	36	0
101.5	0	0.0334182469963	1.27100975603	36	0
101.5	0	0.116932521957	1.23687643147	36	0
101.5	0	0.0687325959924	1.22963728212	36	0
101.5	0	0.0188790394165	1.27682052467	36	0
115.0	0	0.00192220129143	1.27682052467	36	0
115.0	0	0.0440463963479	1.26142352274	36	0
106.0	0	0.211883626629	1.30125414931	36	0
115.0	0	0.259230772326	1.29991752494	36	0
115.0	0	0.314859823643	1.28855912819	36	0
149.5	0	0.374706502134	1.2692867684	35	0
181.0	0	0.372562589352	1.23719336521	34	0
181.0	0	0.38758937931	1.20553322634	33	0
181.0	0	0.227939758578	1.15217813802	32	0
181.0	0	0.068933209498	1.12430979075	31	0
149.5	0	0.103189684691	1.14417004479	30	0
149.5	0	0.137905822607	1.16055712699	29	0
181.0	0	0.253499517958	1.18239478407	30	0
181.0	0	0.108314655285	1.1531158739	30	0
181.0	0	0.0501705661361	1.05304000717	30	0
181.0	0	0.04427908726	1.00652613769	30	0
170.5	0	0.150870643951	0.963203579543	30	0
170.5	0	0.131724181839	0.960463096112	30	0
170.5	0	0.162306515738	1.006337211	30	0
170.5	0	0.168869642278	0.971311280712	30	0
170.5	0	0.127528239937	0.965104593766	30	0
170.5	0	0.0628614655844	0.996584868767	29	0
170.5	0	0.100574499406	1.02261363055	28	0
136.0	0	0.0139397933619	1.01965069358	27	0
136.0	0	0.034644810071	1.03103736505	26	0
106.0	0	0.194097882283	1.01316279999	25	0
106.0	0	0.0483148016475	1.04017989322	24	0
115.0	0	0.253709403413	0.961780030689	23	0
106.0	0	0.355620444864	0.939143324256	22	0
106.0	0	0.42744800217	0.890449592073	21	0
106.0	0	0.362902067842	0.833917955641	20	0
106.0	0	0.586302179145	0.83673927578	19	0
115.0	0	0.607010729611	0.775607472584	18	0
145.0	0	0.558138737271	0.732556183547	17	0
115.0	0	0.477238172853	0.747470070205	16	0
107.5	0	0.291254232209	0.728377145237	15	0
107.5	0	0.23096150947	0.713023460425	14	0
116.5	0	0.0956481254472	0.688329812798	13	0
107.5	0	0.108411627702	0.665328589747	12	0
116.5	0	0.0322932126727	0.532943898144	11	0
107.5	0	0.148064323995	0.490202224149	11	0
40.0	0	0.297311653046	0.477007516985	11	0
-33.5	0	0.349578189248	0.435755363876	11	0
-50.0	0	0.307549635937	0.410628467823	11	0
-90.5	0	0.560428665536	0.412531079078	11	0
-137.0	0	0.679291674456	0.470487300539	11	0
-137.0	0	0.651085804418	0.469140626492	11	0
-114.5	0	0.681851554475	0.476075281156	10	0
-83.0	0	0.499302793559	0.48416901523	9	0
-50.0	0	0.415606684607	0.540722042603	9	0
-38.0	0	0.465068840115	0.441360589823	9	0
-50.0	0	0.615648150674	0.395314403286	9	0
-50.0	0	0.603206652371	0.395318010432	9	0
-83.0	0	0.634600489212	0.474129265782	9	0
-83.0	0	0.678656103387	0.584046383445	9	0
-69.5	0	0.59895794481	0.626093239582	9	0
-69.5	0	0.587621984319	0.61349201364	9	0
-50.0	0	0.529595782073	0.640959308622	9	0
-38.0	0	0.786125714008	0.660624767964	9	0
-50.0	0	0.794455715779	0.699580182663	9	0
-69.5	0	0.645476647628	0.780856629082	9	0
-50.0	0	0.631112228725	0.813389778345	9	0
-38.0	0	0.652092399024	0.763082704078	9	0
-30.5	0	0.82440688246	0.736540878201	10	0
-30.5	0	0.795147216431	0.750122717337	11	0
-30.5	0	1.0797256692	0.817288794335	12	0
-30.5	0	1.05551863298	0.762814111793	13	0
-30.5	0	1.0450651424	0.806099733128	14	0
-12.5	0	1.08208178836	0.813453238134	15	0
-12.5	0	1.05772287425	0.88462109933	16	0
-12.5	0	1.21830150567	1.00574861386	17	0
-30.5	0	1.31951176134	1.06683305769	18	0
-30.5	0	1.39282027916	1.12747251608	19	0
-30.5	0	1.35230501079	1.08319319816	19	0
-38.0	0	1.30398560541	1.12588814699	19	0
-50.0	0	1.29008778258	1.21747537386	19	0
-50.0	0	1.36338225448	1.25162760884	19	0
-50.0	0	1.53647175453	1.25784211872	19	0
-60.5	0	1.54273357382	1.31700572418	20	0
-60.5	0	1.55256941571	1.36108594967	21	0
-38.0	0	1.54029118413	1.34219006972	21	0
-32.0	0	1.48666260523	1.34305791275	21	0
-21.5	0	1.55865255716	1.3097081434	21	0
-21.5	0	1.51391415579	1.29218743894	21	0
-21.5	0	1.42440520039	1.29853952287	21	0
-6.5	0	1.22787660551	1.27941138529	21	0
-21.5	0	1.22700935186	1.37023619739	21	0
-21.5	0	1.26089708344	1.37701804011	21	0
-21.5	0	1.44418036754	1.36555672649	21	0
-32.0	0	1.39914639206	1.4178740008	22	0
-21.5	0	1.34803568597	1.50633738064	23	0
26.5	0	1.19684877215	1.52308748219	24	0
-21.5	0	1.30741051719	1.52611165724	25	0
26.5	0	1.31739266798	1.51225052964	26	0
71.5	0	1.28527701171	1.52031885614	27	0
71.5	0	1.3163180444	1.55380946102	28	0
71.5	0	1.33680125177	1.62495829179	29	0
31.0	0	1.44559415203	1.64473385674	29	0
-9.5	0	1.59710839254	1.65274454314	28	0
-9.5	0	1.61185342123	1.62730454523	27	0
-9.5	0	1.75836789286	1.51201253851	26	0
-21.5	0	1.7521007269	1.47905050624	25	0
-35.0	0	1.75641261042	1.43792469605	24	0
-105.5	0	1.71029351767	1.44588913845	23	0
-171.5	0	1.69012598378	1.45803991073	22	0
-105.5	0	1.62469054272	1.43117084979	21	0
-105.5	0	1.56339050251	1.48691807658	20	0
-105.5	0	1.5899916715	1.50620555255	21	0
-105.5	0	1.6646694659	1.47056484243	22	0
-171.5	0	1.68495279894	1.45680211353	23	0
-105.5	0	1.58151992917	1.39015505583	24	0
-107.0	0	1.41471617004	1.37798314459	25	0
-185.0	0	1.32396820914	1.37373351018	26	0
-185.0	0	1.34670790446	1.42634846264	27	0
-107.0	0	1.41493927286	1.37766264719	28	0
-44.0	0	1.58956573597	1.29038295774	29	0
-44.0	0	1.43311003702	1.2628059876	30	0
-110.0	0	1.38306628738	1.32124278704	31	0
-44.0	0	1.28646113745	1.27474144177	32	0
-110.0	0	1.36953856537	1.23701683616	33	0
-185.0	0	1.11757586347	1.24623535596	34	0
-218.0	0	1.08317898002	1.15700321858	34	0
-218.0	0	1.03174402792	1.20137293131	34	0
-216.5	0	0.96542386839	1.22391154499	33	0
-237.5	0	0.928005221088	1.22538444637	32	0
-237.5	0	0.963762558091	1.22007484974	31	0
-237.5	0	0.933552239292	1.17287012632	30	0
-216.5	0	0.824877840174	1.15819661333	29	0
-216.5	0	0.568702797307	1.15405168086	28	0
-180.5	0	0.606321840082	1.07601610514	27	0
-216.5	0	0.677199930583	1.11294187593	28	0
-237.5	0	0.716181888537	1.14156705095	29	0
-216.5	0	0.692679068213	1.09864229659	30	0
-237.5	0	0.685884196827	0.969392387944	30	0
-237.5	0	0.688485696117	0.938708965441	30	0
-216.5	0	0.625194195888	0.913032378072	30	0
-180.5	0	0.511511049839	0.864686522363	30	0
-180.5	0	0.532857471064	0.815636109535	30	0
-180.5	0	0.337568075027	0.821920344636	30	0
-105.5	0	0.33115508649	0.848083305848	30	0
-39.5	0	0.576986077515	0.929734965383	30	0
-39.5	0	0.540440124138	0.9139967147	29	0
-30.5	0	0.501722376207	0.93910865377	28	0
-27.5	0	0.431950194404	0.933991665079	27	0
-27.5	0	0.500232306007	0.935563878782	26	0
-27.5	0	0.503540021842	0.946016705332	25	0
-27.5	0	0.456879380561	0.95319251953	24	0
-27.5	0	0.401285092811	0.962448788312	23	0
-27.5	0	0.323873530259	0.953056713395	22	0
-27.5	0	0.349329097205	0.864576043499	21	0
-27.5	0	0.371049786011	0.814173126053	20	0
-27.5	0	0.460388607926	0.73000735292	19	0
-27.5	0	0.494725163191	0.690069041191	18	0
-29.0	0	0.544065807887	0.676506269167	17	0
-38.0	0	0.539633439464	0.710317828289	16	0
-29.0	0	0.577961228647	0.719609380061	16	0
-29.0	0	0.628688417882	0.691486124603	16	0
-6.5	0	0.476190761054	0.58463601258	16	0
-6.5	0	0.539891500911	0.578146036924	16	0
-6.5	0	0.455555580701	0.642371376465	16	0
-6.5	0	0.872859047363	0.769877135194	16	0
20.5	0	0.919973698468	0.855050904104	16	0
32.5	0	1.01971998546	0.84149847804	16	0
41.5	0	1.21053424661	0.782936462698	15	0
56.5	0	1.31222674157	0.725027933333	14	0
56.5	0	1.35332528177	0.698793543151	13	0
56.5	0	1.44415728745	0.706525884235	12	0
56.5	0	1.73850557906	0.696620009423	12	0
106.0	0	2.00973661695	0.629198920935	12	0
106.0	0	1.84642437246	0.573402750137	12	0
106.0	0	1.75935184519	0.53654700106	12	0
145.0	0	1.95731431276	0.486777343104	12	0
145.0	0	1.96288794154	0.466188726236	12	0
145.0	0	1.96846977287	0.561338398642	12	0
145.0	0	1.98097347541	0.55500993076	12	0
106.0	0	2.07061443278	0.548052713413	12	0
145.0	0	2.32509145895	0.536323679049	13	0
92.5	0	2.49201070567	0.582991408507	14	0
92.5	0	2.60523424475	0.509890003754	15	0
41.5	0	2.47171442591	0.456409569447	15	0
41.5	0	2.46044659858	0.359701800332	15	0
41.5	0	2.64072295259	0.338813012289	15	0
34.0	0	2.68460080306	0.296923476004	15	0
34.0	0	2.79657655405	0.278111207688	15	0
34.0	0	2.81964662671	0.162793115972	15	0
-26.0	0	2.82512988718	0.0497035012979	15	0
34.0	0	2.80018334983	0.0498521854096	15	0
40.0	0	2.88697194495	0.00533942232633	15	0
31.0	0	2.84596164787	0.0385534336436	14	0
40.0	0	2.80214844231	0.108026766504	14	0
31.0	0	2.8233541183	0.141206287018	14	0
40.0	0	2.86494294059	0.126285147996	14	0
53.5	0	2.68786930273	0.142181172791	14	0
53.5	0	2.65334288077	0.187450594409	14	0
53.5	0	2.72139581564	0.116962295763	15	0
53.5	0	2.68031522253	0.134664783841	16	0
40.0	0	2.81186376882	0.14992746881	17	0
31.0	0	2.98636614962	0.142279636334	17	0
16.0	0	2.9096805973	0.0915579804384	17	0
16.0	0	2.8501575594	0.0519055175131	17	0
50.5	0	2.65016966546	0.0675700913048	17	0
16.0	0	2.58795989899	0.0106333596541	17	0
-18.5	0	2.60187982829	0.0403315778079	17	0
-18.5	0	2.50793307306	0.0119731188968	17	0
-18.5	0	2.45905214096	0.00744511929013	17	0
-18.5	0	2.50943111972	0.0214267156893	17	0
-18.5	0	2.49113276065	0.0257894238334	17	0
-68.0	0	2.19404059771	0.0263235638417	17	0
-68.0	0	2.18736205173	0.0455246735218	17	0
-68.0	0	2.36643888802	0.135468392085	17	0
-18.5	0	2.42625305814	0.142821006659	16	0
-68.0	0	2.28258674428	0.211814159833	15	0
-107.0	0	2.29376415987	0.265636022723	14	0
-107.0	0	2.21387359096	0.269332787908	14	0
-107.0	0	2.15882339649	0.26024165264	14	0
-71.0	0	2.04847086353	0.266688197798	14	0
-71.0	0	1.82986605259	0.278016715845	14	0
-18.5	0	1.57528055197	0.25178928386	14	0
-18.5	0	1.52132633101	0.26840926226	14	0
16.0	0	1.61826839135	0.276079012533	14	0
-18.5	0	1.40732966268	0.292925005146	14	0
16.0	0	1.13638302837	0.32088609141	14	0
38.5	0	1.06925730737	0.337358193793	15	0
38.5	0	1.0158477249	0.316979144729	16	0
52.0	0	0.904090173287	0.397821658497	16	0
52.0	0	0.978965040494	0.452379678136	16	0
80.5	0	1.07272350026	0.413961654029	16	0
161.5	0	0.990716435266	0.444298051686	16	0
205.0	0	0.961326114087	0.476118242338	16	0
205.0	0	0.841471114997	0.511595772178	15	0
205.0	0	0.866108603435	0.467663629276	14	0
161.5	0	0.792186807483	0.441337003725	14	0
100.0	0	1.02010423264	0.355770110764	14	0
100.0	0	0.9926720674	0.381260069694	14	0
100.0	0	0.932493375355	0.476238900116	14	0
100.0	0	0.89809408877	0.471867983702	14	0
139.0	0	0.875599384351	0.487445718913	14	0
182.5	0	0.769450061512	0.504486052858	14	0
182.5	0	0.889352811286	0.625905848644	14	0
182.5	0	0.97054801522	0.663534538733	15	0
139.0	0	0.951298255243	0.725028581476	16	0
139.0	0	0.982501917635	0.671356825298	17	0
182.5	0	0.890839855972	0.764464533866	18	0
235.0	0	0.858392309801	0.827696254248	19	0
182.5	0	0.757317169852	0.827375594056	20	0
139.0	0	0.728132935989	0.849803363347	21	0
139.0	0	0.483769671085	0.889632544577	22	0
182.5	0	0.519901981634	0.886312831405	23	0
182.5	0	0.548495433687	0.868895881604	24	0
182.5	0.0843065493448	0.609922665904	0.782340431365	25	0
139.0	0.0848356705512	0.661498848105	0.74109017471	25	0
139.0	0.0847596495004	0.748717543139	0.746035697504	25	0
139.0	0.0846583973586	0.820727300631	0.745322189779	25	0
139.0	0.0847276944225	1.00205363909	0.808844828695	25	0
100.0	0.0850197952348	1.15825389971	0.806297049804	25	0
34.0	0.0852913828691	1.26939294762	0.840718554402	25	0
-11.0	0.0857797353931	1.2947042664	0.740071339916	24	0
-11.0	0.0859389194303	1.37643252179	0.747095055185	25	0
-11.0	0.0860399386121	1.50655706402	0.760919855399	26	0
-11.0	0.0862734254556	1.52750621615	0.783269070096	27	1
-11.0	0.0859623839822	1.58193760674	0.839307179252	28	1
-11.0	0.0862006387243	1.74417595573	0.84843315474	29	1
-29.0	0.086531343926	1.77336105182	0.879338557876	30	1
-56.0	0.0866833018835	1.80833180327	0.930885742792	31	1
-110.0	0.0875498450124	2.00106821419	0.915076469246	32	1
-159.5	0.0876797541909	2.0503582244	0.952895035539	33	1
-173.0	0.0878365388356	2.10171227291	1.03121335308	34	1
-173.0	0.0876105022998	2.10590172206	1.04052889205	34	1
-192.5	0.0881027248413	2.36403317927	1.04487546306	34	1
-210.5	0.0886875283407	2.500234275	1.04093137711	34	1
-210.5	0.0883197833868	2.44856711547	1.06137530397	34	1
-243.5	0.088524226638	2.5286497376	1.09700674346	34	1
-243.5	0.0884749134023	2.33325585944	1.21134774507	34	1
-243.5	0.0883770907753	2.2268780379	1.18425033649	33	1
-210.5	0.0882192821517	2.12085207012	1.12672080784	32	1
-210.5	0.0879327978843	2.13467942263	1.13343988604	31	1
-210.5	0.0882628398735	2.1260384149	1.1406633809	30	1
-243.5	0.0888026947542	2.38329295471	1.0750395519	29	1
-243.5	0.0888631653344	2.48898720743	0.923525063567	28	1
-210.5	0.0887887971408	2.3189287544	0.91135613565	27	1
-210.5	0.0887610657547	2.3769408257	0.821997713859	26	1
-192.5	0.0885557489875	2.34606863612	0.848022656868	25	1
-192.5	0.0887012711202	2.36072384374	0.723988690678	24	1
-192.5	0.0889617083398	2.32875684645	0.638924981235	24	1
-192.5	0.0890708769715	2.32026663668	0.694203235423	24	1
-189.5	0.0889711494052	2.10621197635	0.662162356137	24	1
-189.5	0.0892007239651	2.29863137136	0.659057364838	24	1
-236.0	0.0898947406243	2.32307418515	0.664988429162	24	1
-236.0	0.0901381825811	2.167365809	0.650544719338	24	1
-236.0	0.0899998010715	2.17374991178	0.642982375679	24	1
-197.0	0.0891331650983	2.08475050172	0.664653448237	23	1
-224.0	0.0892298315529	2.04415569774	0.582751381827	22	1
-224.0	0.0892346918491	1.88772052997	0.518461797699	21	1
-197.0	0.0888912114624	1.71206692976	0.495096062162	20	1
-197.0	0.0889193445577	1.67489580419	0.545026189647	19	1
-183.5	0.0884793852749	1.63960306769	0.52291686496	18	0
-183.5	0.088385939863	1.78274194482	0.658865156637	17	0
-171.5	0.0877991543548	1.66149948797	0.700892102571	16	0
-165.5	0.0872526666784	1.55364558419	0.722525354758	15	0
-171.5	0.0874297671148	1.5256162695	0.793493856816	15	0
-171.5	0.0876186214911	1.40388622279	0.829324895635	16	0
-165.5	0.0875619431905	1.39595097939	0.832438897664	16	0
-150.5	0.0874099122475	1.36466409947	0.846734513321	16	0
-150.5	0.0873663885649	1.42916251662	0.841746183347	16	0
-122.0	0.0872254358591	1.14283792126	0.859764139343	16	0
-66.5	0	1.02138386925	0.856478955817	16	0
-2.0	0	0.947916551814	0.815052002854	16	0
-66.5	0	0.796668050495	0.79943465257	16	0
-2.0	0	0.631024480257	0.790411510962	16	0
43.0	0	0.618329922754	0.740900606313	16	0
43.0	0	0.620195784933	0.76951019953	17	0
64.0	0	0.478956163823	0.775126524617	17	0
64.0	0	0.653296233458	0.746391777552	17	0
64.0	0	0.86356035983	0.68754580361	17	0
43.0	0	1.10449148623	0.644830841462	17	0
43.0	0	1.11569606679	0.594996471527	17	0
38.5	0	1.01111565869	0.599718953801	17	0
59.5	0	0.798214182277	0.691705904041	17	0
64.0	0	0.683346042545	0.807863890596	17	0
79.0	0	0.726951543002	0.795821462372	17	0
94.0	0	0.643910650644	0.825436002297	17	0
94.0	0	0.529673957931	0.745539248642	17	0
94.0	0	0.52262150743	0.854072907464	17	0
103.0	0	0.599024843588	0.901108617882	17	0
