orf_length_med	shannon_slope	at_skew	gc_skew	max_direction	status
130.0	0	0.713086506456	1.201489593	80	0
130.0	0	0.645319946381	1.20326766611	80	0
127.0	0	0.635025961855	1.2164083423	40	0
130.0	0	0.612193857806	1.22284095155	39	0
130.0	0	0.542445302588	1.15482511727	39	0
139.0	0	0.589281317984	1.13501973634	39	0
139.0	0	0.546751941488	1.1337940568	39	0
154.0	0	0.505026107332	1.10689139187	39	0
151.0	0	0.518308063752	1.12361446905	39	0
160.0	0	0.509759884656	1.14282128161	39	0
160.0	0	0.363515695344	1.14200666513	39	0
160.0	0	0.31181768755	1.20212053377	39	0
188.5	0	0.025718631391	1.1771646719	39	0
188.5	0	0.00776106807263	1.16942173604	39	0
188.5	0	0.0619549615058	1.21476674134	39	0
218.5	0	0.0495080013167	1.15960484089	39	0
218.5	0	0.145473461482	1.16669758514	39	0
188.5	0	0.105403574514	1.13188627689	39	0
160.0	0	0.00877895167966	1.11523520173	39	0
151.0	0	0.0363291619735	1.08838817811	39	0
151.0	0	0.163760464523	1.05253343717	39	0
151.0	0	0.341327969713	1.0242381004	39	0
139.0	0	0.466615506913	0.976275106774	39	0
139.0	0	0.532728047222	0.938381582702	39	0
139.0	0	0.566811468814	0.895521761611	39	0
130.0	0	0.649272476916	0.9080929187	39	0
103.0	0	0.777114894454	0.893660542114	39	0
77.5	0	0.917188568345	0.853524831684	39	0
77.5	0	0.952732666898	0.859228017454	39	0
77.5	0	1.09960149607	0.833146200962	39	0
62.5	0	1.06872394283	0.854648322404	39	0
-3.5	0	1.10078497044	0.799127759263	39	0
-74.0	0	1.02627956285	0.830432697558	39	0
-96.5	0	1.05102972717	0.809978322205	39	0
-114.5	0	1.00285764877	0.799370577171	39	0
-129.5	0	1.07290816054	0.833870210775	39	0
-171.5	0	1.17188099661	0.826768238188	39	0
-171.5	0	1.18995701821	0.809815025809	39	0
-171.5	0	1.23557606119	0.787654546498	39	0
-171.5	0	1.27253852129	0.788041954536	39	0
-215.0	0	1.30584412767	0.782575890904	39	0
-239.0	0	1.42718078096	0.781093980943	40	0
-263.0	0	1.46542523541	0.797125237399	80	0
-290.0	0	1.40053302246	0.77408556503	80	0
-287.0	0	1.46860179014	0.799308277433	80	0
-315.5	0	1.52262656692	0.782034277319	80	0
-329.0	0	1.72920663808	0.79472006056	80	0
-348.5	0	1.73585815247	0.799821119028	80	0
-362.0	0	1.80138996776	0.834472795155	80	0
-362.0	0	1.82908785355	0.816553702898	80	0
-362.0	0	1.97535560134	0.83033774077	80	0
-348.5	0	1.99545699168	0.83033774077	80	0
-348.5	0	2.04848773801	0.86834235826	80	0
-348.5	0	2.08029305625	0.893281994559	80	0
-348.5	0	2.11328141891	0.849130855347	80	0
-348.5	0	2.04705658976	0.883338270577	80	0
-348.5	0	2.22615657217	0.870845625808	80	0
-338.0	0	2.19061533015	0.904875911119	80	0
-338.0	0	2.14917320245	0.941249623251	80	0
-338.0	0	2.12303662788	0.95680539535	80	0
-327.5	0	2.05065969609	0.986424614937	80	0
-327.5	0	2.0342617014	1.02075954324	80	0
-317.0	0	1.81033720716	1.09311037783	80	0
-302.0	0	1.69225210483	1.1669784652	80	0
-302.0	0	1.57391928468	1.13402374045	40	0
-275.0	0	1.60540429203	1.13630290473	39	0
-239.0	0	1.56695768143	1.17288266106	39	0
-215.0	0	1.47119889165	1.19981638344	39	0
-207.5	0	1.4864779268	1.22542409857	39	0
-207.5	0	1.39732915086	1.23870797437	39	0
-194.0	0	1.39469297983	1.25773603535	39	0
-194.0	0	1.32040523292	1.29655728448	39	0
-183.5	0	1.30739427605	1.3037808189	39	0
-180.5	0	1.2907891629	1.30121828093	39	0
-179.0	0	1.32095862398	1.30012039599	38	0
-147.5	0	1.27698181642	1.25614396157	37	0
-89.0	0	1.31411139574	1.28275574476	36	0
-89.0	0	1.30256131402	1.25818829204	35	0
-89.0	0	1.37887072995	1.27458709005	34	0
-32.0	0	1.40258971396	1.22519986767	33	0
-32.0	0	1.35563350175	1.18408238008	32	0
1.0	0	1.22493233576	1.20203376526	31	0
1.0	0	1.25043739227	1.19292733567	30	0
1.0	0	1.36024900091	1.23645228195	29	0
1.0	0	1.25391966984	1.24351963086	28	0
13.0	0	1.20736703967	1.2800109561	27	0
55.0	0	1.08574372199	1.24515973943	26	0
107.5	0	1.10801433303	1.23115870776	25	0
142.0	0	1.00073489659	1.15903760402	24	0
142.0	0	1.06370615831	1.12175387385	23	0
142.0	0	0.948026398383	1.12956896237	22	0
160.0	0	0.948729595447	1.10869947154	21	0
160.0	0	1.02604432522	1.06672143194	20	0
160.0	0	1.17271587678	1.00189867894	19	0
160.0	0	1.05810049584	0.952666790398	18	0
143.5	0	1.1750583086	0.917648730203	17	0
160.0	0	1.0953263203	0.880518923919	16	0
160.0	0	1.00301298537	0.901413320672	16	0
143.5	0	0.868212814022	0.865131577472	16	0
128.5	0	0.958227025194	0.902263682102	16	0
143.5	0	0.842606025487	0.881841340069	16	0
143.5	0	0.853269608398	0.893109684229	16	0
160.0	0	0.986196386962	0.846978112342	16	0
167.5	0	1.00329248914	0.815868659208	16	0
167.5	0	1.10415033978	0.861242944954	17	0
167.5	0	1.04305602317	0.860325376499	17	0
175.0	0	0.996218769752	0.777973707553	16	0
175.0	0	1.02442015551	0.751797388726	16	0
196.0	0	1.06742929617	0.717968159335	16	0
196.0	0	0.936030173317	0.692215810434	16	0
196.0	0	0.897957575852	0.663019756049	16	0
223.0	0	1.00608751857	0.668379800128	16	0
196.0	0	1.02035762399	0.66548991836	16	0
178.0	0	0.942381752057	0.714478375612	16	0
170.5	0	0.910837138574	0.737165883612	16	0
161.5	0	0.993565039123	0.781815501788	17	0
158.5	0	0.776365667972	0.794996926279	18	0
158.5	0	0.927449338522	0.79414351144	18	0
145.0	0	0.966816796424	0.810480063071	18	0
145.0	0	0.922848785941	0.838294267266	18	0
161.5	0	0.94953158	0.873566097053	18	0
161.5	0	0.95508932501	0.870240164799	18	0
170.5	0	0.899573337382	0.872734385557	18	0
170.5	0	0.846093025521	0.921258206654	18	0
170.5	0	0.903009837086	0.940342209997	18	0
161.5	0	0.846211175418	0.959680357423	18	0
145.0	0	0.819524708067	0.986168795719	18	0
145.0	0	0.870120687042	0.974041917894	18	0
145.0	0	0.91173119473	0.981414317419	18	0
169.0	0	0.866520244668	1.01520208296	19	0
169.0	0	0.94172144777	0.994003655341	20	0
145.0	0	0.784488064819	0.961962270673	21	0
128.5	0	0.548448639862	0.977382746754	22	0
128.5	0	0.278136438233	1.0161731968	23	0
128.5	0	0.409566259044	1.01984600264	23	0
169.0	0	0.33917959632	1.0179035329	23	0
128.5	0	0.163326148313	0.992432453857	23	0
95.5	0	0.148221740583	1.02649210641	23	0
95.5	0	0.232991025663	1.0580817531	23	0
95.5	0	0.174811067154	1.04789260165	23	0
76.0	0	0.33673217872	1.00253988882	23	0
76.0	0	0.345383410006	0.997943590546	23	0
37.0	0	0.314929297607	1.01143131819	23	0
37.0	0	0.308345560362	1.01942305628	23	0
37.0	0	0.285628161277	1.00963033974	23	0
1.0	0	0.266165020876	0.99341336194	23	0
-20.0	0	0.138720359026	1.0502744849	23	0
-32.0	0	0.111291037092	1.07456690695	23	0
-32.0	0	0.0950413528058	1.08572983202	22	0
-32.0	0	0.091274922377	1.0824442031	21	0
-32.0	0	0.00141009691146	1.07772688012	20	0
-32.0	0	0.044949876727	1.0639684576	20	0
-41.0	0	0.0764635268063	1.07631936768	20	0
-41.0	0	0.106194834226	1.02994655069	20	0
-32.0	0	0.134721649834	1.03123119695	21	0
-20.0	0	0.138551748841	1.0005094038	22	0
-20.0	0	0.0131132828703	1.00254886261	22	0
-20.0	0	0.137407623923	1.01498125565	22	0
-20.0	0	0.269952180936	1.10099369107	22	0
-20.0	0	0.406385106487	1.12617493587	22	0
-20.0	0	0.4206751072	1.13347075883	21	0
-20.0	0	0.399413316453	1.14302337549	20	0
-20.0	0	0.461440124072	1.15923985472	19	0
-20.0	0	0.333981317464	1.04768965037	18	0
-20.0	0	0.33271597672	1.02621865695	17	0
-20.0	0	0.312207610036	1.01859736344	17	0
-20.0	0	0.322728745483	0.996025352083	18	0
-20.0	0	0.416866178364	1.02203256303	19	0
-20.0	0	0.448438300367	1.05208765931	20	0
-32.0	0	0.501295909757	1.06197330257	21	0
-20.0	0	0.521535946544	1.02446225355	22	0
-20.0	0	0.386899779654	1.05335762286	23	0
-8.0	0	0.164048731132	1.05765409551	24	0
-8.0	0	0.0995835257509	1.11161438227	25	0
-20.0	0	0.291948106051	1.20458284382	26	0
-32.0	0	0.232363142386	1.19753714011	27	0
-32.0	0	0.0874630875356	1.23446603198	28	0
-32.0	0	0.163063668962	1.1960409784	28	0
-20.0	0	0.298286451424	1.1426125132	28	0
-20.0	0	0.428710144869	1.10276080742	28	0
-20.0	0	0.476075881848	1.18812041081	28	0
-20.0	0	0.535506079374	1.15914036066	28	0
-20.0	0	0.391085971158	1.20256299899	28	0
-77.0	0	0.434797312091	1.20338671044	28	0
-126.5	0	0.486923386591	1.20873060677	28	0
-75.5	0	0.540833470879	1.19634368614	28	0
-126.5	0	0.69176849313	1.20244463136	28	0
-63.5	0	0.807630342235	1.21111193668	28	0
-126.5	0	0.81548913347	1.209875473	29	0
-149.0	0	0.949371041812	1.22823372229	29	0
-203.0	0	1.2054764867	1.25429351505	29	0
-257.0	0	1.36428398151	1.21103019204	29	0
-281.0	0	1.47105597218	1.15180988635	29	0
-296.0	0	1.65577391587	1.17304255374	29	0
-296.0	0	1.71200955951	1.14754736931	29	0
-296.0	0	1.81700606294	1.17389606451	29	0
-314.0	0	1.98796591711	1.18972315521	29	0
-314.0	0	2.0940224494	1.23763769125	28	0
-314.0	0	2.28730909393	1.18375214172	27	0
-333.5	0	2.47769430315	1.21790860257	26	0
-354.5	0	2.56120023763	1.22084430276	26	0
-354.5	0	2.56120023763	1.2286113014	26	0
-354.5	0	2.52197546716	1.22255771281	26	0
-333.5	0	2.33445676854	1.23273469221	25	0
-333.5	0	2.33517171262	1.1891051631	24	0
-333.5	0	2.27130745018	1.16072672794	23	0
-333.5	0	2.2841267683	1.14408881911	22	0
-314.0	0	2.44415420279	1.14758202893	21	0
-314.0	0	2.4740149638	1.10971687712	21	0
-314.0	0	2.57848369837	1.07236337844	21	0
-333.5	0	2.66595807585	1.04087876668	21	0
-354.5	0	2.83499337574	1.03975030126	21	0
-354.5	0	2.73232915085	1.01052502162	21	0
-354.5	0	2.85760131087	1.0279538421	21	0
-333.5	0	3.02048171688	1.03697533127	21	0
-333.5	0	3.02952544259	1.10012379538	21	0
-308.0	0	3.06054906992	1.15462701239	22	0
-290.0	0	2.97749673741	1.14383345801	22	0
-290.0	0	2.93412582697	1.16483500552	22	0
-308.0	0	2.99727041184	1.24228752115	22	0
-290.0	0	2.95551792492	1.16029006548	22	0
-273.5	0	2.8540726863	1.13223237263	22	0
-228.5	0	3.06444730579	1.05711443667	22	0
-228.5	0	3.13898267852	1.04350442481	22	0
-273.5	0	3.14428975443	1.02541046618	22	0
-273.5	0	3.05648420771	0.987587574487	22	0
-273.5	0	3.13338489976	0.930233504096	22	0
-273.5	0	3.084556048	0.909029560723	22	0
-251.0	0	3.04261265345	0.946425258434	22	0
-225.5	0	2.93284311783	0.950249893701	22	0
-203.0	0	2.80542601894	0.937160088311	22	0
-194.0	0	2.58782006493	0.992743894168	21	0
-185.0	0	2.45925130791	1.04999056046	20	0
-185.0	0	2.46812598122	1.05177467251	19	0
-185.0	0	2.32699144708	1.14774598429	18	0
-185.0	0	2.25731963784	1.13788431834	19	0
-174.5	0	2.11446604244	1.1108239173	20	0
-159.5	0	1.86239403725	1.08577358851	21	0
-132.5	0	1.71833241673	1.06014554709	22	0
-116.0	0	1.63371024703	1.00463791089	23	0
-113.0	0	1.53827024285	0.978001801856	24	0
-116.0	0	1.58259908852	0.989129351897	25	0
-116.0	0	1.72381659012	0.995118005578	26	0
-116.0	0	1.71003945841	1.01581830138	27	0
-116.0	0	1.64972730231	1.00559885915	27	0
-93.5	0	1.71926733448	1.04761536512	27	0
-93.5	0	1.71873450742	1.07756885496	27	0
-65.0	0	1.62387228452	1.05147063352	26	0
-93.5	0	1.68439203567	1.05359076644	25	0
-65.0	0	1.64627464096	1.07771302583	24	0
-51.5	0	1.36337499982	1.12733507109	24	0
-42.5	0	1.21925771536	1.11487718912	24	0
-29.0	0	1.35381028122	1.12240686618	25	0
14.5	0	1.16689348373	1.07269305807	26	0
19.0	0	1.1982943429	1.02600434401	27	0
19.0	0	1.06088674461	0.987395438491	28	0
49.0	0	1.02026694679	0.981014881384	29	0
49.0	0	0.89605272574	0.998549673233	30	0
53.5	0	0.872877877176	1.02247577834	31	0
62.5	0	0.69625550067	0.97886839845	32	0
104.5	0	0.689891303411	0.999882463002	32	0
62.5	0	0.741886988359	0.996568811245	32	0
62.5	0	0.678106563222	1.02009484281	32	0
62.5	0	0.493472939948	1.08417873152	32	0
62.5	0	0.558772023924	1.11705592886	32	0
104.5	0	0.632800884505	1.18429826	32	0
151.0	0	0.566759908755	1.21148073782	32	0
151.0	0	0.45523788925	1.21519529724	31	0
151.0	0	0.499201109869	1.19945057293	30	0
151.0	0	0.63166217545	1.20953370228	29	0
142.0	0	0.653404930643	1.21396754445	28	0
142.0	0	0.605495423047	1.1881883063	27	0
142.0	0	0.602404863907	1.18746354101	26	0
142.0	0	0.477198962714	1.19139347131	25	0
142.0	0	0.477660821254	1.12348465617	24	0
104.5	0	0.440028107179	1.14042462147	23	0
62.5	0	0.527992061102	1.12083504241	24	0
104.5	0	0.676971156668	1.10364371572	25	0
104.5	0	0.720319067447	1.11121281622	26	0
104.5	0	0.776583538167	1.10896863769	27	0
62.5	0	0.811056356948	1.12829763895	28	0
104.5	0	0.815657283342	1.08698839615	29	0
104.5	0	0.70702886558	1.09323593822	30	0
104.5	0	0.788102904262	1.10937687683	31	0
62.5	0	0.862537405909	1.17277590049	32	0
104.5	0	0.89235425287	1.17241793521	32	0
62.5	0	0.868486757688	1.17936267318	32	0
53.5	0	0.838266502246	1.16647926127	31	0
53.5	0	0.73310335272	1.17533440293	30	0
53.5	0	0.709584570962	1.19151511328	29	0
35.5	0	0.936939074102	1.16548097115	28	0
11.5	0	0.933412508387	1.2152042253	27	0
11.5	0	0.764340629836	1.22440763496	26	0
11.5	0	0.868218292503	1.20469580305	25	0
11.5	0	0.904486438138	1.17551465353	26	0
44.5	0	0.980279718084	1.17818028714	27	0
44.5	0	1.0058982148	1.1484326541	27	0
11.5	0	1.08345815863	1.14496651176	27	0
11.5	0	1.07649530347	1.12958288632	27	0
-6.5	0	1.13503584647	1.12797860144	27	0
-15.5	0	1.19699372949	1.17236538785	27	0
-6.5	0	1.2195581938	1.18687090298	27	0
-6.5	0	1.21679178011	1.20335473519	27	0
-6.5	0	1.34696075526	1.09275630792	27	0
11.5	0	1.23478980056	1.1038334132	27	0
-6.5	0	1.20149254047	1.12640033127	27	0
-6.5	0	1.11537331797	1.1486533843	27	0
-6.5	0	1.19231140726	1.21688261814	27	0
-6.5	0	1.14349739067	1.23196566909	26	0
11.5	0	1.10605636623	1.23443248972	25	0
-6.5	0	1.11132733719	1.25009927881	24	0
11.5	0	1.21149793307	1.28268278277	23	0
-8.0	0	1.24998324256	1.28782614374	23	0
-8.0	0	1.25577258375	1.29890559756	23	0
11.5	0	1.32634656716	1.30830136849	23	0
29.5	0	1.33658176785	1.29430728178	23	0
29.5	0	1.22942906847	1.3400383844	23	0
20.5	0	1.25333106082	1.3737069444	23	0
20.5	0	1.25171093607	1.3397085139	22	0
20.5	0	1.07588575102	1.35014797391	22	0
20.5	0	1.11468839553	1.32151125668	22	0
20.5	0	1.01509902217	1.31655176317	22	0
29.5	0	0.931893403374	1.27108534478	22	0
29.5	0	0.957900852473	1.26352617887	22	0
47.5	0	0.985505078361	1.20143786899	22	0
29.5	0	0.851148809584	1.19011489693	22	0
29.5	0	0.713128657983	1.17458743699	22	0
47.5	0	0.598811518926	1.20416575414	22	0
47.5	0	0.6266302469	1.23609793164	21	0
28.0	0	0.628912418402	1.24776579647	20	0
47.5	0	0.605909062417	1.25042541682	20	0
47.5	0	0.707346040831	1.1938078824	20	0
28.0	0	0.872923535033	1.15848922146	20	0
-0.5	0	0.951837127606	1.16934664599	20	0
-0.5	0	0.867881643657	1.10357641847	20	0
-24.5	0	0.86294048725	1.13189459635	20	0
-24.5	0	0.807976403201	1.13020551551	20	0
-0.5	0	0.748329906084	1.13347130639	20	0
-24.5	0	0.739955304203	1.14664281609	20	0
-24.5	0	0.683692118418	1.1271527436	20	0
-0.5	0	0.595104772775	1.12315653102	20	0
-24.5	0	0.630347233659	1.17924558965	21	0
-24.5	0	0.727382477636	1.15351452698	22	0
-0.5	0	0.750925849605	1.20339057449	23	0
-24.5	0	0.784119926724	1.19285553879	23	0
-0.5	0	0.788265744627	1.10746091312	22	0
-24.5	0	0.86482398558	1.11723110426	21	0
-0.5	0	0.824591969509	1.07114200356	20	0
-24.5	0	0.871773748277	1.08586874797	19	0
-74.0	0	0.775259107495	1.10649832618	18	0
-74.0	0	0.785500132035	1.11252765132	17	0
-74.0	0	0.806532818002	1.10857399294	16	0
-74.0	0	0.87571608082	1.08043542082	17	0
-74.0	0	0.880319787347	1.05812577503	18	0
-74.0	0	0.99846587714	1.03666629684	19	0
-93.5	0	0.998450503474	1.02902272514	20	0
-93.5	0	1.00726833816	0.991293560954	21	0
-48.5	0	0.875958514197	0.897253298231	21	0
-48.5	0	0.837010845884	0.911557522302	21	0
-93.5	0	0.870070241764	0.908310595997	21	0
-93.5	0	0.667807589357	0.917136261174	21	0
-93.5	0	0.718841226865	0.946193363378	21	0
-129.5	0	0.94624042064	1.01016114505	21	0
-141.5	0	1.01864445769	1.03286292749	21	0
-141.5	0	0.951436958416	1.05984013258	21	0
-141.5	0	1.07656406711	1.06037233554	21	0
-129.5	0	1.10879942547	1.06997656746	21	0
-129.5	0	1.25934737404	1.10730915802	21	0
-98.0	0	1.26703055963	1.05822673412	21	0
-72.5	0	1.24786974026	1.03394312488	21	0
-98.0	0	1.23486500381	1.07206337857	21	0
-72.5	0	1.11609561017	1.07033211593	21	0
-48.5	0	1.14194949161	1.12350995128	21	0
-48.5	0	1.10736788781	1.11529385766	21	0
-21.5	0	1.2826526783	1.16514137311	21	0
4.0	0	1.31473351237	1.15581374001	21	0
-41.0	0	1.32740106009	1.17193940833	21	0
-72.5	0	1.26436878263	1.19910470968	21	0
-41.0	0	1.30534161589	1.19333723789	21	0
4.0	0	1.30629029417	1.20828477822	21	0
4.0	0	1.2424402307	1.18225594902	21	0
4.0	0	1.13298321281	1.15497942933	21	0
22.0	0	1.02852151297	1.14117205947	21	0
22.0	0	1.02424475432	1.14402405573	21	0
22.0	0	1.02740797451	1.15945551483	21	0
4.0	0	1.09717655015	1.16728760709	21	0
4.0	0	1.03635824915	1.15108620899	20	0
-41.0	0	1.08687528662	1.13756318442	20	0
-41.0	0	1.06506005557	1.11478886947	20	0
-41.0	0	1.20373935602	1.05523621992	20	0
-41.0	0	1.15444569072	1.04780054116	20	0
-41.0	0	1.16450067589	1.05119995241	20	0
4.0	0	1.03200389989	1.02445637106	20	0
4.0	0	1.03526595481	1.0177972708	20	0
4.0	0	0.959499665363	0.971183112397	20	0
22.0	0	1.064452998	0.966872048895	20	0
4.0	0	1.11553401329	1.02176632886	20	0
-27.5	0	1.1789174165	1.13669806809	20	0
-146.0	0	1.20692625478	1.23307669756	19	0
-146.0	0	1.34027141197	1.27471375253	18	0
-149.0	0	1.57653126434	1.23968099128	18	0
-224.0	0	1.60738438817	1.20573052215	18	0
-224.0	0	1.59248663114	1.19168454334	18	0
-224.0	0	1.58229606105	1.19375066781	18	0
-224.0	0	1.5756716562	1.20499332273	18	0
-203.0	0	1.59450667678	1.21795752289	18	0
-204.5	0	1.74670596313	1.16259862419	18	0
-204.5	0	1.72131568324	1.11356472797	18	0
-204.5	0	1.70458305909	1.13877245966	18	0
-204.5	0	1.66639165987	1.1329019104	18	0
-186.5	0	1.64678755154	1.0764440139	18	0
-186.5	0	1.61525627571	1.09871928288	18	0
-186.5	0	1.52250025611	1.09439736817	18	0
-186.5	0	1.57115904699	1.01554896561	18	0
-201.5	0	1.41643076129	1.07901623689	18	0
-222.5	0	1.29058480983	1.07826580228	17	0
-222.5	0	1.26222039738	1.10160511142	16	0
-201.5	0	1.33746962184	1.09032441162	16	0
-201.5	0	1.31029694774	1.09300556419	16	0
-222.5	0	1.27568759742	1.11124228724	16	0
-222.5	0	1.37639007046	1.124024487	16	0
-201.5	0	1.39640202982	1.11166393967	16	0
-222.5	0	1.30358084479	1.13537723608	17	0
-222.5	0	1.20743151868	1.13289589666	18	0
-201.5	0	1.12575579284	1.1036714395	19	0
-188.0	0	1.03865340959	1.1584273407	20	0
-188.0	0	0.904113232695	1.12041525789	20	0
-186.5	0	0.864807809415	1.09725197489	20	0
-186.5	0	0.870731922424	1.09211421673	20	0
-180.5	0	0.839692193389	1.1190673102	20	0
-180.5	0	0.856434754287	1.11232790232	20	0
-180.5	0	0.813057845738	1.07571593626	20	0
-186.5	0	0.722447147319	1.08666719366	20	0
-186.5	0	0.750672385228	1.15757747335	20	0
-186.5	0	0.721059890732	1.2306799926	20	0
-188.0	0	0.551506158173	1.24584509163	20	0
-186.5	0	0.502505317188	1.19603614476	20	0
-186.5	0	0.422536742576	1.14947611019	20	0
-180.5	0	0.417977945019	1.07155693766	20	0
-173.0	0	0.40959467821	1.02486395459	20	0
-146.0	0	0.439122224156	1.03266364855	20	0
-26.0	0	0.435180887893	1.06649240386	21	0
89.5	0	0.401642319626	1.05274881061	22	0
89.5	0	0.37968888052	1.03842875902	23	0
89.5	0	0.442197793181	1.06741879839	24	0
89.5	0	0.306533511474	1.03050546511	25	0
89.5	0	0.291405824831	1.05082265146	26	0
52.0	0	0.317737818279	1.06834656825	27	0
52.0	0	0.308138360045	1.05692391632	28	0
25.0	0	0.43076837028	1.00461530272	28	0
-32.0	0	0.43439612328	1.01353010228	28	0
-32.0	0	0.495465269216	0.98905740994	28	0
-101.0	0	0.418690276245	1.01777457974	28	0
-101.0	0	0.271030373709	1.11889314181	28	0
-71.0	0	0.172211036162	1.08638878039	27	0
-41.0	0	0.284885847096	1.08385107936	26	0
-2.0	0	0.338070989481	1.07234533076	25	0
-2.0	0	0.321764029889	1.06495098081	24	0
-2.0	0	0.308662589995	1.06832493184	23	0
25.0	0	0.343702975274	1.05199165761	24	0
25.0	0	0.425554565503	1.09205090348	25	0
25.0	0	0.40851829329	1.12701254712	26	0
53.5	0	0.561888343377	1.15113772986	27	0
25.0	0	0.637182435579	1.13631472561	28	0
25.0	0	0.715566141343	1.15129248148	29	0
53.5	0	0.734880955539	1.1463887385	30	0
77.5	0	0.885972089971	1.15150769277	31	0
53.5	0	0.896062627346	1.1546244536	32	0
53.5	0	0.969976385595	1.13939404425	33	0
25.0	0	1.02303606829	1.1467575454	34	0
25.0	0	1.03183029549	1.1311063727	34	0
53.5	0	1.05686022316	1.13212497987	34	0
77.5	0	1.24236568797	1.13056330324	34	0
82.0	0	1.24609908231	1.01739248947	33	0
77.5	0	1.34459213065	0.97040315564	32	0
82.0	0	1.3920205795	0.909588312796	31	0
77.5	0	1.41087566812	0.919350562034	30	0
82.0	0	1.48607012952	0.914830811519	29	0
82.0	0	1.48778267837	0.852342647344	28	0
82.0	0	1.47406962005	0.865025714266	27	0
82.0	0	1.37204108837	0.910388624749	26	0
77.5	0	1.4733467908	0.960849413677	25	0
77.5	0	1.46643969551	0.968588368242	24	0
82.0	0	1.42414039617	0.975536400673	24	0
82.0	0	1.38513741263	0.958035111084	24	0
83.5	0	1.42858689606	0.980224403752	25	0
83.5	0	1.42434376444	0.943657315354	25	0
83.5	0	1.30964761349	0.884485639636	25	0
82.0	0	1.31112890861	0.915921313085	25	0
83.5	0	1.22287636011	0.970571973584	25	0
92.5	0	1.15179928617	1.00353324759	25	0
92.5	0	1.07189765194	1.01132496653	25	0
92.5	0	1.07002372679	0.915395773479	24	0
103.0	0	1.09613156004	0.874178968289	23	0
103.0	0	1.11845032418	0.888319920005	22	0
103.0	0	1.14943312358	0.850882129103	21	0
103.0	0	1.15339424735	0.836886546718	20	0
112.0	0	1.11887329894	0.833696924935	19	0
127.0	0	1.1355760314	0.836197109162	18	0
127.0	0	1.12338295318	0.833392089072	17	0
146.5	0	1.06080097218	0.784638496646	16	0
146.5	0	1.17631913555	0.700317671579	15	0
166.0	0	1.1458027051	0.641051428183	14	0
176.5	0	1.11296982083	0.65859459394	13	0
166.0	0	1.04468721171	0.688345311206	13	0
166.0	0	1.13176675247	0.707747489926	13	0
176.5	0	0.96114708419	0.748552635705	13	0
176.5	0	0.991057641304	0.752119565202	13	0
176.5	0	0.979836281639	0.745185720946	13	0
176.5	0	0.866457312573	0.721980999927	14	0
178.0	0	0.969301605435	0.705828753907	14	0
166.0	0.0863820111567	0.936150698377	0.771963516013	14	0
146.5	0.086578094108	0.909843290251	0.79999759678	14	0
121.0	0.0867052293839	0.957081929791	0.824523461288	14	0
121.0	0.0869088535094	0.985101248568	0.842964293792	14	0
74.5	0.0872565637046	1.17007983098	0.854902807894	14	0
74.5	0.0873309377831	1.19605648993	0.876844723199	14	0
26.5	0.0881889173802	1.28342109824	0.876411278548	14	0
26.5	0.0882062560576	1.34062293549	0.909443342156	14	0
-17.0	0.0888584994007	1.39386741018	0.912086057298	13	0
-24.5	0.089004270579	1.49860473922	0.891939133561	12	0
-24.5	0.0889758736188	1.53282978914	0.802256599346	12	1
-50.0	0.0892932179165	1.66561532865	0.798172105094	12	1
-59.0	0.0896219691126	1.73020240459	0.788320632916	12	1
-50.0	0.0895512437121	1.81040974373	0.793514965841	13	1
-126.5	0.0898478494939	1.98633574459	0.812719236592	14	1
-197.0	0.0901007228141	2.05551723839	0.871926989166	15	1
-254.0	0.0903004538423	2.17157772558	0.947308037716	16	1
-326.0	0.0905773331379	2.37147929907	0.980821016077	17	1
-326.0	0.091578377003	2.5146689854	1.00674459979	18	1
-326.0	0.0918508070443	2.73180909459	0.969765112235	19	1
-339.5	0.0923655402434	2.81013388093	0.960946894894	20	1
-339.5	0.0919411981715	2.97051786595	1.03422749948	21	1
-353.0	0.0923723202501	3.13138963853	1.09141039342	22	1
-339.5	0.0921709522961	3.33040260261	1.08981630153	23	1
-351.5	0.0922042245489	3.41438224466	1.1088860497	24	1
-368.0	0.0926335231777	3.4984044829	1.16309736135	25	1
-368.0	0.0929665563974	3.54853324567	1.20181512656	26	1
-389.0	0.0934314129929	3.581010966	1.26635113192	27	1
-407.0	0.0941681393024	3.68894568044	1.26988368674	28	1
-414.5	0.0950071752398	3.66810479247	1.30965635424	29	1
-414.5	0.0950959056818	3.50845745594	1.41199569114	30	1
-414.5	0.0954034664104	3.60189891109	1.44258084818	31	1
-450.5	0.0959987940007	3.64810166269	1.45389649679	31	1
-450.5	0.096018264341	3.78822935368	1.41515419057	31	1
-414.5	0.0959599622263	3.85889663351	1.4184729843	31	1
-414.5	0.095901985003	3.99101662701	1.40588730165	32	1
-414.5	0.0952575836973	3.99671028929	1.42756613483	33	1
-414.5	0.094507234057	3.9666080572	1.43618272719	34	1
-414.5	0.0944318170792	4.14238873367	1.43860772507	35	1
-414.5	0.0945578260039	4.09639031022	1.47005769546	35	1
-414.5	0.0945493764478	4.20617384841	1.43427487303	35	1
-414.5	0.0946341905736	4.19363194453	1.46835648039	36	1
-419.0	0.0949630971482	4.16883011388	1.51580167252	37	1
-419.0	0.0949017057432	4.19533758579	1.52572000038	38	1
-417.5	0.0948146398737	4.02348845978	1.54055638772	39	1
-411.5	0.0945324984453	4.10016195248	1.52432330752	39	1
-411.5	0.0944904260855	4.110215431	1.56329586335	40	1
-411.5	0.0947973156318	4.09455325119	1.60441741192	80	1
-402.5	0.0935683398451	4.07687002829	1.59836623995	80	1
-402.5	0.0930898524149	3.97452356926	1.61077343489	80	1
-390.5	0.0909324069625	3.87118558197	1.64841850719	80	1
-360.5	0.0901060649784	3.74500459609	1.6367471658	80	1
-360.5	0.0900580956949	3.74019890336	1.62359304338	80	1
-390.5	0.0903496909956	3.62428952501	1.68790383197	80	1
-390.5	0.0903168373926	3.57608856267	1.67376273038	80	1
-390.5	0.090224375439	3.58198457106	1.68695504947	80	1
-360.5	0.0900156633283	3.53308287211	1.67930850063	80	1
-338.0	0.0896626289498	3.37503487956	1.63779666989	80	1
-360.5	0.0897856955655	3.45413437373	1.66355328475	80	1
-390.5	0.0900050854778	3.489375749	1.66156592319	40	1
-402.5	0.0901060649784	3.51871237027	1.79460108825	39	1
-402.5	0.0905268868208	3.47966503853	1.80221533332	39	1
-402.5	0.0905324785851	3.37429925234	1.73946549427	39	1
-411.5	0.090633704505	3.24261543609	1.71113768438	39	1
-417.5	0.0907246080845	3.04982419146	1.72295673709	38	1
-407.0	0.0901973543634	3.02149825513	1.69326808082	37	1
-407.0	0.0900900476875	3.08857728298	1.68626756499	36	1
-390.5	0.0895663534472	3.08658138434	1.61987339802	35	1
-366.5	0.0894064501697	3.03673881595	1.67906189438	34	1
-338.0	0.089004270579	3.0476811721	1.65778056436	34	1
-324.5	0.0888166137271	3.19461496442	1.55410439481	33	1
-338.0	0.0889475651114	3.32392934602	1.5940173902	32	1
-338.0	0.0889806002894	3.35539591157	1.66208122903	31	1
-336.5	0.0886783780863	3.11738789719	1.65397570574	30	1
-306.5	0.0886009730444	2.97533961934	1.65716892349	29	1
-306.5	0.08834618748	3.03539912992	1.67071713523	28	1
-306.5	0.0881629722267	3.00404492581	1.66337966887	28	1
-306.5	0.0884481287534	2.95153136358	1.69438657231	28	1
-296.0	0.0884392182362	2.82191467239	1.67462414126	27	1
-311.0	0.0886055079501	2.81315156181	1.62167145457	26	1
-284.0	0.0882019182369	2.74896261319	1.60933507779	25	1
-233.0	0.0879792056877	2.89896730206	1.54965192354	24	1
-195.5	0.0876511730166	2.84445222957	1.52094273739	23	1
-195.5	0.0875579086223	2.69929276774	1.5297017209	22	1
-168.5	0.0872176711288	2.7476581101	1.56008722245	21	1
-128.0	0.0869614548517	2.63841763846	1.55207641096	20	1
-128.0	0.0869727679727	2.69411966203	1.48920357287	19	1
-107.0	0.086860292146	2.70743237661	1.47679654826	18	1
-128.0	0.0873348697063	2.76823221833	1.51034504006	17	1
-168.5	0.0877330795619	2.76575553739	1.51000932814	17	0
-168.5	0.0889428555913	2.78309788634	1.44999906009	16	0
-215.0	0.08964736047	2.87826126376	1.39780933846	15	0
-215.0	0.0897085867474	2.80649690474	1.34610793571	15	0
-215.0	0.0897290861874	2.73161485586	1.24228084073	15	0
-215.0	0.0897085867474	2.62518756298	1.21907611971	15	0
-168.5	0.0893471978063	2.50715907141	1.13184084276	15	0
-168.5	0.0889711494052	2.57487488872	1.11852751383	15	0
-168.5	0.0889900610109	2.58566221483	1.09966618169	15	0
-128.0	0.0887104445968	2.38960920448	1.02914583386	15	0
-107.0	0	2.1783247349	1.05184591922	15	0
-99.5	0	2.1959570974	0.940667745868	15	0
-99.5	0	2.1103260119	0.941707755732	15	0
-99.5	0	2.12638379893	0.949679822657	15	0
-99.5	0	2.17521367354	1.01697688673	16	0
-99.5	0	2.20779727679	0.984474491778	17	0
-107.0	0	2.22462059424	1.00791268748	18	0
-128.0	0	2.00527764618	0.924551935081	19	0
-146.0	0	1.94381984181	0.848363805283	19	0
-167.0	0	1.90720947046	0.841528792761	19	0
-167.0	0	1.81829007843	0.815217330182	19	0
-167.0	0	1.75689335596	0.86356966428	19	0
-131.0	0	1.38566571229	0.818517309631	19	0
-65.0	0	1.1680861551	0.722870357241	19	0
-131.0	0	1.29336761759	0.783802557895	19	0
-65.0	0	1.26522780512	0.77825272188	19	0
-72.5	0	1.29863743937	0.811614715874	19	0
-131.0	0	1.29911068916	0.863917778667	20	0
-167.0	0	1.32704925928	0.832853246867	21	0
-90.5	0	1.34040262624	0.856846892624	22	0
-24.5	0	1.18543168354	0.905033206859	23	0
-24.5	0	1.18959435076	0.909103768639	24	0
-24.5	0	1.01871654253	0.958369751511	25	0
-24.5	0	0.996182780947	0.956728711348	26	0
5.5	0	1.00862829199	0.952638219283	27	0
-24.5	0	0.994642045596	0.958359164592	28	0
-90.5	0	0.937083226431	0.951563033231	29	0
-90.5	0	0.958491634472	0.937793752763	30	0
-90.5	0	0.942234074542	0.916185938142	31	0
-2.0	0	0.911066540423	0.870161363532	32	0
29.5	0	0.970188678988	0.870678447088	33	0
29.5	0	0.984288626815	0.923218115705	34	0
29.5	0	0.898042752806	0.965684619797	35	0
47.5	0	0.990936194189	1.01612812411	36	0
64.0	0	1.20430154138	1.03975909242	37	0
79.0	0	1.34540097115	1.03932012509	38	0
79.0	0	1.37657477804	1.11024181607	39	0
64.0	0	1.31318801154	1.11702867498	39	0
47.5	0	1.36096769516	1.09083870609	39	0
29.5	0	1.27506173489	1.12452300632	39	0
-0.5	0	1.21109939366	1.13345963468	39	0
-57.5	0	1.15822039411	1.13993622854	39	0
-0.5	0	1.22104780889	1.07331623488	38	0
31.0	0	1.21859539221	1.06283261925	37	0
31.0	0	0.997174409744	0.974877838323	36	0
31.0	0	1.02163659308	1.02079865321	35	0
31.0	0	0.866616173812	0.974614420066	35	0
47.5	0	0.978843825147	1.01214408002	36	0
64.0	0	0.981211901789	1.04384974751	36	0
64.0	0	0.898535402072	0.97496895361	35	0
64.0	0	0.896848869439	1.00421787714	34	0
47.5	0	0.760416790001	1.02623540451	33	0
47.5	0	0.902363893119	1.03780578703	32	0
64.0	0	0.946096399002	1.03966854962	31	0
79.0	0	0.950943461876	0.983212334832	31	0
94.0	0	0.951376050243	0.979039649928	31	0
94.0	0	0.920003383216	0.928887251511	31	0
94.0	0	0.881188924066	0.900901226006	31	0
127.0	0	0.820511841953	0.912134977266	31	0
127.0	0	0.779359663357	0.933402238265	31	0
107.5	0	0.867968233723	0.937783518113	31	0
74.5	0	0.853406600132	0.987618523273	31	0
74.5	0	0.886903062929	0.977934922739	31	0
74.5	0	0.896922528451	0.950500034716	30	0
74.5	0	0.878966252839	0.955344811798	29	0
107.5	0	0.852221263398	0.968511537123	28	0
184.0	0	0.889239225416	0.993542943033	27	0
241.0	0	0.731577509509	1.01778752001	26	0
241.0	0	0.691002618687	1.01583089775	25	0
184.0	0	0.661469719526	1.04584798914	24	0
184.0	0	0.582348391267	1.04101199852	23	0
184.0	0	0.581451001793	1.06016596276	22	0
184.0	0	0.483524922895	1.02868995923	21	0
107.5	0	0.304094778673	1.00066642078	20	0
74.5	0	0.256259008415	0.980081740088	20	0
61.0	0	0.178754076491	0.97194440325	20	0
52.0	0	0.177914017388	0.974885613337	20	0
61.0	0	0.151857499565	0.989932380796	20	0
61.0	0	0.0557140821913	1.02687541322	20	0
61.0	0	0.013690112682	1.03337589221	20	0
61.0	0	0.109391884447	1.04069046132	20	0
74.5	0	0.145156316592	1.03177497324	20	0
61.0	0	0.163775964797	1.08590417916	20	0
67.0	0	0.161198433556	1.15026337355	20	0
77.5	0	0.372927053972	1.20404398563	21	0
77.5	0	0.361823444463	1.14473983165	21	0
107.5	0	0.29195117697	1.09792527666	21	0
107.5	0	0.413515676054	1.08020905093	21	0
116.5	0	0.411887770474	1.11396254047	21	0
193.0	0	0.499903696493	1.12828377819	21	0
116.5	0	0.479790090308	1.12097624733	21	0
116.5	0	0.534627954388	1.12609998967	20	0
77.5	0	0.36508019111	1.09117043545	19	0
77.5	0	0.433209905317	1.13737342775	18	0
64.0	0	0.317222100852	1.13699437354	17	0
58.0	0	0.320393578117	1.12313620954	17	0
58.0	0	0.441078438206	1.15543588685	18	0
58.0	0	0.422395292277	1.07105148343	18	0
58.0	0	0.422200674295	1.05969996987	18	0
58.0	0	0.436858146297	1.0589194249	18	0
56.5	0	0.476795777822	1.09118573194	18	0
50.5	0	0.373206722481	1.02644765191	18	0
50.5	0	0.245201149856	0.963283561523	18	0
50.5	0	0.25982003402	1.01589665297	18	0
44.5	0	0.247703197631	1.01232923413	18	0
44.5	0	0.283662792961	1.01394216445	18	0
43.0	0	0.324988427002	1.02802829985	18	0
43.0	0	0.357574524846	1.01022097215	18	0
43.0	0	0.322663269616	1.03444435474	18	0
43.0	0	0.298318517486	0.97502963478	18	0
31.0	0	0.392072200459	0.944999419909	18	0
31.0	0	0.36298778606	0.935122542996	18	0
43.0	0	0.472677134587	0.97042375529	18	0
43.0	0	0.404176364903	1.01347733767	18	0
31.0	0	0.425851910176	1.05647610957	18	0
43.0	0	0.420388622161	1.04555125675	18	0
49.0	0	0.422158386401	1.028563117	17	0
49.0	0	0.411888443062	1.01933991596	16	0
50.5	0	0.336421381943	1.01967184402	15	0
64.0	0	0.468143009225	0.967971536407	14	0
64.0	0	0.440511799212	0.947386686272	14	0
50.5	0	0.380628055442	0.929405261802	15	0
64.0	0	0.39664140927	0.917658472323	16	0
50.5	0	0.305519018724	0.905565225947	17	0
50.5	0	0.254768168513	0.900047698174	18	0
68.5	0	0.311358216219	0.945933432222	19	0
68.5	0	0.34453818298	0.993091578419	20	0
68.5	0	0.121281134968	0.9848199219	21	0
68.5	0	0.177165251671	0.987507027322	21	0
68.5	0	0.124229638509	0.997245825182	21	0
68.5	0	0.131315077156	1.01438773983	21	0
68.5	0	0.179258890303	1.023539298	21	0
68.5	0	0.216694992989	1.02644701278	21	0
59.5	0	0.283803027031	0.973604322739	22	0
85.0	0	0.433728760083	0.963725857286	23	0
85.0	0	0.520920861473	0.937394371587	23	0
85.0	0	0.374809949757	0.877163518361	23	0
85.0	0	0.366020645887	0.956465476572	23	0
59.5	0	0.475890152116	0.976429398213	23	0
59.5	0	0.405660784145	0.951282268426	23	0
65.5	0	0.4287154406	0.923611626647	23	0
85.0	0	0.518056835796	0.93091400366	24	0
85.0	0	0.687731267563	0.915274381886	24	0
65.5	0	0.704374329005	0.915470831541	24	0
85.0	0	0.718802469444	0.919102817281	24	0
65.5	0	0.67900709227	0.86732178025	24	0
85.0	0	0.695199553747	0.846987041112	24	0
85.0	0	0.615385498884	0.875932432917	24	0
85.0	0	0.633418139846	0.864099450815	25	0
95.5	0	0.658270842381	0.850300344638	25	0
143.5	0	0.556229968588	0.918069267834	25	0
214.0	0	0.422278214641	0.904037207849	25	0
260.5	0	0.390156297523	0.925332557197	25	0
260.5	0	0.5329305111	0.906076797165	25	0
278.5	0	0.43880135331	0.87724035944	25	0
256.0	0	0.371928509768	0.909610226786	25	0
214.0	0	0.38882786389	0.925917945299	24	0
196.0	0	0.411334657996	0.876696783949	23	0
143.5	0	0.506697173172	0.906152079373	22	0
86.5	0	0.46927012207	0.926568831843	21	0
143.5	0	0.353622170128	0.917092578026	20	0
191.5	0	0.377273310104	0.921882852863	19	0
191.5	0	0.337401326698	0.905782069963	18	0
191.5	0	0.415155228944	0.889145016317	17	0
143.5	0	0.432494443233	0.88247119122	16	0
136.0	0	0.504697702729	0.857214553106	15	0
86.5	0	0.624760932252	0.831451434044	15	0
136.0	0	0.743718775718	0.85406333148	15	0
86.5	0	0.587464791811	0.870327465747	15	0
70.0	0	0.591856251999	0.847867926884	16	0
70.0	0	0.597961809729	0.897005405864	17	0
70.0	0	0.695185604943	0.908580551235	18	0
70.0	0	0.893640014538	0.931981299552	19	0
59.5	0	0.764174291228	0.942673084947	20	0
32.5	0	0.58381112358	0.917915793618	20	0
59.5	0	0.494833437354	0.909389253565	20	0
80.5	0	0.489421990082	0.904460066123	20	0
80.5	0	0.554586746366	0.888766126615	20	0
80.5	0	0.510682642153	0.862515679173	20	0
80.5	0	0.600405392582	0.861145141124	20	0
136.0	0	0.557938394665	0.861485645656	20	0
136.0	0	0.632939042739	0.87282747188	20	0
136.0	0	0.622618688026	0.896102727273	20	0
136.0	0	0.594391774525	0.876173239567	19	0
80.5	0	0.564835947442	0.871930393212	18	0
136.0	0	0.601617196037	0.889531740832	18	0
119.5	0	0.473721235028	0.863963593879	18	0
119.5	0	0.568077146877	0.852302317947	18	0
119.5	0	0.561770774534	0.847882378218	18	0
119.5	0	0.620620947609	0.895266063192	18	0
35.5	0	0.693853033152	0.845381232911	18	0
-14.0	0	0.689573428649	0.909644266911	18	0
-36.5	0	0.592734597962	0.92651823525	19	0
-36.5	0	0.466378105611	0.967423237985	20	0
-36.5	0	0.439678634961	0.99323077869	21	0
-36.5	0	0.376715873247	0.973819626151	22	0
-36.5	0	0.351454137404	0.971087560742	23	0
-36.5	0	0.364373796968	1.01785092659	24	0
-15.5	0	0.358206552765	1.01054690076	25	0
-15.5	0	0.384748455461	1.03985204925	26	0
-15.5	0	0.465649050684	1.07680889316	26	0
-42.5	0	0.41014201146	1.11487925081	26	0
-42.5	0	0.427286161773	1.1360954156	26	0
-15.5	0	0.372873112781	1.16839276918	26	0
11.5	0	0.294204160858	1.15550953975	26	0
-15.5	0	0.137763516777	1.11526516819	25	0
-15.5	0	0.00291524629726	1.10951322921	24	0
-15.5	0	0.0186122415748	1.11745969039	23	0
11.5	0	0.137304867169	1.11148450264	22	0
11.5	0	0.174025213335	1.12693582848	21	0
29.5	0	0.185799522434	1.08006499674	22	0
74.5	0	0.112584036005	1.05501047028	23	0
74.5	0	0.0556702732147	1.06356093693	24	0
74.5	0	0.0379403089309	1.06450892345	25	0
136.0	0	0.160749993294	1.10872005662	26	0
74.5	0	0.0230428677383	1.14620327581	27	0
29.5	0	0.0700602811141	1.16274862318	28	0
29.5	0	0.00438779619654	1.15996384025	29	0
29.5	0	0.0244689899596	1.14703480722	30	0
29.5	0	0.0569300310548	1.14456041458	31	0
29.5	0	0.0549709690584	1.13676239869	32	0
29.5	0	0.131383762182	1.13687845597	33	0
-11.0	0	0.14760029614	1.19430634348	34	0
-11.0	0	0.289024020421	1.19327506707	35	0
29.5	0	0.264120609381	1.19673299644	36	0
-11.0	0	0.385577971629	1.26671955223	37	0
29.5	0	0.23170486384	1.27714634945	38	0
29.5	0	0.257636843725	1.28760803403	39	0
-11.0	0	0.269272808579	1.30676359599	39	0
-11.0	0	0.36092097219	1.31898340438	39	0
29.5	0	0.406119795488	1.31322514287	38	0
73.0	0	0.322023330038	1.24873790703	37	0
104.5	0	0.205162902547	1.21715352796	36	0
116.5	0	0.064934721641	1.18103524157	35	0
116.5	0	0.0120027976166	1.15650325187	34	0
137.5	0	0.177334631708	1.18885382323	33	0
155.5	0	0.176520291753	1.18379195745	32	0
164.5	0	0.14208199097	1.18596791614	31	0
190.0	0	0.166214238048	1.15836394212	30	0
229.0	0	0.148939777472	1.1483542133	29	0
224.5	0	0.18872916404	1.12795192255	30	0
224.5	0	0.242119770156	1.0880933499	30	0
224.5	0	0.215981287339	1.05783329232	30	0
224.5	0	0.199843162079	1.02456017537	30	0
224.5	0	0.33011216063	1.02979199461	30	0
239.5	0	0.359671171109	1.11859660821	30	0
239.5	0	0.567567289652	1.11664090855	29	0
224.5	0	0.574757640958	1.1508176693	28	0
224.5	0	0.542220782322	1.15171365655	27	0
209.5	0	0.515630898034	1.16340741446	27	0
184.0	0	0.551313365278	1.14574450551	27	0
155.5	0	0.432111569721	1.11951055454	27	0
184.0	0	0.565679011062	1.10707504399	27	0
184.0	0	0.522382114207	1.11591365056	27	0
155.5	0	0.555608997369	1.10394695683	27	0
155.5	0	0.716185915683	1.10644409205	27	0
155.5	0	0.679080801053	1.10701602962	27	0
155.5	0	0.448601420499	1.10653502166	27	0
155.5	0	0.257602693733	1.14960783714	27	0
137.5	0	0.202607346615	1.1623774364	27	0
131.5	0	0.0214716913909	1.16190046205	27	0
109.0	0	0.116124585834	1.15096972582	27	0
109.0	0	0.245152992619	1.13677523727	27	0
109.0	0	0.11277042307	1.12194386477	27	0
109.0	0	0.126909903229	1.11464524359	28	0
131.5	0	0.0317377460457	1.01992355584	29	0
131.5	0	0.00782202337733	1.02671313122	30	0
106.0	0	0.0477118319769	1.04624842822	31	0
106.0	0	0.0416005584042	1.04235817583	32	0
106.0	0	0.0332296921771	1.03739593604	33	0
106.0	0	0.000745939946934	1.05041574229	34	0
64.0	0	0.0449919902306	1.054330333	34	0
23.5	0	0.0917754120989	1.07024052004	34	0
23.5	0	0.00050264584617	1.08164642656	34	0
-0.5	0	0.071752875791	1.09476180442	34	0
-53.0	0	0.0414704120687	1.02528914412	33	0
-93.5	0	0.0315706669018	1.00981978128	32	0
-107.0	0	0.0580026644565	1.00202909546	31	0
-129.5	0	0.0444678030802	0.962113873596	31	0
-143.0	0	0.113834669373	0.93741713539	31	0
-212.0	0	0.271498900653	0.941117408046	31	0
-212.0	0	0.276835547917	0.956203235241	31	0
-285.5	0	0.124375822195	0.986028962371	31	0
-285.5	0	0.233045911369	0.981657074131	31	0
-285.5	0	0.16347248676	0.984026693263	31	0
-285.5	0	0.21926427496	0.927469813975	31	0
-212.0	0	0.138648165442	0.949530932119	31	0
-143.0	0	0.152183673777	0.886512399688	31	0
-195.5	0	0.10853311057	0.855999452879	31	0
-252.5	0	0.111985766729	0.83430818574	31	0
-269.0	0	0.0382209156333	0.82600523414	31	0
-269.0	0	0.11795875512	0.823911050105	31	0
-269.0	0	0.0929773237202	0.824944149004	31	0
-285.5	0	0.228720287503	0.816193864156	31	0
-285.5	0	0.251417565069	0.817786282456	31	0
-305.0	0	0.303058023581	0.747034117839	31	0
-285.5	0	0.309151275803	0.719357008413	31	0
-269.0	0	0.496915472581	0.698673666172	31	0
-269.0	0	0.744981081158	0.662641599372	31	0
-252.5	0	0.812123897892	0.660600098197	30	0
-195.5	0	0.937573293104	0.683058350264	29	0
-143.0	0	1.0748799311	0.70435708948	28	0
-143.0	0	1.14301315544	0.73013839672	27	0
-143.0	0	1.1299117257	0.718740972456	26	0
-143.0	0	1.15844515687	0.719202978878	25	0
-143.0	0	1.0653902114	0.760650028856	24	0
-170.0	0	1.0493467667	0.801956201325	23	0
-129.5	0	0.888210282298	0.772556511463	23	0
-120.5	0	0.94015895771	0.75183340012	24	0
-120.5	0	0.961192111471	0.776576207527	25	0
-134.0	0	1.1112353295	0.724160568052	25	0
-134.0	0	1.10499225393	0.672865879294	25	0
-144.5	0	1.24832930335	0.667073373263	25	0
-180.5	0	1.16907565706	0.702901228862	25	0
-144.5	0	1.06258929141	0.735213551327	25	0
-119.0	0	1.16495014287	0.812524927916	25	0
-84.5	0	0.991624346151	0.832657516044	25	0
-14.0	0	0.844060979716	0.816743775129	25	0
52.0	0	0.820324424801	0.866773864254	26	0
121.0	0	0.728066687967	0.854490662699	26	0
169.0	0	0.551265143102	0.866064454207	25	0
121.0	0	0.555467292248	0.844955131703	24	0
121.0	0	0.685789969697	0.849628678689	23	0
121.0	0	0.643384425858	0.85907200843	22	0
121.0	0	0.514553493985	0.835901729099	21	0
52.0	0	0.522005234519	0.842719723235	20	0
8.5	0	0.621280678113	0.839948915392	19	0
8.5	0	0.521294052259	0.861962426354	18	0
8.5	0	0.600905646416	0.901691242111	17	0
52.0	0	0.605246313524	0.902731032948	16	0
52.0	0	0.795257050811	0.909131111779	15	0
52.0	0	0.840787989147	0.91085044668	14	0
8.5	0	0.931993127824	0.883983144878	13	0
8.5	0	0.942944079926	0.849361028518	13	0
52.0	0	0.956419670618	0.839136537846	13	0
52.0	0	0.87679712543	0.894105282894	13	0
85.0	0	0.952827372089	0.929919927493	13	0
85.0	0	0.889416626968	0.956131536323	13	0
130.0	0	0.804659898705	0.95567547666	13	0
130.0	0	0.836863887858	0.935667036722	13	0
130.0	0	0.914775502187	0.900746990034	13	0
85.0	0	0.867171677274	0.872517740141	13	0
85.0	0	0.936212081028	0.80943860263	13	0
130.0	0	1.01998307236	0.826805386569	13	0
85.0	0	1.05960180897	0.811826237769	12	0
85.0	0	1.10905334884	0.768516632554	12	0
85.0	0	1.06412748087	0.716890452149	13	0
130.0	0	1.18460068221	0.701924963511	14	0
130.0	0	1.26949844413	0.722498615903	15	0
130.0	0	1.262255405	0.670081791316	16	0
130.0	0	1.17631923013	0.700144651486	17	0
113.5	0	1.03167406156	0.715065186647	18	0
148.0	0	0.91836891256	0.689334123978	18	0
148.0	0	0.966464503017	0.644853386026	18	0
148.0	0	1.00358533437	0.595336130767	19	0
119.5	0	0.959687039135	0.570194807566	20	0
100.0	0	1.11271473299	0.556244437523	21	0
71.5	0	1.28717897396	0.541076653213	22	0
71.5	0	1.27724276084	0.524920368108	23	0
71.5	0	1.35649015914	0.545886380001	24	0
34.0	0	1.3576964943	0.530208837831	25	0
71.5	0	1.44073729189	0.538941717347	26	0
71.5	0	1.53849302559	0.506960222092	27	0
71.5	0	1.39493674795	0.521357061803	28	0
71.5	0	1.57281457739	0.504704596529	29	0
71.5	0	1.551947647	0.517314232143	30	0
100.0	0	1.53136246837	0.508801337854	31	0
91.0	0	1.60015598814	0.501435148014	32	0
100.0	0	1.63845486012	0.468501782081	33	0
91.0	0	1.66967135649	0.459909864551	34	0
100.0	0	1.49842200444	0.401238898766	35	0
115.0	0	1.30082770522	0.393181120275	36	0
115.0	0	1.23569072848	0.410989767223	37	0
115.0	0	1.19016553296	0.430795914145	38	0
101.5	0	1.20107966735	0.429018722775	38	0
101.5	0	1.28454889313	0.405989831226	38	0
101.5	0	1.21463662975	0.402626180848	38	0
101.5	0	1.24522018456	0.376414572017	38	0
101.5	0	1.22732401653	0.354480552108	39	0
92.5	0	1.27035352006	0.439215534838	40	0
68.5	0	1.28571820585	0.520733908432	80	0
68.5	0	1.25205807321	0.56282051837	80	0
68.5	0	1.26700581833	0.635709329052	80	0
29.5	0	1.22689147873	0.655460593481	80	0
29.5	0	1.31910733523	0.710112768694	80	0
8.5	0	1.43301199933	0.760977065802	80	0
8.5	0	1.49221807079	0.767634207481	80	0
7.0	0	1.58588280404	0.767611870345	80	0
8.5	0	1.51881268255	0.730034545696	80	0
8.5	0	1.61363023698	0.720725134021	80	0
7.0	0	1.57405254117	0.812870101242	80	0
-6.5	0	1.68976004663	0.848582387887	80	0
-36.5	0	1.75739338138	0.905982450764	80	0
-36.5	0	1.79227789403	0.911315691219	80	0
-62.0	0	1.87253300821	0.967632520662	80	0
-117.5	0	1.991578578	0.956230658207	80	0
-62.0	0	1.94840362926	0.934229306245	80	0
-62.0	0	1.96516030665	0.920845967147	80	0
-62.0	0	1.98696995908	0.910235951754	80	0
-117.5	0	1.98586112341	0.933571004539	80	0
-117.5	0	2.04887074049	0.918383257364	80	0
-117.5	0	1.9743064681	0.903394562556	80	0
-117.5	0	1.95886676174	0.893649780581	80	0
-117.5	0	2.08300026885	0.870456428578	80	0
-173.0	0	2.06591329728	0.913295082995	80	0
-173.0	0	2.04877918791	0.921327671068	80	0
-173.0	0	1.99432946045	0.927020862373	80	0
-173.0	0	2.01687217111	0.941726012739	80	0
-173.0	0	1.99412200147	0.945072836437	80	0
-173.0	0	1.98437795408	0.965884646643	80	0
-173.0	0	2.14739902453	1.01193234629	80	0
-173.0	0	2.15912807678	1.02831877049	80	0
-144.5	0	2.12865939202	1.04184394593	80	0
-173.0	0	2.07291039791	1.04966483471	80	0
-173.0	0	2.00578794544	1.05092645348	80	0
-183.5	0	1.92033903209	1.0986174676	80	0
-212.0	0	2.06429206947	1.0731312723	40	0
-212.0	0	2.03293080297	1.10950012316	39	0
-212.0	0	2.05632897233	1.14337194049	39	0
-183.5	0	1.97684108314	1.09427872011	39	0
-144.5	0	1.95761246506	1.01471631651	39	0
-144.5	0	2.07286192632	0.975549505047	39	0
-144.5	0	2.03039962082	0.95677773489	39	0
-89.0	0	2.02103550663	0.923759826452	39	0
-12.5	0	1.87419570784	0.881009447994	39	0
41.5	0	1.68453254652	0.889479192681	39	0
41.5	0	1.72250836279	0.84844321162	38	0
41.5	0	1.65462603896	0.812605044557	37	0
-12.5	0	1.48131502577	0.786321123483	36	0
46.0	0	1.39665235854	0.799367224048	35	0
46.0	0	1.45708152849	0.762501305024	34	0
71.5	0	1.46352245243	0.747680212927	33	0
71.5	0	1.3749234769	0.733639630319	32	0
71.5	0	1.2435093505	0.728072972836	31	0
86.5	0	1.07564184787	0.691484689182	30	0
86.5	0	0.954080080205	0.703884993146	29	0
86.5	0	0.980665423004	0.708395061302	28	0
109.0	0	0.945754146291	0.741667925667	27	0
86.5	0	0.919132548773	0.753008676938	26	0
86.5	0	0.869722694558	0.760985022254	25	0
109.0	0	0.836525308816	0.798327725511	24	0
86.5	0	0.801573300893	0.82855153151	24	0
86.5	0	0.863925171098	0.836602124721	23	0
86.5	0	0.757584500551	0.760170711596	22	0
109.0	0	0.757458380078	0.732767290086	21	0
86.5	0	0.74883535933	0.688556663088	20	0
86.5	0	0.723640071995	0.669658417582	19	0
77.5	0	0.587641292955	0.650804925946	19	0
77.5	0	0.43703202234	0.654672181742	19	0
77.5	0	0.367606010071	0.678255314822	19	0
86.5	0	0.322108380199	0.703054997902	19	0
86.5	0	0.308568369794	0.696722608603	19	0
77.5	0	0.311575765942	0.641746009236	19	0
86.5	0	0.228494399688	0.650305575973	19	0
77.5	0	0.259175978421	0.665286984148	19	0
86.5	0	0.25213604017	0.657286394622	19	0
109.0	0	0.188699675483	0.709911745694	19	0
88.0	0	0.209734330488	0.693130430868	18	0
80.5	0	0.254931069621	0.710025269647	17	0
77.5	0	0.364969794727	0.651433787563	16	0
77.5	0	0.317407958643	0.639067556487	16	0
80.5	0	0.283662979555	0.62159554217	16	0
80.5	0	0.303876711	0.536385974109	16	0
77.5	0	0.264426449624	0.529009383077	16	0
55.0	0	0.339290769129	0.522207864672	16	0
55.0	0	0.254207522945	0.491657483611	16	0
77.5	0	0.152977370959	0.543476856328	16	0
77.5	0	0.150024821084	0.610106765976	16	0
77.5	0	0.267495036077	0.667559275246	16	0
77.5	0	0.258973050475	0.63653816694	16	0
80.5	0	0.0873057028031	0.622083406964	16	0
106.0	0	0.0753407844752	0.646932407782	16	0
106.0	0	0.0138807207865	0.612924830522	15	0
79.0	0	0.0622077928118	0.608986301618	14	0
79.0	0	0.000712241972646	0.614609681776	13	0
106.0	0	0.0263209886708	0.621027025141	12	0
79.0	0	0.0580170940178	0.647905268022	13	0
71.5	0	0.0766591951722	0.679637193557	14	0
71.5	0	0.0686784157285	0.726162662761	15	0
58.0	0	0.023374647888	0.713497498428	16	0
58.0	0	0.0454086356077	0.685639334297	17	0
74.5	0	0.191135262284	0.679605175489	18	0
97.0	0	0.308282166931	0.723052821389	19	0
121.0	0	0.22789901515	0.823478232023	20	0
121.0	0	0.177382135381	0.784659439431	20	0
131.5	0	0.323140001974	0.828060185591	20	0
121.0	0	0.418781834561	0.973326631734	20	0
131.5	0	0.336864535268	0.995607238878	20	0
131.5	0	0.332703810132	0.994559847123	20	0
131.5	0	0.194155473863	0.986796463797	20	0
131.5	0	0.120890712162	0.934607768567	20	0
121.0	0	0.0541979062938	0.90290443851	20	0
121.0	0	0.115662444048	1.00657294693	20	0
97.0	0	0.138431657791	1.01913993691	19	0
97.0	0	0.0827620944093	1.01977305849	19	0
74.5	0	0.0850074441985	1.02937729041	19	0
58.0	0	0.068122886088	1.03366202632	19	0
44.5	0	0.0926282294872	1.04226240803	19	0
44.5	0	0.136797026943	1.03265533048	19	0
44.5	0	0.151658120587	1.14239807694	20	0
31.0	0	0.21004737905	1.1919613267	21	0
16.0	0	0.160051776368	1.24635140758	22	0
16.0	0	0.119102130167	1.33704110646	23	0
16.0	0	0.000116243478836	1.40722061977	24	0
16.0	0	0.159025712055	1.45000779053	25	0
16.0	0	0.00625982159051	1.45150601418	26	0
-29.0	0	0.0392648982146	1.45865343704	27	0
16.0	0	0.0964648064754	1.4576832163	28	0
16.0	0	0.15637706938	1.43617701772	28	0
16.0	0	0.192461182316	1.44297974501	28	0
-29.0	0	0.129284334624	1.4103280529	27	0
-63.5	0	0.21712296784	1.37764333957	26	0
-81.5	0	0.0166367742489	1.36152010428	25	0
-81.5	0	0.1092458813	1.38601504506	24	0
-104.0	0	0.175585337213	1.43059415927	23	0
-104.0	0	0.207547612675	1.43015286601	22	0
-81.5	0	0.204204345779	1.43319614284	21	0
-63.5	0	0.242228895754	1.42213478379	20	0
-81.5	0	0.149852156319	1.34248890231	19	0
-81.5	0	0.120244584075	1.29984089996	19	0
-98.0	0	0.0915906679409	1.31597090523	19	0
-98.0	0	0.222651600037	1.31677656518	19	0
-107.0	0	0.170573535459	1.32330034337	19	0
-107.0	0	0.180021413014	1.28950484239	19	0
-107.0	0	0.148277730543	1.35806773777	20	0
-107.0	0	0.149772265764	1.35584649652	21	0
-98.0	0	0.282560212762	1.24820869507	22	0
-98.0	0	0.329754781385	1.26905805974	23	0
-98.0	0	0.436478577349	1.30859760893	24	0
-98.0	0	0.323868863458	1.3195891733	25	0
-98.0	0	0.237940557905	1.39853603856	26	0
-77.0	0	0.0710733874576	1.44374690889	27	0
-77.0	0	0.0302247245588	1.4241371306	28	0
-77.0	0	0.0774564419436	1.44252664353	29	0
-44.0	0	0.0890878014032	1.43812588321	29	0
-44.0	0	0.14756806931	1.4221322916	29	0
-60.5	0	0.196823423945	1.38997870171	29	0
-44.0	0	0.194130436875	1.39429317892	29	0
-26.0	0	0.116950024831	1.35655454026	29	0
47.5	0	0.0017939639255	1.2588813966	28	0
65.5	0	0.0498924166294	1.20781700332	27	0
65.5	0	0.0152298162499	1.18762284988	26	0
125.5	0	0.108190112574	1.15156887909	25	0
125.5	0	0.0613066500011	1.10409324461	25	0
125.5	0	0.17929121835	1.06428604589	25	0
125.5	0	0.131591777415	1.0448645351	26	0
125.5	0	0.124054935765	1.06261091684	27	0
86.5	0	0.247845097434	1.03779864708	28	0
44.5	0	0.272307768832	1.05767891376	29	0
44.5	0	0.299240425155	1.12635472775	30	0
44.5	0	0.382531887149	1.16368785465	31	0
82.0	0	0.37521584428	1.20585888406	32	0
113.5	0	0.386742475455	1.23184269284	33	0
113.5	0	0.483690676649	1.16520913814	33	0
113.5	0	0.414466400624	1.12020200498	33	0
113.5	0	0.392638197332	1.10992573757	33	0
113.5	0	0.390348663755	1.11901517945	33	0
113.5	0	0.268711519188	1.11224470621	33	0
113.5	0	0.385777239957	1.16022963254	33	0
113.5	0	0.396847090021	1.21881226247	32	0
125.5	0	0.488282528483	1.17160936065	31	0
125.5	0	0.544531531253	1.14202588633	30	0
125.5	0	0.608923263689	1.10529786232	29	0
116.5	0	0.598158548665	1.11428381857	28	0
116.5	0	0.576142486811	1.13823567893	27	0
112.0	0	0.686162801188	1.16073245274	26	0
82.0	0	0.668971836077	1.16987814829	25	0
44.5	0	0.671921496616	1.13997191507	24	0
34.0	0	0.627585439347	1.11616792821	23	0
34.0	0	0.702122704178	1.08457685013	22	0
34.0	0	0.827716874209	1.11207887662	23	0
34.0	0	0.952988696511	1.11710611177	24	0
34.0	0	0.927688858971	1.09139098165	25	0
44.5	0	0.926739287798	1.09083464116	26	0
34.0	0	0.951924335533	1.07557913904	27	0
44.5	0	0.938175152536	1.08011352334	28	0
82.0	0	0.969571194457	1.12445082713	29	0
82.0	0	1.04623080713	1.10616822997	29	0
82.0	0	0.918056949584	1.12701447957	29	0
82.0	0	0.968108901604	1.14841801422	29	0
82.0	0	0.962882732167	1.17279121344	28	0
82.0	0	0.985909942379	1.18126378412	27	0
44.5	0	1.13651888428	1.17337104568	26	0
71.5	0	1.12311696565	1.16988705256	25	0
71.5	0	1.08960581973	1.17521455896	24	0
34.0	0	1.03160652225	1.13231389379	23	0
34.0	0	1.08091157501	1.04380828324	23	0
71.5	0	1.0766527356	1.07106815534	23	0
71.5	0	1.15939776014	1.0447993115	23	0
71.5	0	1.03769151167	1.02174446664	23	0
71.5	0	1.01145869334	1.00257140802	23	0
23.5	0	1.0734450781	0.994060721292	23	0
10.0	0	1.08344077494	0.939481909307	23	0
-14.0	0	1.1214287572	0.975428707192	23	0
10.0	0	1.12287173669	0.929046753374	23	0
-32.0	0	1.25108204891	0.959333929262	23	0
-72.5	0	1.27518294302	0.909075291726	23	0
-72.5	0	1.44005707852	0.884036318007	23	0
-32.0	0	1.50316408635	0.851550497455	23	0
10.0	0	1.51687747485	0.820445069493	23	0
10.0	0	1.53789375132	0.834836073354	23	0
10.0	0	1.5584000356	0.891360365754	22	0
10.0	0	1.59802365068	0.948009212476	21	0
-32.0	0	1.72174132794	0.92927253774	20	0
-72.5	0	1.83071606618	0.851904804039	19	0
-87.5	0	1.97656816199	0.81385541364	18	0
-87.5	0	1.98578973361	0.753432647797	17	0
-104.0	0	1.94316378244	0.623907198595	16	0
-47.0	0	1.99511860306	0.59717362699	15	0
-47.0	0	1.99800036052	0.592379042054	14	0
-47.0	0	1.99144984572	0.503511734341	14	0
-104.0	0	2.01488638972	0.482227058463	14	0
-104.0	0	2.0752277894	0.47261369502	14	0
-126.5	0	2.13121510809	0.422278127619	14	0
-149.0	0	2.21833641031	0.43546750528	14	0
-149.0	0	2.23225063353	0.411373302975	14	0
-149.0	0	2.24446228969	0.411617944657	15	0
-149.0	0	2.21432585962	0.456112150648	16	0
-155.0	0	2.3545653041	0.429839303721	16	0
-155.0	0	2.37023888261	0.459017474391	16	0
-155.0	0	2.44828056501	0.482881455039	16	0
-155.0	0	2.53213017857	0.409111533521	16	0
-149.0	0	2.48086280589	0.436064869165	16	0
-155.0	0	2.31798696538	0.3823271841	16	0
-152.0	0	2.33640829134	0.373828806769	16	0
-152.0	0	2.51018137973	0.463910205214	16	0
-158.0	0	2.48672975766	0.540668992392	16	0
-207.5	0	2.57551738707	0.57004831487	16	0
-207.5	0	2.4585490827	0.604686801025	16	0
-267.5	0	2.62905816022	0.587308044518	16	0
-267.5	0	2.6624788375	0.552364379844	16	0
-218.0	0	2.70023799999	0.544000398818	16	0
-287.0	0	2.66104852191	0.610514862801	16	0
-218.0	0	2.55577245676	0.625765154341	16	0
-287.0	0	2.53561967028	0.662437611079	16	0
-287.0	0	2.47458477368	0.596994783511	16	0
-287.0	0	2.58698214504	0.638326351962	16	0
-302.0	0	2.68355047475	0.627962113092	16	0
-335.0	0	2.78541090617	0.629313564026	16	0
-335.0	0	2.77206937977	0.617215544055	16	0
-335.0	0	2.80729108762	0.6169499488	16	0
-363.5	0	2.57555732605	0.6191867627	16	0
-375.5	0	2.63625890555	0.563295547562	16	0
-363.5	0	2.56601585392	0.582032222298	17	0
-335.0	0	2.45104483903	0.6337265076	18	0
-335.0	0	2.40147842442	0.653346855772	19	0
-335.0	0	2.44247893728	0.668592517756	20	0
-302.0	0	2.49226834975	0.76308292696	20	0
-302.0	0	2.51814004836	0.735891155224	20	0
-302.0	0	2.53916167527	0.730494366724	19	0
-287.0	0	2.4451924722	0.736284728358	18	0
-287.0	0	2.3419264103	0.717715472967	18	0
-287.0	0	2.16147152448	0.713626490347	18	0
-287.0	0	2.0610266709	0.734309832588	18	0
-270.5	0	1.95019084023	0.721839446918	18	0
-272.0	0	2.00410064481	0.738725456794	18	0
-272.0	0	1.81735150114	0.712463332432	19	0
-272.0	0	1.75615240931	0.68149527556	20	0
-272.0	0	1.72549893901	0.685472841375	21	0
-287.0	0	1.69244980982	0.645015087788	22	0
-272.0	0	1.70194696058	0.617035816823	23	0
-272.0	0	1.5421651018	0.703528715312	24	0
-272.0	0	1.59788954752	0.726415850949	25	0
-287.0	0	1.83833927526	0.798237535424	26	0
-302.0	0	1.88364077394	0.804914657865	27	0
-287.0	0	1.82456734259	0.774728771327	28	0
-281.0	0	1.83132321131	0.734154201512	28	0
-281.0	0	1.59556243529	0.690296539465	28	0
-281.0	0	1.65922972876	0.669020149011	28	0
-264.5	0	1.44841001228	0.673316671233	28	0
-258.5	0	1.26546836077	0.713607050227	28	0
-258.5	0	1.04554272326	0.693446202119	28	0
-258.5	0	0.966302459889	0.670694525653	28	0
-258.5	0	0.941867110772	0.629363629242	28	0
-252.5	0	0.913250134699	0.625858578092	28	0
-228.5	0	0.877061912422	0.681067588924	28	0
-228.5	0	0.625876363314	0.663685153594	27	0
-228.5	0	0.479867188692	0.70975604651	26	0
-204.5	0	0.294237603194	0.724928985839	25	0
-204.5	0	0.282323360145	0.715496714058	24	0
-186.5	0	0.184428100606	0.72144881488	23	0
-186.5	0	0.433919157101	0.640730116909	23	0
-167.0	0	0.171877285805	0.590170835875	23	0
-167.0	0	0.10157109217	0.559389155952	23	0
-161.0	0	0.0764424376372	0.523117458607	23	0
-161.0	0	0.0445790555059	0.525047611436	23	0
-161.0	0	0.0968575351733	0.547979912838	23	0
-134.0	0	0.137615630858	0.598044774224	23	0
-134.0	0	0.143282977862	0.633099030071	23	0
-134.0	0	0.218334449428	0.661900973833	22	0
-134.0	0	0.245054443127	0.67005714511	21	0
-107.0	0	0.159933304748	0.723230069224	21	0
-119.0	0	0.0134463303933	0.744184793537	21	0
-119.0	0	0.0233713045472	0.71440078071	21	0
-119.0	0	0.101832564248	0.724883918589	21	0
-119.0	0	0.0541528918259	0.722823078329	21	0
-107.0	0	0.268828033313	0.698411928584	20	0
-107.0	0	0.278992271507	0.699506134941	19	0
-86.0	0	0.277198888246	0.754597913696	18	0
-86.0	0	0.0848123034613	0.736634259551	17	0
-86.0	0	0.0148718057676	0.738656331226	17	0
-2.0	0	0.00384728564908	0.726474261467	17	0
-86.0	0	0.0272959600302	0.713653634246	17	0
8.5	0	0.10105565187	0.709425185515	17	0
92.5	0	0.159848265267	0.729931276892	17	0
97.0	0	0.18646557799	0.741117517821	17	0
89.5	0	0.205721425619	0.76909784043	18	0
89.5	0	0.0301088857963	0.783988472535	19	0
8.5	0	0.0790085865244	0.790122617577	20	0
8.5	0	0.0444986632476	0.80968947018	21	0
89.5	0	0.183861448241	0.824722786225	22	0
89.5	0	0.455454533602	0.862588479598	23	0
97.0	0	0.473619720331	0.869329717069	24	0
112.0	0	0.556084493668	0.915005745644	25	0
140.5	0	0.618075053699	0.927325271711	26	0
140.5	0	0.531248832285	0.906136837932	27	0
158.5	0	0.617122271489	0.939407082524	28	0
158.5	0	0.633377326001	0.937143801856	29	0
158.5	0	0.674537179292	0.986919782389	30	0
158.5	0	0.62868685814	1.00284610553	31	0
140.5	0	0.673709735054	1.00681575037	32	0
140.5	0	0.640937819911	1.01906810306	33	0
158.5	0	0.801429074339	1.09121487786	34	0
140.5	0	0.864683475879	1.13169947863	35	0
163.0	0	0.98341085735	1.16500918402	36	0
179.5	0	1.01178398391	1.16277674072	36	0
179.5	0	0.97930749149	1.16413535119	36	0
163.0	0	0.984912349036	1.16621492636	36	0
146.5	0	0.972602217475	1.19185950605	36	0
146.5	0	0.888657144349	1.17505138106	36	0
143.5	0	0.877316792984	1.17982458195	36	0
143.5	0	0.906282972198	1.14425522238	36	0
143.5	0	0.811415026225	1.12395793429	36	0
143.5	0	0.93097677024	1.15619590298	36	0
143.5	0	0.916222636423	1.18471425864	37	0
154.0	0	0.877498301151	1.19286929795	38	0
154.0	0	0.800898750023	1.22153078751	39	0
154.0	0	0.884271605149	1.14179872637	38	0
154.0	0	0.869796833821	1.13564328822	38	0
154.0	0	1.08115961004	1.16611784206	39	0
154.0	0	1.12936763951	1.18149358369	39	0
154.0	0	1.17008012952	1.1951441968	39	0
154.0	0	1.11821728638	1.17641491617	39	0
154.0	0	1.1087215033	1.15137863598	39	0
154.0	0	1.11043147375	1.08861614146	38	0
154.0	0	1.10925349815	1.06673119552	37	0
154.0	0	1.18163547444	0.980563243274	36	0
154.0	0	1.20409179818	0.980715604434	35	0
154.0	0	1.34540545606	0.992332767403	34	0
143.5	0	1.41407486737	1.00111995427	33	0
68.5	0	1.4577860811	0.977157353902	32	0
68.5	0	1.39569464171	0.926290702549	31	0
-21.5	0	1.33773401298	0.93263539664	30	0
-21.5	0	1.30317177645	0.932279345365	29	0
-21.5	0	1.17538017394	0.914419611169	28	0
-21.5	0	1.27941911019	0.885544200884	27	0
-21.5	0	1.36463480756	0.82806730561	26	0
-2.0	0	1.39635787877	0.783605678488	25	0
88.0	0	1.27289331697	0.696318156077	24	0
88.0	0	1.20450680392	0.67314482692	23	0
88.0	0	1.13156974332	0.667845688792	22	0
143.5	0	1.04861157019	0.70768446564	21	0
88.0	0	1.04302180283	0.69602678157	20	0
143.5	0	0.988069796248	0.701973777747	19	0
88.0	0	0.951914358544	0.701995076827	18	0
88.0	0	1.0153987789	0.702656432494	17	0
37.0	0	0.918465705818	0.700424338511	17	0
37.0	0	0.785824439882	0.68064027202	17	0
37.0	0	0.824926458864	0.660077884996	17	0
85.0	0	0.946114099155	0.63952300369	17	0
83.5	0	1.02788723865	0.618527498055	17	0
128.5	0	1.04405902403	0.622028620092	18	0
151.0	0	1.20142955796	0.630697972485	19	0
175.0	0	1.04682547651	0.564516962153	19	0
175.0	0	1.00867069394	0.535634259817	19	0
151.0	0	0.999314505742	0.551203435016	19	0
151.0	0	0.904727612298	0.535232821924	19	0
175.0	0	0.688174096722	0.606988712591	19	0
172.0	0	0.700506011144	0.60138341572	19	0
175.0	0	0.665321584024	0.613175443157	19	0
175.0	0	0.65605000017	0.618317064957	20	0
172.0	0	0.659198562401	0.615555812718	21	0
172.0	0	0.726038105189	0.625086920426	22	0
172.0	0	0.781365303597	0.645362350599	23	0
151.0	0	0.660937518721	0.69883804375	24	0
151.0	0	0.634237313763	0.722754900412	25	0
172.0	0	0.557060167944	0.801015628675	26	0
175.0	0	0.471861942356	0.791498042551	27	0
175.0	0	0.46132607559	0.790597266958	28	0
175.0	0	0.444322363305	0.812398085957	29	0
179.5	0	0.406427847113	0.831399581865	30	0
181.0	0	0.415145263193	0.868068418006	31	0
181.0	0	0.414521780533	0.843314960052	31	0
179.5	0	0.50797463629	0.793533514111	31	0
175.0	0	0.625819360997	0.810186994158	31	0
172.0	0	0.653661428746	0.870751102699	31	0
175.0	0	0.456297889056	0.930433207255	31	0
176.5	0	0.385023890753	0.915464697671	31	0
176.5	0	0.451020722773	0.989788262826	31	0
172.0	0	0.557879325894	0.983937831735	31	0
176.5	0	0.442001696439	1.01458010188	30	0
172.0	0	0.37794832832	0.994625143116	29	0
176.5	0	0.384901313469	0.990160069873	28	0
176.5	0	0.418791207633	0.987806524401	27	0
181.0	0	0.345850779019	0.991755912293	26	0
184.0	0	0.389950192238	0.960196198774	25	0
209.5	0	0.440369401559	0.922480886298	24	0
209.5	0	0.48566040146	0.874729642756	23	0
238.0	0	0.315652143339	0.857001063692	22	0
238.0	0	0.246777311648	0.914269926734	22	0
238.0	0	0.21788697504	0.95094953366	22	0
209.5	0	0.169067245538	0.962691470297	22	0
209.5	0	0.051682782029	0.935349679689	22	0
209.5	0	0.08962154729	1.00783673793	23	0
209.5	0	0.101424489685	1.03114344199	23	0
235.0	0	0.0645385246793	0.986096400261	23	0
235.0	0	0.129205447475	1.01279830841	23	0
235.0	0	0.24775746901	1.02008548717	23	0
256.0	0	0.152676080222	1.00293363763	23	0
281.5	0	0.13098298562	1.01929913381	23	0
256.0	0	0.135669145293	1.01168421462	23	0
256.0	0	0.108177237395	1.00102531433	23	0
256.0	0	0.161938254688	0.989977428187	23	0
235.0	0	0.149865436714	0.963667156172	23	0
256.0	0	0.276917964257	0.952815302807	23	0
281.5	0	0.297668560748	0.94890510169	23	0
281.5	0	0.273978194004	0.962011642342	23	0
281.5	0	0.345581919707	0.936606234562	23	0
281.5	0	0.22922355816	0.861935333623	23	0
281.5	0	0.220630225209	0.746581701007	23	0
281.5	0	0.222298393693	0.744226479017	23	0
263.5	0	0.0590781035716	0.747118190307	23	0
281.5	0	0.141009293557	0.745887426301	23	0
281.5	0	0.0309645903598	0.784453904449	23	0
281.5	0	0.0758657064512	0.720323780191	23	0
281.5	0	0.0150052404463	0.714047455649	23	0
323.5	0	0.109798174358	0.717809695892	23	0
263.5	0	0.0218707099856	0.831108448391	23	0
358.0	0	0.0656191204226	0.77825883874	23	0
358.0	0	0.168203980522	0.809411134208	23	0
358.0	0	0.328694685418	0.784392730039	23	0
358.0	0	0.493777844887	0.836181670092	23	0
263.5	0	0.481474909874	0.841751645041	23	0
245.5	0	0.466710705107	0.843256926611	23	0
211.0	0	0.439394129873	0.829870820761	23	0
178.0	0	0.304983157986	0.839437912869	23	0
178.0	0	0.279637777024	0.837760336581	23	0
178.0	0	0.477075619659	0.906845001219	23	0
178.0	0	0.628496030261	0.935747602001	23	0
178.0	0	0.527305326846	0.863521260657	22	0
178.0	0	0.607355373563	0.865980901356	21	0
211.0	0	0.483272321218	0.875376754983	21	0
211.0	0	0.412583140442	0.873704594108	21	0
178.0	0	0.425928617444	0.898522568534	21	0
169.0	0	0.479384810455	0.893756391294	21	0
149.5	0	0.559214479199	0.911452139656	21	0
113.5	0	0.611757965954	0.884090892929	21	0
113.5	0	0.687963407037	0.848995772674	20	0
91.0	0	0.84410795792	0.822337687472	19	0
77.5	0	0.871346753601	0.784642494607	18	0
26.5	0	0.746821607281	0.869895902971	17	0
-17.0	0	0.551828996305	0.844479206335	16	0
-17.0	0	0.401802461453	0.85192289208	15	0
-17.0	0	0.39868042481	0.902734969519	15	0
-26.0	0	0.269929891624	0.8949943044	16	0
-26.0	0	0.30219454662	0.890513257697	17	0
-42.5	0	0.220744172961	0.884248645144	18	0
-66.5	0	0.194096557561	0.935646119673	19	0
-42.5	0	0.293088580752	1.0115206175	20	0
-66.5	0	0.301962244823	1.17762798992	21	0
-123.5	0	0.233064899404	1.22208004481	22	0
-171.5	0	0.403354841804	1.23451703953	23	0
-171.5	0	0.398878786532	1.18839886007	23	0
-171.5	0	0.393416752448	1.20374928357	23	0
-123.5	0	0.444697771065	1.25727699208	23	0
-123.5	0	0.345919558145	1.2216656724	23	0
-171.5	0	0.34989418919	1.20295580667	23	0
-123.5	0	0.465629564629	1.1265192195	23	0
-171.5	0	0.490709562868	1.14946049327	23	0
-123.5	0	0.372079576957	1.17965172135	23	0
-123.5	0	0.316732099811	1.21311649953	23	0
-123.5	0	0.266248488244	1.20421684079	23	0
-123.5	0	0.139272473153	1.21704752428	23	0
-120.5	0	0.0576879123026	1.20419253866	24	0
-63.5	0	0.131913631709	1.22127354812	25	0
-69.5	0	0.204347026137	1.23226768108	26	0
-120.5	0	0.359208681181	1.24307050021	27	0
-69.5	0	0.330208130089	1.1916113415	27	0
-69.5	0	0.172465093886	1.20185167412	27	0
-59.0	0	0.293413863955	1.23457804108	27	0
-39.5	0	0.206337692191	1.16125915893	27	0
-59.0	0	0.162746764271	1.0635613442	27	0
-69.5	0	0.334999157967	1.11253210645	27	0
-69.5	0	0.3611971152	1.0608709776	27	0
-45.5	0	0.324303807346	1.05212220701	27	0
-45.5	0	0.263910807272	1.06348577357	27	0
-45.5	0	0.334403260505	1.06641427219	27	0
-45.5	0	0.101050609508	1.10136029424	27	0
-32.0	0	0.02202835165	1.15967390659	27	0
-6.5	0	0.0988440159535	1.17702020715	26	0
-6.5	0	0.262177908668	1.0473286936	25	0
-6.5	0	0.458662910077	1.09826798514	24	0
-6.5	0	0.540183222673	1.10662701421	23	0
-6.5	0	0.500821338273	1.10580267811	22	0
23.5	0	0.652746109274	1.12683586983	21	0
-6.5	0	0.475265429306	1.08205810553	20	0
-6.5	0	0.60544417706	1.09251457222	19	0
-6.5	0	0.594815004711	1.07999849845	18	0
-6.5	0	0.563214888282	1.08580822196	18	0
-6.5	0	0.53728171118	1.04788876118	18	0
-6.5	0	0.606306855623	1.03253538663	19	0
-6.5	0	0.53790082241	1.04392996943	20	0
-32.0	0	0.519202308441	1.15168785853	21	0
-47.0	0	0.583091869854	1.18597745641	21	0
-60.5	0	0.669981530851	1.23981720987	21	0
-47.0	0	0.584409375935	1.26810615092	21	0
-47.0	0	0.644436496071	1.24167086969	20	0
-60.5	0	0.712191855492	1.24327972094	19	0
-60.5	0	0.636350267912	1.20251319245	18	0
-60.5	0	0.679479070784	1.17796306695	17	0
-47.0	0	0.718671722099	1.16846962179	16	0
-60.5	0	0.645133801312	1.17719020397	15	0
-62.0	0	0.785986727086	1.16832591444	15	0
-62.0	0	0.724533862537	1.1861304189	16	0
-62.0	0	0.679460359708	1.18673035898	17	0
-57.5	0	0.645953693829	1.16751067652	17	0
-57.5	0	0.490724776039	1.17959141328	17	0
-59.0	0	0.344936679517	1.19643356339	17	0
-59.0	0	0.331853859298	1.12183347186	17	0
-59.0	0	0.407455092986	1.07669229692	17	0
-59.0	0	0.40946683274	1.10311201777	17	0
-59.0	0	0.562147702041	1.16710663222	17	0
-59.0	0	0.488429521649	1.15129308426	17	0
-59.0	0	0.482961030772	1.17361139546	17	0
-62.0	0	0.480983008475	1.18595530019	17	0
-62.0	0	0.495155462384	1.18919355584	17	0
-71.0	0	0.370223851825	1.20046980761	17	0
-92.0	0	0.51175807869	1.19168027106	17	0
-113.0	0	0.461182936541	1.2036791268	17	0
-159.5	0	0.352483188163	1.19990626958	17	0
-159.5	0	0.340631701099	1.20971394945	17	0
-203.0	0	0.401905103687	1.21198788127	17	0
-159.5	0	0.403252041559	1.20225228017	17	0
-119.0	0	0.423549788545	1.16638036391	17	0
-119.0	0	0.460320959239	1.11565772073	17	0
-107.0	0	0.618510161476	1.18310019025	17	0
-86.0	0	0.587269956923	1.17792713173	16	0
-68.0	0	0.596313978508	1.17455555977	15	0
-68.0	0	0.460362676301	1.19228535151	14	0
-59.0	0	0.340159658742	1.15050582587	13	0
-57.5	0	0.360658834587	1.12142787284	13	0
-59.0	0	0.371989451686	1.14223913555	14	0
-51.5	0	0.352017354722	1.11686525408	15	0
-51.5	0	0.267275019135	1.08363155524	16	0
-51.5	0	0.18438817533	1.03436713275	17	0
-51.5	0	0.288867505319	1.02334333195	18	0
-51.5	0	0.262414059451	1.04685339763	19	0
-17.0	0	0.0303730648014	1.05209674376	20	0
29.5	0	0.0843952563913	1.07038121024	19	0
29.5	0	0.0813263332833	1.03757594389	19	0
-17.0	0	0.193561546342	0.998426038669	19	0
-11.0	0	0.106291238455	0.987569178071	19	0
-11.0	0	0.124414615693	1.00600337222	19	0
-38.0	0	0.0729639192001	1.00733095934	19	0
-38.0	0	0.0831781278522	0.994650990578	19	0
-45.5	0	0.112128966637	1.00529602806	19	0
-45.5	0	0.20117030544	1.03493822383	20	0
-38.0	0	0.267717580816	1.07445965449	21	0
-38.0	0	0.374707976901	1.13039400859	22	0
-45.5	0	0.374025816056	1.16798426073	23	0
-71.0	0	0.242185917525	1.17190803315	24	0
-71.0	0	0.370703719674	1.17417671884	24	0
-71.0	0	0.408535104627	1.15829235751	24	0
-80.0	0	0.265010953241	1.16587624967	24	0
-80.0	0	0.225220390828	1.14451220564	24	0
-80.0	0	0.256817026531	1.14373983383	24	0
-80.0	0	0.309263667027	1.14908633252	24	0
-56.0	0	0.305779153061	1.12337332674	24	0
-56.0	0	0.258061564126	1.07564479212	24	0
-45.5	0	0.342448214706	1.09031878493	24	0
-45.5	0	0.345160830547	1.11486226009	24	0
-45.5	0	0.400595806104	1.0985916001	24	0
-45.5	0	0.471026583815	1.09407632132	24	0
-45.5	0	0.434971164296	1.13109033453	24	0
-45.5	0	0.345041883415	1.15475584963	24	0
-45.5	0	0.475610471994	1.11090382805	23	0
-56.0	0	0.581446895691	1.15462403072	22	0
-56.0	0	0.555407089907	1.14595813034	21	0
-56.0	0	0.657604758267	1.12448178407	22	0
-56.0	0	0.747293176576	1.13003056986	23	0
-56.0	0	0.726947048396	1.13673635995	24	0
-39.5	0	0.802953944695	1.10761082207	25	0
-56.0	0	0.860561753089	1.12657973721	26	0
-39.5	0	0.858325389742	1.13715098184	27	0
-39.5	0	0.900134945748	1.16937953015	28	0
-56.0	0	0.8898852079	1.20196139542	29	0
-39.5	0	0.809500851123	1.19823839381	30	0
-56.0	0	1.00545257494	1.17902132299	31	0
-56.0	0	0.995123767273	1.17471212516	31	0
-56.0	0	1.04674076401	1.16716002941	31	0
-56.0	0	1.1675431758	1.1798051717	30	0
-56.0	0	1.04124971399	1.14749804661	29	0
-44.0	0	1.02840919872	1.13153380993	28	0
-53.0	0	0.8834314849	1.13101672638	27	0
-53.0	0	0.779487364721	1.14423416654	26	0
-26.0	0	0.641458423225	1.11485767201	25	0
14.5	0	0.633072142337	1.07913072837	24	0
-26.0	0	0.464847859841	1.07221326264	24	0
-26.0	0	0.536520701172	1.06418608443	24	0
32.5	0	0.465905059454	1.07620797675	24	0
73.0	0	0.665952390464	1.08467524668	24	0
77.5	0	0.583522491947	1.09346293124	25	0
77.5	0	0.543660524658	1.12407365241	26	0
77.5	0	0.668262805836	1.27201558805	27	0
77.5	0	0.726232059396	1.28356500128	28	0
77.5	0	0.682955335138	1.27731944303	29	0
91.0	0	0.67148872926	1.27582508005	30	0
77.5	0	0.678238136905	1.30870431436	31	0
77.5	0	1.01089205628	1.28262170607	30	0
77.5	0	0.954633053446	1.28857815693	29	0
73.0	0	0.975932426053	1.2988178495	28	0
73.0	0	0.865800340256	1.29652989008	27	0
16.0	0	0.652294523184	1.28767275494	26	0
16.0	0	0.718062014378	1.26639950261	25	0
-39.5	0	0.791860937551	1.29298779904	24	0
16.0	0	0.655297197468	1.31235239419	23	0
16.0	0	0.53400803407	1.25012558676	22	0
-29.0	0	0.464791209517	1.26276466594	21	0
-39.5	0	0.543712768682	1.27162866982	20	0
-41.0	0	0.605700648194	1.25910581725	19	0
-41.0	0	0.605805672105	1.24348587677	19	0
-51.5	0	0.585958122166	1.22508329579	20	0
-51.5	0	0.662304580276	1.1654917488	21	0
-51.5	0	0.649067090799	1.15662929944	22	0
-51.5	0	0.611005895374	1.16516033345	23	0
-41.0	0	0.517362849053	1.14548714004	24	0
-41.0	0	0.588283093749	1.14101611681	25	0
-41.0	0	0.516528890952	1.1648364687	26	0
-41.0	0	0.558950048935	1.18776983557	27	0
-41.0	0	0.670683418364	1.25567035845	28	0
-39.5	0	0.642319980028	1.29179904211	29	0
-41.0	0	0.6899216448	1.3318567383	30	0
-41.0	0	0.755627530594	1.29960913755	30	0
-41.0	0	0.808935114408	1.2898879667	30	0
-41.0	0	0.937543941069	1.27971330393	30	0
-41.0	0	1.03619459351	1.33348797784	30	0
-51.5	0	1.09661596056	1.33435820614	30	0
-41.0	0	1.26597261006	1.32092686017	29	0
-41.0	0	1.24034193388	1.30552207923	28	0
-41.0	0	1.258036614	1.31507235846	27	0
-41.0	0	1.16204012259	1.34059216078	26	0
-41.0	0	1.09190156089	1.35788555462	25	0
-39.5	0	1.11720792355	1.30412466719	24	0
-29.0	0	1.09065536573	1.16123164727	24	0
-30.5	0	1.06956048356	1.17982241613	25	0
5.5	0	1.09455405279	1.18871387589	26	0
5.5	0	1.10556172442	1.18409458598	27	0
53.5	0	1.10279882604	1.18452294191	28	0
100.0	0	0.883874637183	1.23329164048	29	0
100.0	0	0.793345282037	1.22104944117	30	0
125.5	0	0.750245580794	1.18436259435	30	0
143.5	0	0.826244311323	1.14058235063	30	0
143.5	0	0.914626652373	1.1642994117	30	0
143.5	0	0.875942007468	1.16496931752	29	0
143.5	0	0.879224354308	1.12894245157	28	0
125.5	0	0.832392663568	1.11487842621	27	0
125.5	0	0.856975154362	1.08959878569	26	0
125.5	0	0.944194242266	1.15060171822	25	0
125.5	0	0.741156231246	1.1790413138	24	0
125.5	0	0.713242406665	1.22282186219	23	0
125.5	0	0.732413438125	1.27127450651	22	0
125.5	0	0.826450409148	1.30408583934	21	0
125.5	0	0.714435861013	1.34156464583	22	0
100.0	0	0.719171498486	1.34599674846	23	0
100.0	0	0.702260548362	1.334815369	24	0
53.5	0	0.761398738217	1.31543286589	25	0
-3.5	0	0.801755127296	1.31932935183	26	0
-3.5	0	0.715486162297	1.30410265341	27	0
-3.5	0	0.649031488457	1.27838336697	28	0
-3.5	0	0.591509295801	1.25930891842	29	0
-60.5	0	0.538872482401	1.21679119255	30	0
-3.5	0	0.547414436503	1.17484701427	31	0
-60.5	0	0.567443917631	1.17456867942	32	0
-60.5	0	0.601528313591	1.15582563167	33	0
-111.5	0	0.582413166066	1.14507483949	34	0
-111.5	0	0.629188525343	1.10480553098	34	0
-111.5	0	0.596422534674	1.10668589324	34	0
-150.5	0	0.626894992823	1.13134836268	34	0
-177.5	0	0.492836837081	1.14841212003	34	0
-177.5	0	0.505748125259	1.13222676915	33	0
-203.0	0	0.324513107897	1.13707841733	32	0
-233.0	0	0.461562118422	1.14958424896	31	0
-233.0	0	0.485458420271	1.13690707598	30	0
-233.0	0	0.555584328237	1.08609245616	29	0
-203.0	0	0.577072333119	1.03389731059	28	0
-233.0	0	0.53709201842	0.967584953077	28	0
-233.0	0	0.521096216731	0.970229413927	28	0
-233.0	0	0.519584903831	0.938645707625	28	0
-258.5	0	0.55180245907	0.911717813264	28	0
-258.5	0	0.608066293613	0.915351761589	28	0
-258.5	0	0.59290916698	0.945098401384	28	0
-258.5	0	0.438596136423	0.951578497372	28	0
-233.0	0	0.373092703785	0.930478512266	27	0
-233.0	0	0.396584574627	0.928357143831	26	0
-233.0	0	0.242021047452	0.958849692409	25	0
-186.5	0	0.333537347146	0.93232387243	24	0
-161.0	0	0.350351648155	0.913341216129	23	0
-161.0	0	0.31138294706	0.792202878244	22	0
-150.5	0	0.505226920004	0.705590182322	21	0
-117.5	0	0.437279567848	0.662940669654	20	0
-89.0	0	0.322331837047	0.621898429756	19	0
-60.5	0	0.0639800592457	0.582952938666	18	0
-18.5	0	0.00680897441992	0.584979132916	17	0
47.5	0	0.0260898394612	0.586286700529	16	0
116.5	0	0.0547508487298	0.555476349449	16	0
116.5	0	0.050815438411	0.484089271086	16	0
116.5	0	0.041937497434	0.598255389549	16	0
47.5	0	0.202295461503	0.590526161482	15	0
116.5	0	0.224054484058	0.590526161482	14	0
47.5	0	0.289358244365	0.580809975843	13	0
47.5	0	0.309145054082	0.629089820525	13	0
-14.0	0	0.476908109274	0.676701083058	13	0
47.5	0	0.43059574808	0.667905361173	13	0
61.0	0	0.434354766629	0.682539524074	13	0
61.0	0	0.535855871607	0.65802039064	13	0
14.5	0	0.493463774026	0.619856288182	13	0
61.0	0	0.482126419013	0.650593455892	13	0
116.5	0	0.397380043214	0.649261499339	12	0
116.5	0	0.498027958379	0.688252597049	12	0
61.0	0	0.488453659901	0.695403060772	12	0
61.0	0	0.76137783713	0.645812878772	12	0
116.5	0	0.603916729639	0.60369592885	12	0
61.0	0	0.572444658819	0.662445715113	12	0
118.0	0	0.51422326499	0.699777664037	12	0
61.0	0	0.520585126636	0.718531019295	12	0
61.0	0	0.450349438651	0.79405540154	12	0
61.0	0	0.461977862278	0.78637088431	13	0
61.0	0	0.516330802125	0.827486962612	14	0
104.5	0	0.499483755295	0.81693706503	15	0
104.5	0	0.539214716967	0.794100369844	16	0
104.5	0	0.575212413345	0.771490637885	17	0
61.0	0	0.702532067564	0.762269465073	18	0
43.0	0	0.797549821271	0.785056198051	19	0
86.5	0	0.816096995415	0.773202586708	20	0
86.5	0	0.97581999337	0.753285146862	21	0
86.5	0	0.914861941621	0.803318669939	22	0
43.0	0	0.872710013644	0.853046834977	23	0
86.5	0	0.86666198486	0.896760736698	24	0
77.5	0	0.796494512207	0.94912359708	25	0
77.5	0	0.848716380461	0.940297865584	25	0
43.0	0	1.03056865878	0.957583334876	25	0
-0.5	0	1.22096784417	0.952952500082	25	0
-0.5	0	1.30914682733	0.958833847364	25	0
-45.5	0	1.42637307329	0.961867404226	26	0
-77.0	0	1.63458877349	0.969254312169	27	0
-45.5	0	1.64510353477	1.06352508833	28	0
-45.5	0	1.74132863661	0.979123707896	29	0
-0.5	0	1.64395355459	0.976725075775	30	0
-45.5	0	1.59099367833	1.04394593806	31	0
-17.0	0	1.41441184229	1.04176558671	32	0
28.0	0	1.44252118331	1.00351505247	33	0
43.0	0	1.28615694488	0.973741253642	34	0
28.0	0	1.27424377471	1.02638184848	35	0
-17.0	0	1.3600713658	0.982856667846	36	0
43.0	0	1.13151001141	1.0125743873	37	0
77.5	0	1.24192409929	1.04773606911	37	0
77.5	0	1.23800239989	1.03308708266	36	0
77.5	0	1.29981434484	1.01771638485	35	0
77.5	0	1.20866578347	0.93964377837	35	0
106.0	0	1.1905642066	0.914872994028	35	0
116.5	0	1.12683154592	0.941453589916	35	0
116.5	0	1.14300361862	0.956195221789	36	0
116.5	0	1.17803926719	0.92239713304	36	0
116.5	0	1.17725955383	0.915829782855	36	0
118.0	0	1.0935587967	0.917248404156	36	0
152.5	0	1.04493408963	0.892289728883	36	0
152.5	0	1.05358927383	0.904214657663	36	0
194.5	0	0.973507795249	0.905083009926	36	0
194.5	0	0.979608604061	0.924456958953	36	0
152.5	0	0.911522109146	0.950990801565	36	0
152.5	0	0.889111152714	0.976102550731	36	0
152.5	0	0.868185522998	1.02538132636	36	0
152.5	0	0.843340438694	1.02493260301	36	0
118.0	0	0.79719601822	1.01231471419	36	0
113.5	0	0.809386119201	1.01952531819	36	0
118.0	0	0.70636943223	0.988323811461	36	0
118.0	0	0.587303534481	0.986534981861	36	0
113.5	0	0.558276447368	0.955667985296	35	0
160.0	0	0.548847368948	0.946452826271	34	0
215.5	0	0.460774577632	0.951042108989	33	0
215.5	0	0.357652721553	0.905221887346	32	0
232.0	0	0.322868916202	0.884408186673	31	0
232.0	0	0.392046600402	0.834417478868	30	0
250.0	0	0.34470311144	0.782447859995	29	0
250.0	0	0.274858351318	0.766034015006	28	0
232.0	0	0.175053620709	0.738258627011	27	0
232.0	0	0.140373394718	0.682193993916	26	0
226.0	0	0.119248515382	0.667153475531	26	0
232.0	0	0.154443557317	0.637852074023	26	0
226.0	0	0.276504407993	0.664199182873	26	0
212.5	0	0.2013144949	0.676652732096	26	0
212.5	0	0.281460561454	0.672787088497	26	0
212.5	0	0.303331828818	0.63970644957	26	0
212.5	0	0.188507877818	0.660937988183	26	0
212.5	0	0.314967120143	0.669934892608	26	0
161.5	0	0.245109271778	0.711173902138	26	0
115.0	0.0858888543926	0.445670948178	0.729195674849	26	0
115.0	0.0858390815229	0.470779255888	0.718279489467	26	0
115.0	0.0857830215692	0.613393142954	0.76706391908	26	0
86.5	0.0863398153453	0.667522066333	0.786875936346	25	0
40.0	0.0865636825033	0.714565081171	0.760780172511	24	0
11.5	0.0870105846675	0.902631127556	0.736254636525	23	0
40.0	0.0861353116147	0.875032043882	0.742405960893	22	0
-8.0	0.0863644044417	0.846307403856	0.76434091051	22	0
-8.0	0.0858655908838	0.883598600443	0.768192792511	22	0
-35.0	0.0862421556054	1.07080372265	0.749355613943	22	0
-59.0	0.0863820111567	1.05774239476	0.71708782073	22	1
-75.5	0.0864812787449	1.14201663308	0.676652797073	22	1
-84.5	0.0866760050198	1.27511916012	0.664177547354	22	1
-84.5	0.0867676598921	1.37056307113	0.632906822107	23	1
-101.0	0.0868938826884	1.43599244909	0.656548665366	24	1
-125.0	0.0870599925193	1.50125954102	0.667169760486	25	1
-125.0	0.0869010794031	1.5658190337	0.636443048713	26	1
-125.0	0.0868812131228	1.55436187811	0.670275816922	27	1
-96.5	0.0866147357165	1.46449978604	0.681592190136	28	1
-96.5	0.0865331363928	1.57693529487	0.706599361016	29	1
-96.5	0.0865720001591	1.84633523148	0.706876679572	30	1
-96.5	0.0866038523403	1.9101535586	0.722520301908	31	1
-153.5	0.0869083579483	2.02532624595	0.759598860974	32	1
-203.0	0.0870585288514	2.2018808578	0.757495556891	33	1
-212.0	0.0871268719125	2.26216321113	0.782658595082	33	1
-237.5	0.0877499137017	2.36922180509	0.824465476112	33	1
-266.0	0.0879452003803	2.38237454694	0.877503153275	33	1
-273.5	0.0882441158105	2.33620452816	0.906617678971	33	1
-284.0	0.0884907783449	2.38706506666	0.944989866751	33	1
-290.0	0.0887768126108	2.53253769891	0.950362564906	33	1
-291.5	0.0888973845878	2.50471246917	0.980907895785	34	1
-291.5	0.0888969298286	2.53998856544	1.01352804296	35	1
-315.5	0.0897335113381	2.65329433419	0.995392648674	36	1
-315.5	0.0893755335072	2.71687593389	0.9859186961	37	1
-314.0	0.0892282839609	2.8412714944	0.992643396191	38	1
-314.0	0.0893448629641	2.83366404378	0.989477096275	39	1
-314.0	0.0894135189577	2.78563650061	1.00660201404	40	1
-314.0	0.0891123764257	2.86653438965	1.02056903556	40	1
-341.0	0.0896286732254	2.96854644297	0.983971894446	80	1
-341.0	0.0896790431873	2.98804561637	0.978354196553	80	1
-314.0	0.0895322972456	2.93324232898	0.965378897194	80	1
-314.0	0.0898283551447	2.91706410855	0.955953526926	80	1
-314.0	0.0898387366046	2.99680237278	0.961119026227	80	1
-287.0	0.0898127242517	2.95152399915	0.927540468851	40	1
-287.0	0.0898906886641	2.97993906234	0.980782487246	39	1
-287.0	0.0899219482009	2.74167556943	1.03167195134	39	1
-314.0	0.0914933579826	2.74754320442	1.03784081959	38	1
-344.0	0.091668239768	2.83605626456	1.02534735515	37	1
-350.0	0.0929828947409	2.93383532973	1.04518215001	37	1
-344.0	0.0924284303744	2.96609306066	1.06839814641	37	1
-350.0	0.0926424087919	3.07159005536	1.05325814192	37	1
-350.0	0.0918756629305	2.94364312777	1.07653226178	36	1
-350.0	0.0919344372112	2.96389520319	1.14829877924	35	1
-344.0	0.091617915152	2.89324495102	1.11829165587	34	1
-314.0	0.0907990254824	2.83459212117	1.09238138047	33	1
-287.0	0.0904943449217	2.82366674081	1.0353676777	32	1
-287.0	0.0905848299869	2.65696634598	1.06672577571	31	1
-314.0	0.0907555773698	2.59614979823	0.973820027238	30	1
-314.0	0.0909733489833	2.65702247526	0.925020121215	29	1
-314.0	0.0915223238028	2.6819813496	0.895066933712	28	1
-314.0	0.0912589648312	2.57433773087	0.910259286513	27	1
-287.0	0.0905157132891	2.55677762859	0.938417360932	26	1
-273.5	0.090273211684	2.43535946919	0.875859322294	25	1
-273.5	0.0901274643842	2.29495241275	0.872942440696	24	1
-261.5	0.0901114102144	2.26505372895	0.891328835878	23	1
-242.0	0.0897496312733	2.15792297815	0.889808586558	23	1
-242.0	0.0896728220105	1.98909687901	0.883431740301	23	1
-242.0	0.089806367134	1.82818244681	0.914793982069	22	1
-188.0	0.0895512437121	1.76931994072	0.860464372872	21	1
-146.0	0.0893767760877	1.63242331931	0.871802417622	20	1
-128.0	0.0890995724334	1.62202394871	0.836874568518	19	1
-116.0	0.0890422716566	1.61525953599	0.818249388025	18	1
-113.0	0.0886145846066	1.64885323055	0.831270064344	17	1
-116.0	0.0888818531142	1.58025659297	0.821275209234	16	1
-128.0	0.0890375128323	1.59819647777	0.841749881759	15	1
-128.0	0.0876920315761	1.51387843921	0.848256212302	14	1
-128.0	0.0877002259681	1.51896785127	0.823469833063	13	1
-128.0	0.0875256982856	1.45926405479	0.830967808632	13	1
-116.0	0.0871982893359	1.34605280481	0.868017694027	13	1
-113.0	0.0870333535694	1.10934132481	0.887319041178	14	0
-77.0	0.0869652242619	0.975835456961	0.892530972673	15	0
-113.0	0.087082890713	0.988372786302	0.929182319724	16	0
-113.0	0.0870714341185	0.854491011513	0.937878135917	17	0
-56.0	0.0868528451508	0.877994718018	0.98857905839	18	0
19.0	0.0864955535009	0.684511758046	0.982399590708	19	0
49.0	0.086097716897	0.779006178518	0.923388412625	19	0
49.0	0.0860061327288	0.774801986553	0.890738256032	19	0
59.5	0.0858357736438	0.706391161984	0.886547157736	19	0
86.5	0.0855081391134	0.608495545837	0.872346446922	19	0
86.5	0	0.512958446365	0.866539703616	19	0
104.5	0	0.402412495007	0.879179523874	19	0
104.5	0	0.4672014756	0.862049473762	19	0
127.0	0	0.320837621093	0.824246509026	19	0
127.0	0	0.349770771324	0.87193854281	19	0
104.5	0	0.358782098801	0.905124394066	20	0
79.0	0	0.301160149068	0.981843927719	21	0
79.0	0	0.475780706005	0.979215191509	22	0
104.5	0	0.422005503309	1.05052591562	23	0
104.5	0	0.401741985103	1.08147296817	24	0
104.5	0	0.402552491352	1.10841574293	25	0
79.0	0	0.404026525219	1.07890852455	25	0
79.0	0	0.548404781203	1.06484510388	25	0
104.5	0	0.685407503381	1.05753319452	25	0
119.5	0	0.794534508094	1.05347039515	25	0
119.5	0	0.760237446724	1.0348868237	25	0
119.5	0	0.768865533204	1.04067163846	25	0
155.5	0	0.924566287932	0.986105162558	25	0
155.5	0	1.05067426805	0.921836212831	25	0
173.5	0	1.06495994194	0.911863223854	25	0
173.5	0	1.08121096016	0.872785199868	25	0
173.5	0	1.11200683873	0.888080005889	25	0
173.5	0	1.06452434628	0.913150783279	25	0
173.5	0	0.895245720152	0.88749536579	25	0
173.5	0	0.84494672485	0.887586562185	24	0
173.5	0	0.701176236646	0.871134732642	23	0
155.5	0	0.773754257665	0.850874863413	22	0
155.5	0	0.793835754881	0.902571827717	21	0
155.5	0	0.659720005095	0.881766730313	21	0
119.5	0	0.743081317521	0.83308821028	21	0
155.5	0	0.843329034138	0.788507222612	21	0
155.5	0	0.823930742413	0.78542399147	21	0
155.5	0	0.802293164075	0.769953524103	21	0
155.5	0	0.829347015896	0.75481496048	21	0
119.5	0	0.788523756556	0.725903509845	21	0
119.5	0	0.81769969984	0.723578710111	21	0
119.5	0	0.830838391722	0.757639684841	21	0
119.5	0	0.815352346754	0.834147384435	21	0
95.5	0	0.832095760036	0.857289647621	21	0
85.0	0	0.833694785499	0.85893770935	21	0
85.0	0	0.72835677447	0.850608490408	21	0
83.5	0	0.590134014391	0.872941424362	21	0
83.5	0	0.6800326663	0.904188401992	21	0
74.5	0	0.656441525762	0.885553992991	22	0
64.0	0	0.675609173505	0.897091508742	23	0
74.5	0	0.561619002344	0.888974694436	24	0
74.5	0	0.542756905619	0.894541322347	25	0
64.0	0	0.407345977664	0.7379083233	25	0
38.5	0	0.618242385619	0.722361512093	25	0
38.5	0	0.622616494302	0.751011771346	25	0
38.5	0	0.566416198815	0.782502264009	25	0
37.0	0	0.582458153056	0.849489167175	25	0
13.0	0	0.427600291291	0.863277357409	25	0
2.5	0	0.294967285776	0.863694819363	25	0
2.5	0	0.2469527343	0.849722753241	25	0
7.0	0	0.19153248837	0.798445591949	25	0
7.0	0	0.21129014097	0.753135144882	25	0
2.5	0	0.0509887452892	0.685298849047	25	0
7.0	0	0.0819665676354	0.67684531995	25	0
2.5	0	0.157449807347	0.762406874648	25	0
2.5	0	0.162793009845	0.804165508528	25	0
-8.0	0	0.243701915976	0.922251655399	24	0
-8.0	0	0.325444169349	0.926971700167	23	0
-26.0	0	0.357720119355	0.955371869322	22	0
-26.0	0	0.48288881026	0.980904766711	21	0
-57.5	0	0.671880959207	0.973487649962	22	0
-57.5	0	0.694296666873	1.01882105573	23	0
-57.5	0	0.753507564777	0.949472946476	23	0
-57.5	0	0.946585557777	0.982268077461	23	0
-26.0	0	0.91226550545	1.07009764421	23	0
-57.5	0	1.02163229545	1.16913435353	22	0
-87.5	0	1.11367516244	1.22690163363	21	0
-57.5	0	1.21970851554	1.19323334272	20	0
-87.5	0	1.25058436034	1.21600504455	19	0
-87.5	0	1.24255522274	1.25123492879	19	0
-110.0	0	1.34941304849	1.22266239011	18	0
-110.0	0	1.29658367531	1.24756999531	17	0
-110.0	0	1.25191221912	1.22974757633	16	0
-131.0	0	1.34639782326	1.20508853472	15	0
-153.5	0	1.38660231314	1.17820494459	14	0
-177.5	0	1.46803752389	1.22220984549	13	0
-197.0	0	1.49990280255	1.27065990498	13	0
-197.0	0	1.48228000209	1.28073541665	14	0
-234.5	0	1.54303402396	1.32207066749	15	0
-273.5	0	1.54710533954	1.37752553342	16	0
-282.5	0	1.62311412223	1.4033221711	17	0
-276.5	0	1.58823633213	1.42072965451	18	0
-276.5	0	1.74424060063	1.57096725765	19	0
-276.5	0	1.70652851405	1.62013299739	20	0
-267.5	0	1.71388026298	1.62526013575	21	0
-267.5	0	1.84886093834	1.6215460902	22	0
-267.5	0	1.78247614323	1.63714723978	23	0
-234.5	0	1.7837085522	1.68568197799	24	0
-197.0	0	1.77099178634	1.76913407313	25	0
-239.0	0	1.81447375823	1.82209475776	26	0
-276.5	0	1.913900587	1.90281526507	27	0
-276.5	0	1.96289692358	1.91155786551	28	0
-239.0	0	2.09773065235	2.00364370227	29	0
-239.0	0	2.10718599206	2.0802834921	30	0
-239.0	0	2.08093642838	2.06246533705	31	0
-239.0	0	1.98876938684	2.02863929105	31	0
-195.5	0	1.76127465685	1.91473431287	31	0
-195.5	0	1.69599650336	1.93082135683	31	0
-195.5	0	1.7624253805	1.95215105352	31	0
-195.5	0	1.74012820962	1.9327203498	31	0
-195.5	0	1.65455001063	1.94903952719	31	0
-165.5	0	1.58987722258	1.91914427622	31	0
-195.5	0	1.60334806735	2.00298575217	31	0
-236.0	0	1.60976057421	2.00294967447	32	0
-236.0	0	1.49977275475	1.97762976427	33	0
-195.5	0	1.50996814039	1.90165218651	34	0
-236.0	0	1.37972615313	1.81729203782	35	0
-236.0	0	1.2880144743	1.83500689808	36	0
-225.5	0	1.13124822323	1.80637919257	37	0
-269.0	0	1.23911910779	1.77685505792	37	0
-230.0	0	1.18189312886	1.80818872238	37	0
-230.0	0	1.12420327838	1.73861673567	36	0
-269.0	0	1.2086356961	1.75453694485	35	0
-230.0	0	1.1774348424	1.74929931933	34	0
-230.0	0	1.09679263591	1.83073865355	33	0
-204.5	0	1.21535601019	1.78473818752	32	0
-189.5	0	1.31576666547	1.71127852625	31	0
-189.5	0	1.24322128488	1.70008100914	30	0
-165.5	0	1.16732420335	1.65148458496	29	0
-143.0	0	1.13684362424	1.58216003846	28	0
-143.0	0	0.979384823086	1.48599088863	27	0
-138.5	0	0.932456273129	1.44730008816	26	0
-138.5	0	0.853666238531	1.49264707218	25	0
-99.5	0	0.867833823818	1.43125333374	24	0
-102.5	0	0.851131753495	1.38554744775	23	0
-65.0	0	0.779584121854	1.30478419018	22	0
-65.0	0	0.94395225557	1.17441347265	21	0
-65.0	0	0.999133656414	1.08915023445	20	0
-65.0	0	0.957844391086	1.00049505321	19	0
-54.5	0	0.894022862266	1.00893257783	18	0
-39.5	0	0.831488126019	0.928324404513	18	0
-39.5	0	0.750233279684	0.9146453501	18	0
-54.5	0	0.728114607419	0.940435433792	18	0
-54.5	0	0.846997860238	0.900518544369	18	0
-54.5	0	0.708817352433	0.847824169762	18	0
-65.0	0	1.00742505071	0.854051103082	18	0
-65.0	0	1.16016737997	0.861198473055	17	0
-54.5	0	1.16447167324	0.794698526981	16	0
-29.0	0	1.12329875646	0.777189267771	15	0
-29.0	0	1.06482826272	0.750259876318	14	0
-29.0	0	1.06522851598	0.749099003377	13	0
1.0	0	0.935936861094	0.76314007671	12	0
19.0	0	0.850917730797	0.730627584712	11	0
19.0	0	0.839369280939	0.668754338692	10	0
58.0	0	0.91641698429	0.672484224312	10	0
19.0	0	0.861056356912	0.722817597486	10	0
37.0	0	0.948140281238	0.739643596158	10	0
37.0	0	0.840438003165	0.758457261952	10	0
70.0	0	1.0339552598	0.766340612406	10	0
70.0	0	0.954243246214	0.791160623095	11	0
98.5	0	0.989193438343	0.736845467257	11	0
70.0	0	1.07860426204	0.742591572596	11	0
70.0	0	1.04616464266	0.739332119981	11	0
70.0	0	1.00162714644	0.768838200397	11	0
98.5	0	0.998341006108	0.708256813359	11	0
98.5	0	1.15682031466	0.742032498008	11	0
98.5	0	1.15678329309	0.776475657496	11	0
118.0	0	1.07302628072	0.742477850916	12	0
98.5	0	1.16795438056	0.717280958813	13	0
70.0	0	1.26532641047	0.722483632768	14	0
70.0	0	1.4428862015	0.77494837377	15	0
70.0	0	1.55877847548	0.773250199445	16	0
70.0	0	1.59869875967	0.713284540545	17	0
70.0	0	1.53042616811	0.767143014401	18	0
98.5	0	1.50542538956	0.798700689152	19	0
70.0	0	1.44355760606	0.873888346011	20	0
70.0	0	1.2722559493	0.930451541668	21	0
46.0	0	1.25884463982	0.983001688741	22	0
46.0	0	1.26765459476	1.02391368408	23	0
46.0	0	1.32003404481	0.99409300489	24	0
34.0	0	1.41526532785	0.957150849804	25	0
4.0	0	1.47872469131	0.989161733371	25	0
34.0	0	1.47522220775	0.986689478609	25	0
4.0	0	1.36469254039	1.00992514316	25	0
34.0	0	1.44598127217	1.00372618595	25	0
34.0	0	1.2663582929	0.994054984024	25	0
34.0	0	1.18409283304	1.01359474454	25	0
34.0	0	1.09103609052	1.05272183146	25	0
34.0	0	1.07531571963	1.04397282442	25	0
34.0	0	1.10456603284	1.05888922702	25	0
34.0	0	1.27680876566	0.973342923514	25	0
4.0	0	1.50811671179	0.875757369757	25	0
-20.0	0	1.58983773383	0.873847905941	25	0
10.0	0	1.61417662374	0.909674681243	25	0
-80.0	0	1.62468319214	0.862335804879	24	0
10.0	0	1.76637824347	0.810789172168	23	0
-80.0	0	1.76919103172	0.824564843595	24	0
-150.5	0	1.91858380641	0.839535075895	25	0
-183.5	0	1.95718951388	0.83032424563	26	0
-183.5	0	2.00814118519	0.801673986378	26	0
-183.5	0	2.02531405079	0.784225293946	26	0
-183.5	0	1.99685830391	0.809024303848	26	0
-183.5	0	2.1216459176	0.727332481822	25	0
-123.5	0	2.11720532951	0.704392774973	24	0
-123.5	0	2.15893164826	0.672907244397	23	0
-83.0	0	1.82363489684	0.660600287733	22	0
-83.0	0	1.89288603362	0.670380335697	21	0
-83.0	0	1.9829874337	0.701591177406	20	0
-14.0	0	1.87362258976	0.700049085389	19	0
67.0	0	1.82389180363	0.661518020407	18	0
67.0	0	1.82837165593	0.633791963066	17	0
98.5	0	1.83407112772	0.563123659859	16	0
131.5	0	1.7032793567	0.583118978058	15	0
98.5	0	1.6341013978	0.585257750027	14	0
67.0	0	1.54421708702	0.565946546558	13	0
98.5	0	1.61049806442	0.539663461554	13	0
98.5	0	1.69838515383	0.499903791653	13	0
98.5	0	1.75159229402	0.50682912125	13	0
67.0	0	1.8166439242	0.461946148909	13	0
22.0	0	1.85973950603	0.48230118413	13	0
67.0	0	1.78286947823	0.583967139989	13	0
67.0	0	1.85816111361	0.600662996586	13	0
67.0	0	1.79526171998	0.609341244639	13	0
98.5	0	1.77077412541	0.601730942302	14	0
67.0	0	1.6926174302	0.625868379793	15	0
98.5	0	1.62752110361	0.678031149723	16	0
67.0	0	1.70936253736	0.649141257188	16	0
67.0	0	1.74876444801	0.664707690831	16	0
22.0	0	1.80325615459	0.632484535184	16	0
-21.5	0	1.8221360155	0.622105432281	16	0
14.5	0	1.48977136596	0.694910796969	16	0
47.5	0	1.40346059682	0.793587071991	16	0
67.0	0	1.32319652048	0.81242870882	15	0
47.5	0	1.18047198655	0.833684992749	15	0
67.0	0	1.17565025838	0.833563488469	16	0
67.0	0	1.04468773142	0.827925934779	17	0
67.0	0	1.11919813621	0.822603905197	17	0
82.0	0	1.09408788037	0.750189221483	17	0
83.5	0	0.870944804299	0.783824401237	17	0
80.5	0	0.827367102794	0.800463623168	17	0
80.5	0	0.777700626955	0.871481170547	17	0
80.5	0	0.80183417765	0.888719457601	17	0
80.5	0	0.644247345075	0.909806377252	17	0
80.5	0	0.654885397283	0.905795600391	17	0
80.5	0	0.677370756845	0.919297776969	17	0
59.5	0	0.81927482214	0.898568052739	17	0
59.5	0	0.749788384808	0.871022544778	17	0
59.5	0	0.666440416265	0.843476188774	17	0
59.5	0	0.754374671446	0.8673756079	17	0
61.0	0	0.747369586484	0.909130266321	17	0
61.0	0	0.623355612487	0.931787962349	17	0
61.0	0	0.52486295958	0.965489971554	17	0
61.0	0	0.623915198938	0.941269006644	17	0
83.5	0	0.633925650897	0.877355941931	17	0
83.5	0	0.758339266043	0.901021207727	17	0
83.5	0	0.759788443725	0.891236347695	17	0
