orf_length_med	shannon_slope	at_skew	gc_skew	max_direction	status
31.5	0.07078791815333675	1.2946967411922485	0.7264884664144912	10	0
45.0	0.07024216756446468	1.253990829911786	0.7566460165699392	10	0
93.0	0.06973742838506473	0.9721794515796723	0.7502114848836275	10	0
141.0	0.06928598491114914	0.9226109339458075	0.752383708320275	10	0
141.0	0.06883681413658435	0.8478158068294595	0.7554743139944504	10	0
141.0	0.06859171021021403	0.8427892967600861	0.78349012684266	11	0
124.5	0.06851540654702576	1.0653699808895505	0.8341355430848866	12	0
141.0	0.0682490025754982	0.9740523830691676	0.809351673469844	13	0
141.0	0.06800590165618559	0.9755330878249334	0.7988134430525229	14	0
141.0	0.06785114385662391	0.9165937570731574	0.8065568690839753	15	0
124.5	0.0677863901723816	1.1254337327821404	0.8745727718904889	16	0
141.0	0.06751201929156685	1.1541853957827022	0.9056831090362846	17	0
124.5	0.06732042552407298	1.2743545960975706	0.8883360526120083	18	0
141.0	0.06708180310070401	1.0004190817353753	0.9228329198301792	19	0
141.0	0.06668568100706448	1.0446027224826184	0.9320364049673251	20	0
141.0	0.06659668027144434	1.0395164637292351	0.9458368179791458	21	0
124.5	0.06653942951983108	1.048383161957776	1.0166215487152603	22	0
141.0	0.06623397798431184	0.872247742476971	1.050276988602474	23	0
141.0	0.0659241572607933	0.8640130279506205	1.0078670905744471	23	0
171.0	0.06574924100544069	0.8176620465602913	1.0178060868484486	23	0
156.0	0.0655799730023777	0.8972715186658241	0.9879492085099661	23	0
141.0	0.06566529909947924	0.6713972386555259	0.9654366045018733	23	0
141.0	0.06555897667384256	0.5885832178225893	1.0667384106974143	23	0
124.5	0	0.5305825858783014	1.1235659438532826	23	0
124.5	0	0.5741412643054089	1.1113147532956416	23	0
141.0	0	0.5220668570197443	1.0895396096552596	23	0
141.0	0	0.35434449732361273	1.0542253456328325	23	0
124.5	0	0.3653851858117854	1.122865529811532	23	0
102.0	0	0.4568930395144785	1.1347170821117882	23	0
102.0	0	0.4967911096738867	1.179614178488341	23	0
87.0	0	0.4452711547329656	1.2199986617284586	23	0
102.0	0	0.4600086213356791	1.1873772829988531	23	0
124.5	0	0.33603998970116017	1.2377352166088242	23	0
102.0	0	0.10688589561907183	1.2598187411978505	23	0
102.0	0	0.14961975561771132	1.2811077510680988	23	0
142.5	0	0.11243258587641804	1.3115911874274324	24	0
102.0	0	0.31248159353792243	1.299085689109576	24	0
102.0	0	0.3701695906257533	1.258031156704031	24	0
102.0	0	0.35456878393473973	1.3438462828591469	24	0
142.5	0	0.2627438148129367	1.3758803677069926	24	0
142.5	0	0.1677908911723158	1.4240214974833585	24	0
142.5	0	0.13241841148080774	1.417163688617276	23	0
142.5	0	0.21104193834438337	1.4403758462622993	22	0
142.5	0	0.05841062534915426	1.4535106626918857	21	0
102.0	0	0.23132119585171157	1.4542323622376743	20	0
87.0	0	0.36763652253872847	1.3839781879809439	19	0
136.5	0	0.26287820633702136	1.332507620398478	18	0
87.0	0	0.3852294667693268	1.3175991242915137	17	0
57.0	0	0.4124162461548767	1.3494006715137548	16	0
87.0	0	0.5815207496399053	1.3189978705025107	15	0
136.5	0	0.5022749593612098	1.2209264380483649	14	0
132.0	0	0.5189639708726107	1.1684489639312012	15	0
172.5	0	0.424109826108537	1.1607244382269994	16	0
172.5	0	0.6998683321695344	1.125720541582276	16	0
129.0	0	0.5944450137633855	1.1011370270845882	16	0
129.0	0	0.7189288567941093	1.080747648878591	16	0
129.0	0	0.6934529017949188	1.0362815530438116	16	0
84.0	0	0.848634378651035	1.0428563529773782	16	0
84.0	0	0.9279944045000735	1.065433438728717	16	0
84.0	0	0.9759967064165596	1.0348921196052598	16	0
84.0	0	0.8989182206029384	1.0610582196318368	16	0
91.5	0	1.1533184284927995	1.1114676062181181	16	0
91.5	0	1.2623362887534755	1.0857688547627737	16	0
91.5	0	1.2886926650840735	1.0719469135362172	16	0
91.5	0	1.2621090598675264	1.031981864726813	16	0
84.0	0	1.2111498930544768	0.9827039880606766	16	0
84.0	0	1.5217642726860927	1.000580951473742	16	0
84.0	0	1.4537849672399936	0.9411851576803641	16	0
91.5	0	1.3095329437344838	0.9419317574932856	16	0
96.0	0	1.26314016708147	0.9159117340678228	15	0
133.5	0	1.2362373014047563	0.9150354710042812	15	0
133.5	0	1.1711647046160327	0.9066377388455371	15	0
133.5	0	1.2835052243706098	0.8885955279484854	15	0
133.5	0	1.6498986188898865	0.8620212349848098	15	0
133.5	0	1.5552621077677007	0.8489294123447243	15	0
133.5	0	1.3809861437988429	0.8284833003634154	15	0
172.5	0	1.2420391786397929	0.8051356447935358	15	0
133.5	0	1.1287043460410087	0.814764673341223	15	0
133.5	0	1.3114296131382226	0.8351567642099069	15	0
96.0	0	1.6310132273611189	0.8425664776525748	15	0
96.0	0	1.6645742986281813	0.8295874638959553	15	0
96.0	0	1.8675678948918264	0.8331438951346767	15	0
96.0	0	1.7092262754565568	0.7805045896789863	15	0
96.0	0	1.9185416058844345	0.7208951006476031	15	0
96.0	0	1.6577002629219193	0.7426463230692927	14	0
108.0	0	1.5802166267413034	0.8127442881376945	13	0
96.0	0	1.5865403808835894	0.8460987032955762	12	0
108.0	0	1.5645351537818972	0.9040563523360122	12	0
108.0	0	1.6486393451795338	0.8762918249434812	12	0
108.0	0	1.5821041560259284	0.9229815979931706	12	0
96.0	0	1.4335348900712779	0.9427753785167987	12	0
96.0	0	1.3616999996109054	0.9642253488988082	12	0
96.0	0	1.2576558841759198	0.9743232425043891	12	0
91.5	0	1.2259212830199606	0.9841012043531848	12	0
96.0	0	1.3646333649445164	0.9941871352053545	12	0
96.0	0	1.2276562740606527	0.9918599778600865	12	0
108.0	0	1.2974451046213678	0.9735211149289517	12	0
130.5	0	1.3506740805256445	0.9564287652638124	12	0
108.0	0	1.178011109755085	0.9878031640504845	12	0
130.5	0	1.1790766439945966	1.0054788420496492	12	0
130.5	0	1.1903706657903337	0.9855673411462935	12	0
130.5	0	1.250932539880853	0.9304011505217002	12	0
130.5	0	0.890451624973897	0.9167828484316755	12	0
154.5	0	0.7951098698669705	0.9336781837811713	12	0
171.0	0	0.7559659572192577	0.975947431432885	12	0
171.0	0	0.7189708555881601	0.9689005881163147	12	0
171.0	0	0.6455164759157281	0.9841951852219053	12	0
202.5	0	0.4961821014280023	0.985524072312857	11	0
171.0	0	0.5712674137028376	0.9362484846599448	10	0
171.0	0	0.6540870573741613	0.9584835845429923	10	0
171.0	0	0.4461878170311245	0.9512436133944446	10	0
192.0	0	0.5712589210337259	0.954009616004954	10	0
154.5	0	0.6168338510207881	0.8897198889114003	10	0
154.5	0	0.4735526890841998	0.9126596939855507	10	0
154.5	0	0.513703425075716	0.8145369743128774	9	0
154.5	0	0.5239726209320987	0.7734710430092072	8	0
154.5	0	0.5055549328676653	0.8049399178628629	8	0
154.5	0	0.5861981217982801	0.8433098442383324	8	0
154.5	0	0.7167762182913237	0.8104682102387926	8	0
192.0	0	0.4841205590128706	0.804977125368791	8	0
232.5	0	0.5333596175687525	0.8068978768973963	8	0
232.5	0	0.40224266971223505	0.7827580830176091	8	0
192.0	0	0.718587571789115	0.8250431203120391	8	0
154.5	0	0.6949203454837264	0.8800949670864614	8	0
154.5	0	0.8080723423517154	0.9127430837154966	9	0
139.5	0	0.6617069481974223	0.9315354248320682	10	0
154.5	0	0.6937018774817367	0.8842752376921166	10	0
154.5	0	0.4919015325391515	0.8425482269508434	10	0
192.0	0	0.41170317521203376	0.8447267045485614	10	0
154.5	0	0.18637895156144185	0.7804574181733096	10	0
154.5	0	0.04651905286143955	0.7552065627118495	11	0
139.5	0	0.013747225293143884	0.8253716145349643	12	0
127.5	0	0.05849048533327524	0.8614744216789453	12	0
150.0	0	0.09244228368081032	0.8809626857608464	12	0
127.5	0	0.02343781963777252	0.8855310067909107	12	0
150.0	0	0.12650931734753718	0.8834255496379402	12	0
127.5	0	0.5454400454685554	0.9306168340553354	12	0
117.0	0	0.4944607889117425	0.9632832191300962	12	0
117.0	0	0.4130707779846857	0.9885220148587465	13	0
117.0	0	0.40495206705087433	1.0102135914364012	14	0
117.0	0	0.5665984012984703	0.9760180599204563	14	0
106.5	0	0.8304913346472477	0.978889652651701	14	0
117.0	0	0.539038555052585	1.0003495492225025	14	0
106.5	0	0.40002373423275994	0.9461686901603279	14	0
72.0	0	0.33866964819444717	0.9543005472529642	14	0
102.0	0	0.24306253334250824	0.9764941584390452	14	0
109.5	0	0.2745787473965889	0.9711331490171524	14	0
102.0	0	0.04521271647484712	0.9754549508070055	14	0
102.0	0	0.03284325276794391	0.9463375581030108	14	0
102.0	0.06677059011421049	0.024780418301129238	0.9126783609390111	14	0
102.0	0.06693279375864257	0.08893690814696643	0.9106549431437793	14	0
72.0	0.06699606551286671	0.11754554183921329	0.9052336578001646	14	0
72.0	0.06699918612929408	0.013936351095856723	0.9518069546766718	14	0
72.0	0.0669973135441059	0.23691497069282239	0.9801097050341819	14	0
72.0	0.0669848461305652	0.27328320375203047	1.0637957598308638	15	0
72.0	0.06701606853194055	0.010228042047879552	1.1002986500666556	16	0
24.0	0.06728434440053885	0.06650364025459102	1.0736871715862377	17	0
72.0	0.06717879879865699	0.056996893156016075	1.0641579856957708	18	0
72.0	0.06712103274094054	0.10573452480465848	1.042743434602491	18	0
72.0	0.0671434246090601	0.14157998428965907	1.01061043913449	18	0
33.0	0.06722025240578579	0.1293437977722482	0.9965729748929509	18	0
-6.0	0.06729224429088601	0.15030391529402778	1.034033884297888	18	0
-30.0	0.06732329581365583	0.30826097678060677	1.0571824710108668	18	0
-30.0	0.06701293819731116	0.2761999159174178	1.0298780598674437	18	0
-30.0	0.06702296162731826	0.37994841544332325	0.987220637695898	18	0
-3.0	0.06697551433730975	0.37741265349914693	1.0043862045624132	18	0
-3.0	0.06688306968368779	0.6308332605014846	1.0661967190859614	18	0
-3.0	0.06709555428543426	0.5081801438825543	1.0824078651279492	18	0
-3.0	0.06709618979534755	0.5378611790114759	1.0951912178493288	18	0
-3.0	0.06703488852950763	0.2843874327684098	1.1194677537017899	18	0
-3.0	0.06700230854117209	0.015630105304438858	1.231231483272677	18	0
-3.0	0.06693341049857743	0.26232056902814266	1.169182385949162	18	0
-12.0	0.06695751827679837	0.05436040803241699	1.1188331598791663	17	0
-12.0	0.06693094396002913	0.0407167526851873	1.1186146149788472	16	0
-12.0	0.06698609158349642	0.06434034205625482	1.1290717390348435	15	0
-30.0	0.06712422594841999	0.19492587116514015	1.1767522456375452	15	0
-12.0	0.06699606551286671	0.5461581034946122	1.114977868654916	15	0
-12.0	0.06692108902263053	0.5437253464734204	1.0462247370361228	15	0
9.0	0.0667933801479083	0.5395320694560606	1.0169489746748432	15	0
9.0	0.06633619366572953	0.5110044442963871	0.9881873303161259	15	0
18.0	0.06616299126386092	0.6679691992913851	1.073130874376724	15	0
40.5	0.06603578940627469	0.8207789022675519	1.1215766696661331	15	0
18.0	0.06606769787408995	0.6138828480501705	1.121601879529946	16	0
40.5	0.06593199221768345	0.4967956301351773	1.176253114347671	17	0
73.5	0.0658447656504838	0.46576748038006766	1.1944439344210689	18	0
40.5	0.06593301502808759	0.49413446767503727	1.190526907560929	18	0
18.0	0.06604152917603873	0.5514500396971961	1.1914726491568668	18	0
18.0	0.0660540739876362	0.5226351160786029	1.229948583701918	18	0
18.0	0.06606507516861929	0.34255708151531183	1.2643600478066388	17	0
10.5	0	0.3665808137227701	1.2167653782439556	16	0
10.5	0	0.5641142793469658	1.2203534617321148	15	0
10.5	0	0.5758302630838018	1.2458746421603242	14	0
18.0	0	0.6086885609503437	1.2543805511869395	13	0
40.5	0	0.8072354676868899	1.2314373198187065	13	0
18.0	0	0.6669251056827813	1.2310403546830015	13	0
10.5	0	0.6417505563483663	1.228749100812218	13	0
18.0	0	0.6152664619534876	1.220516324496744	13	0
10.5	0	0.4443380932714711	1.1593996944720586	13	0
18.0	0	0.4557092179540222	1.1500703807821318	13	0
10.5	0	0.3746270429723949	1.1569587886936858	13	0
10.5	0	0.27996477033521666	1.127916845412839	13	0
10.5	0	0.12572164859483567	1.045445248263087	13	0
10.5	0	0.30601329643138314	1.014005033739838	13	0
10.5	0	0.3386684150727064	1.0148955029564408	14	0
4.5	0	0.5001497851098028	0.9936873309410648	15	0
1.5	0	0.5928079484726931	0.94362492080736	16	0
1.5	0	0.851178840359474	0.9061856449135098	17	0
-13.5	0	0.8226558852834583	0.9403364161083481	17	0
-34.5	0	0.8322355295608703	0.9667153208229092	17	0
-13.5	0	0.6285806030828944	1.004503952027342	17	0
-13.5	0	0.5287464021218056	0.9307467436774202	17	0
1.5	0	0.31424290176975017	0.9625692824406812	17	0
3.0	0	0.5813980220892219	0.9909566662488579	17	0
-13.5	0	0.6359141724021509	0.9516242219435337	17	0
3.0	0	0.5932747539884293	0.9333797893570673	17	0
10.5	0	0.3718546462821113	0.9104388132872553	17	0
3.0	0	0.42452297340776185	0.9377178632208292	17	0
30.0	0	0.12901780524519904	0.9722141842397736	16	0
3.0	0	0.01978004584183723	0.8750323706322941	15	0
3.0	0	0.15971978955203806	0.863022031684314	14	0
-13.5	0	0.06584437224733355	0.8440281377652379	14	0
-34.5	0	0.17802967599854605	0.7718799603840987	14	0
-34.5	0	0.07390907340214804	0.7515380251163775	14	0
-34.5	0	0.08818171937530456	0.7224143674637983	14	0
-34.5	0	0.12746266710583115	0.6636752194177636	14	0
-10.5	0	0.18758733427174037	0.64499673871219	14	0
-18.0	0	0.21439839279494663	0.539459153591909	14	0
-18.0	0	0.14554446036470714	0.5881557454715327	14	0
-18.0	0	0.2734108760292002	0.6192584149507993	14	0
-48.0	0	0.4683099770418584	0.7220310810418988	14	0
-85.5	0	0.511734699551745	0.7094356192373302	14	0
-82.5	0	0.29363010570794185	0.6688730678069709	14	0
-114.0	0	0.11550770163299084	0.6195954476681784	14	0
-114.0	0	0.00012064110792883889	0.6277183396558442	14	0
-114.0	0	0.11386773273570672	0.6232527614320711	14	0
-124.5	0	0.04000123402454715	0.5992428056806903	14	0
-159.0	0	0.047782980278842986	0.5931657522484736	14	0
-159.0	0	0.22251407461591238	0.6318676200508657	14	0
-159.0	0	0.17510021143722335	0.6573584862616907	14	0
-124.5	0	0.14346662425244577	0.7044775262322821	14	0
-159.0	0	0.2240077330678924	0.7439060935330116	14	0
-124.5	0	0.4853627373468308	0.7975283359930021	14	0
-82.5	0	0.4428695863160405	0.8187683253681589	15	0
-82.5	0	0.34713202372100144	0.8405739310369104	16	0
-82.5	0	0.4030707164000727	0.8506543383356039	16	0
-4.5	0	0.6528744039102976	0.8596837138294103	16	0
-82.5	0	0.6274081880973684	0.8462789434733815	16	0
-82.5	0	0.5801856253576093	0.8352665962327672	16	0
-145.5	0	0.5349023825660117	0.7861882236247761	16	0
-145.5	0	0.6906284404742077	0.7873875670313468	16	0
-115.5	0	0.7939960098287205	0.7647594395653596	16	0
-184.5	0	0.9240300360200503	0.7173396175816283	16	0
-184.5	0	1.0115819085593958	0.7117643510338539	16	0
-150.0	0	1.0356653023591134	0.751180682958607	16	0
-150.0	0	1.036167320610455	0.7600780263878297	16	0
-150.0	0	1.2862088355926407	0.7145419181085503	16	0
-115.5	0	1.3227358485160903	0.6822101088381872	16	0
-115.5	0	1.547963671177332	0.6571828586172888	16	0
-76.5	0	1.832161369825386	0.7736179208603264	16	0
-115.5	0	1.9466533087629143	0.8677347457621254	16	0
-115.5	0	1.5799749543398227	0.8732871897489904	16	0
-76.5	0	1.7399362171822375	0.9142023831060092	16	0
-76.5	0	1.7200209121088168	0.914347368625361	15	0
-76.5	0	1.7852897953505862	0.9423821185477987	15	0
-76.5	0	1.7497974932679323	0.9844567181202738	15	0
-76.5	0	1.6606579431740869	1.0411653580092641	15	0
-76.5	0	1.5244182519134353	1.1612192345541463	15	0
-46.5	0	1.5746096856431737	1.0973062274397092	15	0
1.5	0	1.5392878958189489	1.063840767704414	16	0
61.5	0	1.1950169060383453	1.018249019953877	16	0
61.5	0	0.9636188086339161	1.0386441076081534	16	0
61.5	0	1.125778800454841	1.0549671183208216	16	0
61.5	0	1.4684085083984926	1.0872730879847603	16	0
43.5	0	1.5910656872561544	1.11978462494037	15	0
0.0	0	1.6164162633896437	1.0792378086458916	14	0
16.5	0	1.5680392132000016	1.0877654854081777	13	0
43.5	0	1.391494685651851	1.1104154512618392	12	0
43.5	0	1.3990762117673081	1.127069102525702	11	0
43.5	0	1.3104441511844214	1.1143087232599045	10	0
43.5	0	1.3369838484906602	1.117572634772498	9	0
43.5	0	1.286124489242358	1.0522891614310348	9	0
43.5	0	1.1983284594009378	1.0447708447543105	9	0
43.5	0	0.9724323016803841	1.014240140366687	9	0
43.5	0	1.0064161894480734	1.0183444726756739	9	0
61.5	0	0.7837826546464355	1.0059017959393415	9	0
88.5	0	0.5394941523902497	0.9918834813919747	9	0
88.5	0	0.5428339760030029	1.0536168379351365	9	0
88.5	0	0.7157616705429483	1.0670556345677482	10	0
88.5	0	0.852463301426706	1.0843695787713825	10	0
60.0	0	0.9656807958495984	1.059552019304102	10	0
88.5	0	0.9046004321566462	1.1040387811522632	10	0
88.5	0	0.6061268934142741	1.0978442848878378	10	0
88.5	0	0.5180082644166057	1.0511802372655918	10	0
132.0	0	0.4972461638536011	0.9970270523471546	10	0
132.0	0	0.5863130186869278	1.0020384414029193	10	0
88.5	0	0.5395075061251791	1.0430779826270926	10	0
88.5	0	0.4269474856107347	1.089970565392607	10	0
88.5	0	0.2571091521267574	1.081876684735194	10	0
60.0	0	0.20349430709376148	1.064019719444854	10	0
60.0	0	0.21050576526263712	1.023059472827612	10	0
60.0	0	0.46839787246148573	1.0284425202182674	11	0
60.0	0	0.5209365899752866	1.0379482604122956	11	0
45.0	0	0.5286497782226732	1.04892326244175	11	0
45.0	0	0.2449091213786425	1.0304747051995322	11	0
45.0	0	0.19953716590438506	1.026962130841592	11	0
16.5	0	0.36220390722829615	0.9514475120852177	11	0
45.0	0	0.30555399595717897	0.9343202330056165	11	0
45.0	0	0.3059132760840967	0.8927950624582861	11	0
16.5	0	0.28194938493851934	0.9192258579898834	11	0
-16.5	0	0.482028346783722	0.9365761760258758	11	0
-25.5	0	0.6725315444282616	0.9364322264883462	11	0
-16.5	0	0.653195660205515	0.9429803783957643	12	0
-16.5	0	0.6047270200426414	0.9480289585823419	12	0
-16.5	0	0.47899331725332284	0.8724488575511431	12	0
-16.5	0	0.4668539413386547	0.8737103259028521	12	0
-25.5	0	0.4411851795973623	0.9110403165489976	12	0
-28.5	0	0.6648706415707751	0.8803021860553379	12	0
-36.0	0	0.6851042456386861	0.8880226574490607	12	0
-58.5	0	0.7764537414214959	0.8604596831945166	13	0
-58.5	0	0.6890467448741061	0.7920420018690261	14	0
-58.5	0	0.7388304128486783	0.7808209532039138	15	0
-76.5	0	0.9667451505578413	0.8256807349091574	16	0
-115.5	0	1.1750858980813237	0.8174748699843768	16	0
-115.5	0	1.163815006150196	0.794610216616069	16	0
-115.5	0	1.4495397095009184	0.7867760081768171	16	0
-174.0	0	1.5564117921132588	0.7855836534175402	16	0
-115.5	0	1.4134278369986264	0.7348210945867621	16	0
-76.5	0	1.3614453371336495	0.7040115087196116	16	0
-66.0	0	1.2537513982243982	0.7207848042466645	16	0
-66.0	0	0.9696335253716308	0.7244393464604175	17	0
-76.5	0	1.0166871279591525	0.7267320545473434	18	0
-115.5	0	1.2774786256437431	0.8040987665546414	19	0
-115.5	0	1.0512265089915804	0.8640224014346318	20	0
-115.5	0	1.035223320300394	0.8727354074736224	20	0
-67.5	0	0.9355834554843706	0.8852166494640702	20	0
-67.5	0	1.0235352832466016	0.9097665172795011	20	0
-115.5	0	0.9078302187297657	0.907569976861931	20	0
-163.5	0	1.069016988847987	0.9234284955737405	20	0
-184.5	0	1.1300660107297993	0.9534567086333983	20	0
-184.5	0	1.1605780152513148	0.9479221166015454	20	0
-163.5	0	1.187189657196189	0.9302259402821198	20	0
-163.5	0	1.098197627257497	0.9418723150449791	20	0
-163.5	0	0.8709374200854431	0.9611432487541822	20	0
-184.5	0	1.1537140180304908	0.9204932727954772	20	0
-184.5	0	1.28328664073824	0.9123338226366172	21	0
-169.5	0	1.1667582771139433	0.9711592245294753	21	0
-169.5	0	1.0473132037684991	0.9709403481924952	21	0
-169.5	0	1.0321503116470476	1.011389046917938	21	0
-144.0	0	1.0538809210232238	0.9725321682729484	21	0
-169.5	0	1.2091625738278893	0.7461366304220166	21	0
-144.0	0	1.1468757556337106	0.7477952348278999	21	0
-144.0	0	0.8468066099246738	0.7289913578561849	21	0
-100.5	0	0.8485363527940805	0.717021306711161	21	0
-99.0	0	0.9451514177670457	0.7172915833406209	21	0
-99.0	0	0.7463162916224872	0.765711965381801	21	0
-75.0	0	0.5319184517917183	0.7516641004807493	21	0
-64.5	0	0.47018226056691853	0.7829472496668584	21	0
-51.0	0	0.5186588329149711	0.7434994515944723	21	0
-37.5	0	0.5458801993639316	0.7535531576257388	21	0
-51.0	0	0.7427180026123759	0.7846415195267106	21	0
-37.5	0	0.7372507785971409	0.858211750137584	21	0
-37.5	0	0.5774734256146262	0.7712650495548832	21	0
-28.5	0	0.6341571400941859	0.7596408081199968	21	0
-28.5	0	0.6491939917557887	0.7884612918141226	20	0
-28.5	0	0.5238116846057662	0.8168998118105013	19	0
-28.5	0	0.5861124825781933	0.8267126802451134	18	0
-28.5	0	0.7144013521489584	0.8620613418469364	17	0
-37.5	0	0.6697161966810509	0.910125678946084	17	0
-37.5	0	0.6653539624751179	0.9090307090812088	17	0
-37.5	0	0.7902728530356202	0.9305768499229471	17	0
-37.5	0	0.8137241883217939	0.9199699256966087	17	0
-37.5	0	0.700977790291364	0.9299498635323157	17	0
-58.5	0	0.9938046443778952	0.9740622287276005	18	0
-58.5	0	0.9460899396713897	1.0154081505684378	19	0
-76.5	0	0.9106163586606667	1.0441410188365876	19	0
-58.5	0	0.810004881240073	1.0356101087719598	19	0
-58.5	0	0.9418032608937041	1.0159070482435306	19	0
-43.5	0	0.8584658759382567	1.0306340739260424	19	0
-36.0	0	0.9771607079555638	1.0262507171758257	19	0
-36.0	0	0.9464308332649581	1.0300400465257262	20	0
-43.5	0	0.8501609657027258	1.0355563984460956	21	0
-58.5	0	0.8388994399361075	1.0430995565394543	22	0
-58.5	0	1.000074653138805	1.018468536352944	22	0
-51.0	0	0.9092982617623825	1.0724979894108273	22	0
-51.0	0	0.8220758905228084	1.0581323014514803	22	0
-43.5	0	0.7639929962572933	1.0576402106705616	22	0
-43.5	0.06687208166204796	0.9991641378481825	1.0352874647563834	22	0
-43.5	0.06687330145155988	0.9598846567920213	1.0141914190764432	22	0
-36.0	0.06686476869726266	0.7686384049612351	0.989691295553164	22	0
-30.0	0.06668097016670906	0.6230553896985038	1.1982647032242006	22	0
-30.0	0.06670811398961067	0.6872521051744531	1.1943360771982148	22	0
-36.0	0.0667933801479083	1.076077534220948	1.21335704563464	22	0
-36.0	0.0667395590138731	0.9459395085182568	1.2703196636972698	22	0
9.0	0.06660789441359025	0.9869249728861019	1.310516635535538	22	0
-36.0	0.0666434312611564	1.2720982884600278	1.3410291581710065	22	0
-36.0	0.06664810931505946	1.5546591900969247	1.3212910188796565	22	0
-49.5	0.06677298453594309	1.6349205616550653	1.3279870775683227	22	0
-49.5	0.06667449948957506	1.535549681265205	1.3557631243303385	22	0
-69.0	0.06674134442180615	1.473661968574359	1.3754636008939698	22	0
-69.0	0.06663467087111634	1.3896699061412965	1.3751276390541611	22	0
-69.0	0.06660731379688754	1.3991067260339545	1.3290077496980583	21	0
-49.5	0.06654440028248393	1.3516223674211625	1.369390001593877	21	0
-49.5	0.06653751891509317	1.2801606693905498	1.4094152870489844	21	0
-49.5	0.06659919174979897	1.0353082986562776	1.3887912964888247	21	0
-49.5	0.06668980637859097	1.0524505608130994	1.3341202640290597	21	0
-36.0	0.06653236368265092	0.9234044398874103	1.327273709276769	21	0
-6.0	0.06638888265337216	0.8559680884189721	1.3290883053000595	20	0
-6.0	0.06640115888638232	0.9805883417751382	1.2055409360418308	19	0
-6.0	0.06656970781320852	1.0804522752337387	1.1805201314371967	18	0
-6.0	0.06666040861242464	0.9715647829146741	1.0901112573378888	17	0
28.5	0.06623181287001202	0.9500519898974771	1.0818862269711567	16	0
28.5	0.06625187391485225	0.9353076285735473	1.0528263785215195	15	0
31.5	0.06617796991623735	0.8185023897412875	1.029728339308477	14	0
31.5	0.06625078759609247	0.8996083510335896	1.0089490341586538	13	0
31.5	0.06620967117836903	0.9805631891917673	0.9885131843833158	12	0
40.5	0.06610666669581185	0.8275271622751976	0.967983519429439	12	0
49.5	0.06594684243347905	0.9071950326893692	0.9353980106167096	12	0
40.5	0.06611777787487941	1.1457488538947092	0.9382907405191786	13	0
31.5	0.0662741924991027	0.9384529016703872	0.908644581603854	14	0
40.5	0.06611301308602283	1.07694164692668	0.8855840308794513	14	0
40.5	0.0661108967773804	1.2269441492182211	0.8703592503806309	14	0
49.5	0.06599837322335272	1.3505346510197622	0.8784225802644783	14	0
49.5	0.06609505136805839	1.4456370731859067	0.8557655015217221	14	0
49.5	0.06609241507156587	1.5135729531837503	0.8169811441482262	14	0
78.0	0.06592075438894324	1.3700341438740378	0.8060185695402011	14	0
49.5	0.06612095678389383	1.1976029408481488	0.7649830682499935	14	0
49.5	0	1.1671045025056852	0.7843946633859881	14	0
40.5	0	1.3826425572045158	0.7687750094051016	14	0
40.5	0	1.590033454935952	0.8769907398288237	14	0
33.0	0	1.5199125027744362	0.8918268473046568	14	0
33.0	0	1.5114444388592139	0.8996043053448343	14	0
33.0	0	1.314086548596972	0.9038037457505507	15	0
33.0	0	1.4203320194442444	0.8775872753186534	16	0
25.5	0	1.4397409636084983	0.9150700229597705	17	0
25.5	0	1.3187783751150586	0.8519695066060126	18	0
21.0	0	1.333096245797882	0.8473837529714416	19	0
25.5	0	1.2394045979755888	0.80735402448371	20	0
25.5	0	1.311864027552469	0.788373130374983	20	0
28.5	0	1.3983649153045148	0.7743852013193784	20	0
28.5	0	1.5736024900305805	0.8003529831148819	20	0
25.5	0	1.4904455646587251	0.832416771941194	20	0
25.5	0	1.5464297949533934	0.8235183664219994	20	0
21.0	0	1.427781690043127	0.8187457597271024	20	0
25.5	0	1.5600318936850885	0.8652470407105439	20	0
25.5	0	1.479866981323079	0.9464788241079312	20	0
25.5	0	1.4589954496562056	0.9720684387034988	20	0
-9.0	0	1.4699790949253153	1.001217533106207	20	0
-9.0	0	1.3324468047496796	1.0925190182551323	20	0
-55.5	0	1.2004642311614344	1.1263465774259473	20	0
-9.0	0	1.1826526807849655	1.2232392425235488	20	0
-55.5	0	1.0322883737230204	1.2373926760458318	19	0
-13.5	0	1.0451520767148197	1.2141177281820483	20	0
-13.5	0	1.0337536170420432	1.1947863276916557	21	0
-55.5	0	1.0225867549944196	1.2418967476175042	22	0
-13.5	0	1.0311504960779911	1.2476085430082058	23	0
-13.5	0	1.2436324348734826	1.2751807689991819	24	0
-55.5	0	1.1233283736248199	1.3343140164438512	25	0
-13.5	0	1.0337048123919121	1.330839740086685	25	0
19.5	0	1.011074223795232	1.2975627198535484	25	0
19.5	0	0.9796021443900111	1.2960192239876194	25	0
25.5	0	0.912922139489309	1.2815383816268104	25	0
19.5	0	0.875141160218144	1.2953348768938453	25	0
19.5	0	0.8515707737474443	1.2919160049520841	25	0
25.5	0	0.8452733466689867	1.3460002415694228	25	0
25.5	0	1.0608777342975864	1.3861628185880326	25	0
25.5	0	1.1489109248967024	1.3834693436648546	25	0
25.5	0	1.1782694555130577	1.3887634150655805	24	0
28.5	0	1.0531451714531819	1.3990532685757897	23	0
52.5	0	1.007650017204755	1.3328464249387182	22	0
76.5	0	1.0366851452451735	1.3076587214625974	21	0
76.5	0	1.0030376575103952	1.2936453760159046	20	0
76.5	0	1.1506006290191426	1.3025681474126036	20	0
52.5	0	1.1288874544913199	1.33088722776252	21	0
52.5	0	1.2517490266213833	1.2716215336345218	22	0
76.5	0	1.1466612350121503	1.2745901398768167	23	0
76.5	0	1.1915919623188849	1.321925850871685	23	0
87.0	0	1.2240992847474856	1.3631524998500149	23	0
87.0	0	1.2233850674402456	1.391336468511522	23	0
99.0	0	1.1145635353299612	1.420124684937773	23	0
99.0	0	0.9766121055384414	1.4154890801291784	23	0
99.0	0	1.1112252596311814	1.459503457440074	23	0
85.5	0	0.8705728671726837	1.4434699339802488	23	0
85.5	0	0.7424114226670231	1.4339151634306166	23	0
49.5	0	0.6263848234752969	1.382018518154485	22	0
22.5	0	0.6412796206791433	1.3560232213985854	22	0
18.0	0	0.5449384403978227	1.3283922053368247	22	0
18.0	0	0.546587500086974	1.299114691606963	21	0
18.0	0	0.382100032788111	1.3052514126678474	20	0
18.0	0	0.42971111100530635	1.2655568455423738	20	0
12.0	0	0.6317765911095655	1.2147903531400903	20	0
12.0	0	0.8472776308434282	1.19753323467648	20	0
-4.5	0	0.897470579151866	1.2303190433706406	20	0
-4.5	0	0.9850928993984751	1.2454373029656256	20	0
15.0	0	1.0026102635350715	1.181406249515101	20	0
15.0	0	0.864330082038502	1.1853676097680044	20	0
15.0	0	0.9289371187420581	1.1446586389504496	20	0
15.0	0	1.0181756219270117	1.0975992583788214	20	0
15.0	0	0.9474594554326956	1.1213634825930685	20	0
15.0	0	0.7538296477073305	1.1731277362890584	20	0
15.0	0	0.7384172601217835	1.193294846848303	20	0
15.0	0	0.7501055759145414	1.2320329378338217	20	0
48.0	0	0.6742270082431101	1.1810713474185262	20	0
15.0	0	0.5688344716302275	1.210401073048257	20	0
-4.5	0	0.4735794711946785	1.2273437201177277	20	0
-4.5	0	0.2521520081376855	1.2325584578461488	20	0
-4.5	0	0.41667941434851535	1.2375506742985884	20	0
-4.5	0	0.16496959743697465	1.2197494235245236	20	0
-4.5	0	0.13398039353005153	1.25348321415563	20	0
-4.5	0	0.12993524782454616	1.3134336830054114	20	0
-4.5	0	0.11054769325447396	1.325279859006492	20	0
9.0	0	0.1245821567617986	1.333272156442395	20	0
9.0	0	0.1456845276230899	1.3127595539780261	20	0
-19.5	0	0.22413779085214833	1.2673187744551289	20	0
-19.5	0	0.024114610840054087	1.3178574069043383	20	0
-19.5	0	0.08613696199848715	1.3509267315805933	20	0
15.0	0	0.09467146486752723	1.341182569604978	20	0
15.0	0	0.12361017103165031	1.3183121811538399	20	0
-19.5	0	0.3689021333515117	1.278522129821434	20	0
-19.5	0	0.34368888041497003	1.263855803288137	20	0
15.0	0	0.3887678288247508	1.2449760326764128	20	0
21.0	0	0.48763486510313636	1.2319516576853093	20	0
36.0	0	0.33037381944828137	1.2691996926912092	20	0
36.0	0	0.08208409458652545	1.219181300780814	20	0
81.0	0	0.12373826554287135	1.264108053493398	20	0
81.0	0	0.15066842171099665	1.2730866921755337	20	0
127.5	0	0.12801071738288344	1.297612510920355	20	0
127.5	0	0.06645143765224687	1.2198606325767183	20	0
148.5	0	0.32900775176462277	1.1770419249466129	20	0
165.0	0	0.44258476476409053	1.190318183523237	20	0
189.0	0	0.41530196793731644	1.2242579749490412	20	0
189.0	0	0.3053760612441229	1.2355775220236218	20	0
189.0	0	0.28684354052709554	1.2104398627165416	20	0
165.0	0	0.21349603427285793	1.1785390226564603	20	0
148.5	0	0.2559929799029527	1.1912437069863926	20	0
148.5	0	0.36904853869181536	1.1578749309875431	19	0
127.5	0	0.27991549785344744	1.1493469490998394	18	0
127.5	0	0.36208620474259495	1.1620128726123309	19	0
81.0	0	0.4102313326211674	1.1342569266260207	19	0
81.0	0	0.7007510674998614	1.1412345827392472	19	0
36.0	0	0.6582818094188279	1.1186166080495379	19	0
19.5	0	0.6527338078621662	1.0496465830125048	19	0
13.5	0	0.6668967116583265	1.1014741181922318	19	0
13.5	0	0.84479597704812	1.076979160964989	19	0
13.5	0	0.9293644345626642	1.077536564988996	19	0
-19.5	0	1.1066349868358567	1.0161699669936601	19	0
13.5	0	1.0320935152354178	1.0150937771391333	19	0
13.5	0	1.3535265945221717	1.0047013403754752	18	0
19.5	0	1.2146178343864737	0.967841018763553	17	0
-16.5	0	1.185915848129231	0.8974501392270974	16	0
-16.5	0	1.1694549639174774	0.9040433096924433	15	0
-55.5	0	1.1982954994044763	0.9103828789548739	14	0
-55.5	0	0.9728815487828276	0.9141221858921912	13	0
-55.5	0	0.9816066380184797	0.8885035978020446	13	0
-85.5	0	0.9773547148327807	0.7711297601319057	13	0
-85.5	0	1.0696403967234704	0.758959622327912	14	0
-85.5	0	1.110370507556793	0.7314312548956345	15	0
-121.5	0	0.8594563847345931	0.6765877893437593	16	0
-96.0	0	0.8785302653281434	0.7134542415224049	17	0
-138.0	0	1.2031831300935125	0.7306827872128212	17	0
-165.0	0	1.2903823241019488	0.7392858309878407	17	0
-165.0	0	1.3231780717145347	0.7256340452132906	17	0
-165.0	0	1.2617063118923246	0.7194620790407763	17	0
-138.0	0	1.1050211238920058	0.7822868348017954	17	0
-138.0	0	1.37767557813757	0.7680130809245865	17	0
-112.5	0	1.4799414806872901	0.7641723923823049	17	0
-138.0	0	1.6014048932117282	0.7567618511851125	17	0
-138.0	0	1.3465687915212048	0.8425027901751325	17	0
-138.0	0	1.239103373822336	0.8622664381652252	17	0
-138.0	0	1.1593525581727089	0.8467970096321148	17	0
-147.0	0	1.251773083900384	0.7997139506663139	16	0
-147.0	0	1.392862312495949	0.8303454719002341	15	0
-147.0	0	1.4227748512023874	0.7760560013347416	14	0
-180.0	0	1.4630573203001107	0.7540915290020803	14	0
-187.5	0	1.3616403635872392	0.711469814656614	14	0
-250.5	0	1.3963180814368843	0.6772607475844555	14	0
-187.5	0	1.4967596044650675	0.6794104258940905	14	0
-147.0	0	1.3957189030819077	0.6859918534551023	14	0
-147.0	0	1.3352506576306928	0.6774909644960784	14	0
-187.5	0	1.2653873207875945	0.6329526608839318	14	0
-147.0	0	1.2592138873490748	0.6315034433945838	14	0
-123.0	0	1.3450150699446444	0.6722182005247264	15	0
-97.5	0	1.393939170930493	0.6432226379157265	16	0
-93.0	0	1.2253980440948113	0.6515270636423574	17	0
-93.0	0	1.0516438231338046	0.580477015511452	18	0
-93.0	0	0.9959048709651219	0.5976890015627333	19	0
-93.0	0	0.99587825598766	0.6660751033365024	19	0
-97.5	0	1.0475997025392554	0.6007069000815163	19	0
-106.5	0	1.1384930501816675	0.580661494074811	19	0
-97.5	0	1.0470344522527657	0.5960415224260334	19	0
-97.5	0	1.084455629598095	0.5558850749229688	18	0
-97.5	0	0.8932570112014807	0.43975934878734013	17	0
-93.0	0	0.931747682562517	0.41664684596703583	16	0
-67.5	0	0.8805783642654667	0.44635534996026355	15	0
-42.0	0	1.0238575751133132	0.5178456236068981	16	0
-42.0	0	1.0025210353600515	0.5540318949593396	16	0
-67.5	0	0.7666157548979239	0.5743546883902225	16	0
-42.0	0	1.1166030360503072	0.6512966490091497	16	0
-67.5	0	1.3180450516510318	0.7043721039889163	16	0
-67.5	0	0.8102415041924556	0.7021518234995054	16	0
-67.5	0	0.5599177675416017	0.7375215879510342	16	0
-67.5	0	0.5768649565764504	0.7284050606389231	16	0
-67.5	0	0.7089330539669914	0.6934469277579136	16	0
-58.5	0	0.9870765787742606	0.6445550109276239	16	0
-58.5	0	0.9680428676221653	0.600529021465549	16	0
-58.5	0	0.933320096205456	0.5769672981801253	16	0
-42.0	0	0.8311859330351173	0.5535605154896049	16	0
-3.0	0	0.9141303125492833	0.4985618325103703	16	0
-3.0	0	0.7871617524996692	0.5145133055114454	16	0
42.0	0	0.80122719563128	0.5183294074428271	16	0
49.5	0	0.549723882646182	0.5414384492713957	16	0
49.5	0	0.4868219339723827	0.4881376489085791	16	0
49.5	0	0.4212786889733613	0.49679284318945055	16	0
60.0	0	0.4083313874433321	0.5051758539306571	16	0
75.0	0	0.4101554079914335	0.5595753603309265	16	0
75.0	0	0.3566081250762664	0.5730960070323283	17	0
75.0	0	0.20980596306053012	0.5950824390769739	16	0
60.0	0	0.19116794280517202	0.5936744745754235	15	0
60.0	0	0.030119304653922967	0.6197838496882889	14	0
60.0	0	0.12426139837964296	0.6561776799932428	13	0
52.5	0	0.01718832133377924	0.6433371117590888	13	0
49.5	0	0.2414731697058824	0.6336061704163642	13	0
49.5	0	0.27360657112250175	0.6227259594105604	13	0
42.0	0	0.19709269447725333	0.7142450690508573	13	0
42.0	0	0.09148533450787218	0.7810174860347734	13	0
49.5	0	0.03296039912382418	0.7878900309693245	13	0
49.5	0	0.005245247432936434	0.7559464372830765	13	0
52.5	0	0.1563988423188369	0.8505638438690756	13	0
52.5	0	0.19235461258456293	0.931247608031596	13	0
49.5	0	0.06588407375361537	0.9795938031860436	14	0
42.0	0	0.07574453827565057	1.0279720385740871	15	0
42.0	0	0.09074394427626174	1.1493785329702453	16	0
42.0	0	0.19706396448956515	1.1723315758085986	17	0
42.0	0	0.20810674699146833	1.1224243381492307	17	0
42.0	0	0.23943646480957914	1.122102309889561	17	0
18.0	0	0.1830390117835681	1.0558705682568768	17	0
42.0	0	0.5185377422344237	1.0248142330293073	17	0
18.0	0	0.30860218632535596	1.0213508692928113	17	0
42.0	0	0.3811167233408215	0.9290784492682775	17	0
42.0	0	0.5900656317396841	0.9495684663562731	17	0
51.0	0	0.7646325773295353	0.9170094306122205	17	0
42.0	0	0.7495322059437814	0.8801519714932418	17	0
51.0	0	0.7123810596752631	0.9030236394782526	17	0
51.0	0	0.6423806971050612	0.9434863362252228	17	0
42.0	0	0.8652850199684385	1.0101451396709162	17	0
42.0	0	0.9368776469546439	1.0297063325371654	17	0
24.0	0	0.8181810665605983	0.979273336561827	17	0
27.0	0	0.842043200206621	1.02474506843496	17	0
27.0	0	1.1414978989231856	1.0304342880248742	17	0
27.0	0	1.0727106485622075	1.0257142409071953	16	0
27.0	0	1.2190308306514106	1.0672029131213656	15	0
27.0	0	1.0301845242301484	1.1192120674199992	16	0
27.0	0	1.1485576484688065	1.15402873650809	17	0
27.0	0	1.1616724931405913	1.1738341478184862	18	0
-9.0	0	1.0154123718286614	1.1392480752729532	19	0
-25.5	0	0.845945825776108	1.1668067538287188	20	0
-25.5	0	0.7908784602688186	1.1431571496181978	21	0
-1.5	0	0.872592095211224	1.145326983208492	21	0
-1.5	0	1.0943620926153637	1.1316049070397267	21	0
24.0	0	1.1490877371709955	1.1087383207319856	21	0
-27.0	0	1.0420355820701024	1.0957305507954929	21	0
-27.0	0	1.1013022493199056	1.1188019903628619	21	0
-27.0	0	1.1527817363636284	1.138194668725047	21	0
-27.0	0	1.2451813796534046	1.0347472154350041	20	0
-27.0	0	1.4627871766402658	0.9965753143615204	19	0
-27.0	0	1.5561677055801508	0.9760497192010487	19	0
-100.5	0	1.536333093335973	1.0187354417818995	19	0
-100.5	0	1.5008226527719066	1.00714330699641	19	0
-27.0	0	1.4861986745148137	0.9564634974008782	19	0
24.0	0	1.5137039998292068	0.8959980325337376	19	0
24.0	0	1.4237691644046853	0.8256034268772071	19	0
24.0	0	1.4828498150709215	0.786907207408336	19	0
24.0	0	1.529962882535173	0.7912461974434909	19	0
-27.0	0	1.7020062903829194	0.8436811084506833	19	0
-100.5	0	1.5529016055668798	0.8933691795954622	19	0
-100.5	0	1.731454419517212	0.9575071489819322	19	0
-169.5	0	1.7203273486972321	0.9829611504234166	19	0
-120.0	0	1.8765924383538846	0.9671484933637287	19	0
-169.5	0	1.8365754639794905	1.0256904827404323	19	0
-169.5	0	1.78845203620384	1.0031096475822325	19	0
-169.5	0	1.8396393354746017	0.9747337584467061	19	0
-139.5	0	1.8357878525140991	1.0012345761603543	19	0
-199.5	0	1.7201976248865944	1.0118872808081576	19	0
-139.5	0	1.7181229677504921	1.0330767173414137	19	0
-139.5	0	1.476332994849102	1.0106001334997348	19	0
-139.5	0	1.1997716356023522	0.9931780437369204	19	0
-70.5	0	1.40859438173225	1.0151295270927132	18	0
-70.5	0	1.4421794619347785	0.9949105251780141	17	0
-70.5	0	1.3288675670930277	0.9632602990299501	16	0
-70.5	0	1.2879583523986822	0.9736104931843595	15	0
-70.5	0	1.2264156308229337	0.9571948215815055	14	0
-139.5	0	1.2392426850882532	0.8532041333529562	13	0
-46.5	0	1.063902647258136	0.847797938341104	12	0
-46.5	0	0.9388975870033386	0.9127472128912674	12	0
-46.5	0	1.2085115593514184	0.9387564138495372	12	0
10.5	0	1.4295032127866427	0.9278242082982432	12	0
10.5	0	1.3533144477281034	0.9445960154738532	13	0
25.5	0	1.3438372878843627	0.9215239559668632	14	0
25.5	0	1.279026776650082	0.9129903430646141	13	0
-33.0	0	1.3340714808705405	0.903086467995228	12	0
25.5	0	1.4463473125649025	0.9371879189098159	11	0
25.5	0	1.6168871934940747	0.9375786252862521	10	0
25.5	0	1.5611084428807374	0.9096733964317502	10	0
42.0	0	1.4923040875665083	0.9217170017104405	10	0
84.0	0	1.296625416420069	0.924844268851363	10	0
42.0	0	1.2711360024257925	0.9817241709596949	10	0
42.0	0	1.3297423412010423	0.9781431944814226	11	0
42.0	0	1.3973340201383095	0.9861588270923254	11	0
25.5	0	1.3998151064879774	0.9871507702557789	11	0
3.0	0	1.1901233236138762	1.043101417734877	11	0
3.0	0	1.3119545566866446	1.0991264010180088	11	0
25.5	0	1.332520797955241	1.0759228768559745	11	0
25.5	0	1.3270109826629906	1.0607637577841311	12	0
42.0	0	1.1618462052475396	1.0225179846134431	13	0
84.0	0	1.2889482314035732	0.9705445053778653	14	0
84.0	0	1.1084871503350562	0.9875611634516278	15	0
84.0	0	1.0900208992812683	0.9384856355544093	16	0
84.0	0	1.106947728172398	0.9221843526997893	17	0
115.5	0	1.1639032386499482	0.8549570675059872	17	0
115.5	0	1.1204792702744828	0.8608993925476206	17	0
115.5	0	1.102641000649873	0.9035682391186801	17	0
84.0	0	1.0122567429136198	0.9311250281128709	17	0
120.0	0	1.1644265325584586	0.9648665544935786	17	0
120.0	0	0.9087540377980491	0.9415648823420327	17	0
120.0	0	1.0054320208718954	0.9632270972039411	17	0
84.0	0	1.2256118637280857	0.9800518692995327	17	0
42.0	0	1.2263251027885556	1.0090024768533248	18	0
42.0	0	1.0506344149082905	1.021566201812982	19	0
6.0	0	1.0882028733942437	0.9987798897065038	19	0
-16.5	0	1.1403254800192173	1.0478182916616217	19	0
-16.5	0	0.9748886148465007	1.068355242027743	19	0
-16.5	0	1.2452330918821062	1.198228057104287	19	0
-31.5	0	1.3423856642192158	1.232771332036294	19	0
-90.0	0	1.4704709406955736	1.1741180429602653	19	0
-31.5	0	1.3972953252723752	1.1622551755934312	19	0
-90.0	0	1.3366469263778116	1.142148536130314	19	0
-138.0	0	1.5425337879302727	1.1736503010692192	19	0
-138.0	0	1.470605446565111	1.1917821993183775	19	0
-90.0	0	1.5700861194871947	1.1968733264486418	19	0
-31.5	0	1.5456355113252462	1.1924645046435585	19	0
-90.0	0	1.419868411332079	1.217728611669154	19	0
-138.0	0	1.4898595256432643	1.1271732517491002	19	0
-138.0	0	1.487222524984006	1.1098607923190038	19	0
-138.0	0	1.4323879133818085	1.1074951525506331	19	0
-138.0	0	1.4567072661652858	1.124890698871918	19	0
-138.0	0	1.3062467810597462	1.0948320444005966	19	0
-94.5	0	1.0669982876662565	1.0564424926762277	19	0
-138.0	0	0.8542404872055677	1.097417928037926	18	0
-138.0	0	0.892788097077386	1.0655877627548722	17	0
-94.5	0	1.0976509541418662	1.038321063964455	16	0
-49.5	0	1.0719445304177138	1.0341152915974285	15	0
-49.5	0	0.9418972062817743	1.0966694224228315	14	0
-49.5	0	0.9720197919594172	1.0988001312904028	13	0
-94.5	0	0.8914165329121023	1.1714178605702812	13	0
-138.0	0	0.8599900736984538	1.1627361080968952	13	0
-138.0	0	0.9578737888303855	1.1048210988137848	13	0
-138.0	0	0.8589115224005465	1.1383673506022063	13	0
-94.5	0	0.8900937421345575	1.146834438259939	13	0
-94.5	0	0.610500515862156	1.1653681189657166	13	0
-49.5	0	0.6833165544059514	1.1698096103726041	13	0
-49.5	0	0.6109588994414109	1.1264888522106284	12	0
-49.5	0	0.7231458349444116	1.1363175079756875	11	0
-49.5	0	0.5956021000123725	1.1355548439959755	10	0
-49.5	0	0.7827223428835703	1.137357484795506	9	0
-30.0	0	0.6999279612874668	1.108675057129561	9	0
-7.5	0	0.5927677151463495	1.106460889110432	9	0
43.5	0	0.5519846991181347	1.1526569516354024	9	0
43.5	0	0.6797196932261075	1.121041652002895	9	0
66.0	0	0.8234437822085374	1.1356876935453888	9	0
66.0	0	0.8530812172088682	1.0818915909936933	8	0
43.5	0	1.0827130144257255	1.0328570470705807	8	0
43.5	0	0.8659333658499532	1.0166807177905846	8	0
66.0	0	0.8838037767203022	0.9835471329894877	8	0
66.0	0	0.926943821591389	1.0481117863766074	8	0
66.0	0	0.8608034878883954	1.0672729093172992	8	0
66.0	0	0.8367345908833189	1.0809381116693544	8	0
109.5	0	0.8495469837962965	1.0262957318547168	8	0
66.0	0	0.8684458527846859	1.0127803538610116	8	0
63.0	0	0.8394193370766153	1.0045787909667694	8	0
43.5	0	0.8762498701436375	0.98503066023559	7	0
43.5	0	0.970602397878719	0.9418414315754065	6	0
63.0	0	0.8791112220138204	1.0759027604833775	6	0
43.5	0	0.8188439145138713	1.1057667530002957	6	0
63.0	0	0.7449409492879424	1.1487977931901319	6	0
72.0	0	0.8214602351766509	1.141601317811311	6	0
109.5	0	0.7697884839294399	1.1206348526671182	6	0
72.0	0	0.960139756826131	1.1309407652746175	6	0
72.0	0	1.2022913086806581	1.0483690546214988	7	0
106.5	0	1.2087986923079477	1.075901350643141	7	0
72.0	0	1.2507630638052862	1.0337233567496689	7	0
63.0	0	1.2072151027612197	1.0541401676294784	7	0
-13.5	0	1.2582133319075	1.0488017098806812	8	0
-85.5	0	1.2953000476137075	1.0714237839198195	9	0
-15.0	0	1.3341616738836564	1.0155730238419656	10	0
-15.0	0	1.32111971718908	1.0327596797962788	11	0
-15.0	0	1.3490761392584758	1.0291820135786482	12	0
-3.0	0	1.469535580209862	1.032607589190883	13	0
-72.0	0	1.470088904119348	1.0591497302135062	14	0
-85.5	0	1.7912482544118036	1.0846817723233515	15	0
-91.5	0	1.868720046723844	1.0662289039761976	16	0
-91.5	0	1.8989525577285642	1.1262031039352358	17	0
-91.5	0	1.8244995729634967	1.1167997265446226	18	0
-103.5	0	1.9818756805159854	1.114034675571604	19	0
-103.5	0	2.0078611546151652	1.1146229057272388	20	0
-112.5	0	2.0773534058620453	1.1007383237694364	21	0
-117.0	0	2.1533825949052483	1.1028172964317866	22	0
-130.5	0	2.171453794253985	1.0879165673769364	23	0
-153.0	0	2.145669123576563	1.1008208664162065	24	0
-175.5	0	2.013291026923669	1.1508801419936994	25	0
-207.0	0	1.9706734806429091	1.1490899452682888	26	0
-207.0	0	1.9537971014036322	1.2005813452173884	27	0
-175.5	0	1.861417939907166	1.1684853465791631	28	0
-207.0	0	1.9120774429615053	1.2026666336664613	29	0
-207.0	0	1.8545558251686125	1.133849607431828	30	0
-231.0	0	1.853050866457339	1.1261579031163784	31	0
-231.0	0	1.8819862608903166	1.1509028783738489	32	0
-231.0	0	1.757271191820631	1.204694750154176	33	0
-250.5	0	1.723658937057308	1.217555035199586	34	0
-276.0	0	1.7138974961648934	1.1879826832345919	34	0
-300.0	0	1.6329244659251296	1.1874445554465736	34	0
-345.0	0	1.5822220543150727	1.1374107927898378	34	0
-345.0	0	1.313042406595957	1.1321046012622806	34	0
-345.0	0	1.417710278091767	1.1103274468043134	34	0
-345.0	0	1.6574689434064758	1.0733165569587557	34	0
-345.0	0	1.6515745439822949	1.0435603640218718	33	0
-345.0	0	1.8308038685155648	1.0426410550242498	34	0
-345.0	0	1.8199744150653698	1.0271224446270648	35	0
-345.0	0	1.7917021216112503	1.0740859812464107	36	0
-366.0	0	1.8483705873655465	1.0814236976208436	36	0
-345.0	0	1.8258535193562675	1.118120305604914	36	0
-349.5	0	1.8395608616594123	1.1200158810425156	36	0
-349.5	0	1.855097248250771	1.1056944525577315	36	0
-337.5	0	1.810645002061291	1.0724840883095095	36	0
-337.5	0	1.8012732272373522	1.1074291088086954	36	0
-300.0	0	1.7505111706530292	1.1208092862228838	36	0
-250.5	0	1.7426495892300966	1.114704629995978	36	0
-250.5	0	1.6937713681788638	1.094900520987744	35	0
-231.0	0	1.6964009826049335	1.093264362717006	34	0
-223.5	0	1.59608506335198	1.072457244873694	33	0
-214.5	0	1.4184184440570111	1.0688866910206825	32	0
-214.5	0	1.2854485182319175	0.9873225675064942	31	0
-210.0	0	1.2200991457946437	0.9895384118710527	30	0
-210.0	0	1.0642180927301639	0.9876952056047466	29	0
-210.0	0	1.0475429221852373	0.9737381082755596	28	0
-178.5	0	1.0760127255546255	0.9447973559058512	27	0
-178.5	0	1.1663183870745109	0.908371480985134	26	0
-90.0	0	1.088823573222885	0.871512757459324	25	0
-90.0	0	0.8308501220335598	0.8880814230837983	25	0
-90.0	0	0.6711817635642646	0.8613249000585048	25	0
-25.5	0	0.6782879249874765	0.8503198183185815	25	0
-7.5	0	0.6641768415542042	0.8358146859708243	25	0
-7.5	0	0.7899440026105852	0.8164473858764083	25	0
-7.5	0	0.7581525797754654	0.7679541600024018	25	0
-7.5	0	0.8172764238998291	0.7363975654251326	25	0
21.0	0	0.8645152032888579	0.7522355964633833	25	0
21.0	0	0.8959791477108505	0.7037849386111014	25	0
21.0	0	0.9240311564375517	0.6476364926047748	25	0
51.0	0	0.9990860657764797	0.6520648667953187	25	0
51.0	0	0.9448872203370269	0.6980396973805694	25	0
51.0	0	1.0161125506264406	0.7088477162345526	25	0
51.0	0	1.031733319286789	0.7912341374512798	25	0
33.0	0	1.2611334267494172	0.7711729035170263	25	0
-7.5	0	1.243818562162031	0.7988606398272987	24	0
33.0	0	1.120897244700211	0.7786579154014631	23	0
4.5	0	1.0402383579880063	0.7943527277146819	22	0
-7.5	0	0.9290795368861859	0.832171943309467	21	0
-25.5	0	0.9547493524718237	0.8149808256709136	20	0
-25.5	0	0.741547646066076	0.7893487122779376	19	0
-7.5	0	0.726978584300916	0.771085114703748	20	0
-12.0	0	0.6908700527182193	0.7993685576929265	21	0
-12.0	0	0.7170507234108303	0.7499930195579598	21	0
-12.0	0	0.7430213081958471	0.7355280942199959	21	0
-12.0	0	0.7342449026458895	0.7811835229456533	21	0
-25.5	0	0.7280063453399899	0.7342810659894873	21	0
-25.5	0	0.7978946432987917	0.7431397655566678	21	0
-30.0	0	0.7896808941986941	0.7491147870893708	21	0
-30.0	0	0.8406909555673004	0.7703589431780833	20	0
-46.5	0	0.6354722547689584	0.7141867226157471	19	0
-69.0	0	0.5691904880050468	0.7252538675475122	18	0
-69.0	0	0.7111285076787125	0.7207030208461607	17	0
-69.0	0	0.8551769274199301	0.7571546335482329	16	0
-69.0	0	0.9703974117647035	0.7434963355290962	15	0
-43.5	0	0.850677712080355	0.7400953678574874	14	0
-22.5	0	0.8623976694001598	0.7539757395141994	14	0
-43.5	0	0.7818453123602842	0.813527084213743	15	0
-22.5	0	0.6933340647235691	0.8834005869034833	16	0
-21.0	0	0.6125298655441834	0.9393842969047709	17	0
-10.5	0	0.8327580262954641	0.9243321621502955	18	0
-1.5	0	0.8896553614758761	0.8713467347021495	18	0
0.0	0	0.8786650792248798	0.9415290163408108	18	0
-10.5	0	0.7705533229609486	0.9382523491341657	18	0
-21.0	0	0.7778391113333175	0.973624457161967	18	0
-10.5	0	0.7781013404396736	1.00435237455134	18	0
0.0	0	0.5309966945385125	1.0212138096688124	18	0
-10.5	0	0.6049343624706544	1.0322742768489181	18	0
-10.5	0	0.6060032836594416	1.1052424556094655	18	0
-10.5	0	0.6208223310916385	1.1694591728161485	18	0
-21.0	0	0.5616485365574044	1.1918630691786416	18	0
-10.5	0	0.4869937233729658	1.18175749047512	18	0
-10.5	0	0.5863667729364014	1.2245811134398703	18	0
-10.5	0	0.5857719821297211	1.2101740701748702	17	0
0.0	0	0.42911388487986524	1.1914023437196262	16	0
0.0	0	0.19847625290885895	1.1843051131580378	15	0
0.0	0	0.17523534842255067	1.2269217729305615	14	0
73.5	0	0.2654275946115013	1.2464336706961967	13	0
153.0	0	0.3474851045145935	1.2489820209194062	13	0
153.0	0	0.32614325039599545	1.2619022452718658	14	0
73.5	0	0.5274983743170342	1.2988056074534866	15	0
73.5	0	0.4721905309415563	1.3136636620213622	16	0
69.0	0	0.47751691875039615	1.278289977680655	17	0
153.0	0	0.49836878036398546	1.3067030381885139	18	0
153.0	0	0.41594729333126473	1.3099653351958624	19	0
153.0	0	0.6453215931245755	1.3074791210405134	20	0
184.5	0	0.4418127858584644	1.336031209926769	20	0
184.5	0	0.436899445694047	1.3247712259431605	20	0
184.5	0	0.40027581148773783	1.3509025546807263	20	0
184.5	0	0.38158045496754445	1.3384830985866774	20	0
184.5	0	0.5056491272354126	1.4039128503223184	20	0
184.5	0	0.276965130526762	1.404583085215226	20	0
153.0	0	0.0016032324910112792	1.4264590955784289	20	0
118.5	0	0.06533909988252547	1.4438712933010913	19	0
118.5	0	0.09105340009176802	1.4914344562146902	18	0
61.5	0	0.16757098855550961	1.4610116484882527	18	0
61.5	0	0.13301136945210087	1.3918050919164422	18	0
118.5	0	0.16918805595692232	1.393478505290233	18	0
61.5	0	0.17214627329104476	1.3863920150091065	18	0
61.5	0	0.21400567983356555	1.3712850540300197	18	0
33.0	0	0.3495671768701815	1.345099621008024	18	0
12.0	0	0.4564601862347689	1.3723536398966296	18	0
12.0	0	0.5588314456513649	1.3563439128483492	19	0
33.0	0	0.6342243169458336	1.3773609782587521	19	0
33.0	0	0.8196221296799214	1.36041512724175	19	0
33.0	0	0.8126705401562729	1.3554578327243825	19	0
33.0	0	0.9437063210194562	1.3728328925653024	19	0
61.5	0.06546505856250125	0.6017344812783554	1.338925797968977	19	0
61.5	0.06540183500881414	0.6453179612154234	1.2910960067791848	19	0
61.5	0.06516167321052815	0.7359438880900109	1.2528524075671201	19	0
61.5	0.06519619451955827	0.7919385083927498	1.2132308555680296	19	0
61.5	0.06524617083896136	0.9604046277957454	1.1665200212965134	19	0
84.0	0.06496605951708928	0.8778180075771365	1.1400173552259205	19	0
84.0	0.06501512676552797	0.8965057522537615	1.1730893938139912	19	0
61.5	0.06523094827882538	0.9662727016034579	1.1558668925498683	18	0
84.0	0.06515638268822756	1.2063540065482978	1.1308936098296043	17	0
84.0	0.06516696916666512	1.2308892175272699	1.0898183831035244	16	0
84.0	0.06518288974181602	1.1274939830755755	1.094774301163901	15	0
61.5	0.06527900680568009	1.2419652688805027	1.094603794414624	14	0
61.5	0.06530932845990135	1.212849891738573	1.1073461242539702	13	0
84.0	0.06514493848181248	1.2962212718936257	1.0664114350595073	13	0
84.0	0.06515109758943428	1.283027214910322	1.0780522002447288	13	0
91.5	0.06506510029409965	1.273428642543099	1.0783898666093488	13	0
84.0	0.0651621143325212	1.2001090453527747	1.103291756190526	14	0
84.0	0.0653375463763165	0.9693994578462173	1.1279640047303994	15	0
84.0	0.06530887458970391	0.6882154717919262	1.1162185372766054	16	0
61.5	0.06546552630155923	0.84663645206149	1.1028575839886305	16	0
37.5	0.06553711599119838	0.8661329267137631	1.0990340796174143	16	0
37.5	0.06550543861493943	0.9178208920921278	1.0882278876488378	16	0
31.5	0.06563428563271126	0.8431272560590466	1.124899113754169	16	0
37.5	0.06520552831359336	0.8749019215908298	1.0780258243073386	16	0
37.5	0.06525694323391106	1.1507484215588146	1.0882120267701507	16	0
60.0	0.06521042418707045	1.460961021244739	1.0628710860299342	16	0
60.0	0.06518510482385945	1.5043407110195304	1.0470999522789504	17	0
66.0	0.06514186168589481	1.4771187449722554	1.010363116960725	17	0
91.5	0.06496605951708928	1.4664280658101443	0.9997547789510327	17	0
91.5	0.06495248908300089	1.4808308853537637	1.0934196009115882	17	0
66.0	0.06531386935129659	1.315793412563877	1.0839189314345727	17	0
91.5	0.0651713866217649	1.3504159176474875	1.0427952231222881	17	0
66.0	0.06542591796320113	1.6752592737592318	0.9964246264200862	17	0
66.0	0.06550826755351999	1.58550762053215	1.0115438886382233	17	0
66.0	0.06551723601172768	1.4962762348081615	1.0412442954981904	17	0
73.5	0.06546225301126524	1.4384175279176503	0.9958981297436738	17	0
42.0	0.06555183811256181	1.4557632365721194	0.9647122883776473	17	0
42.0	0.06554186052055934	1.3196813276939237	0.9520749886030291	17	0
-6.0	0.0659049598522073	1.4131102491798784	0.9438515703737328	17	0
-49.5	0.06601756787424817	1.5272563451610495	0.9326875812093954	17	0
-49.5	0.06596379200100642	1.7619068706964163	0.9302595931011561	17	0
-7.5	0.06590648628698048	1.6561375197769928	0.9619836237896328	17	0
-67.5	0.06629989294578674	1.641307822652065	0.9209283301907434	17	0
-67.5	0.06632792175132503	1.6482807446461993	0.9591865260097139	17	0
-67.5	0.0660608815433475	1.6237355956165225	1.006529337530821	17	0
-88.5	0.06641794482951027	1.7156096525943305	0.9569510742780747	17	0
-67.5	0.06631416370682844	1.6272114896170968	0.9267570928935653	17	0
-7.5	0.06608609331266006	1.461609385301341	0.9416776332929905	17	0
-67.5	0.06620051748263954	1.6966865082532565	0.9179703319348547	17	0
-88.5	0.06637552252987207	1.7293468892241317	0.9366316233142444	17	0
-88.5	0.06643590817796644	1.7764452958135455	0.9242719871250997	16	0
-67.5	0.06636053227901613	1.6486867574271777	0.8857298931958641	16	0
-67.5	0.06635499101022534	1.6260014547423902	0.8554515470512118	16	0
-88.5	0.06651293301011395	1.6477552027206166	0.8529114194894799	16	0
-88.5	0	1.7361091074822554	0.8289620488671466	16	0
-88.5	0	1.7849147785939241	0.8306891078892744	16	0
-67.5	0	1.8765248050144234	0.7717713219116851	16	0
-88.5	0	1.9919808951084683	0.75549062921698	16	0
-88.5	0	1.858932466172018	0.7317500672207379	17	0
-88.5	0	1.7226423817921188	0.7329175223683363	18	0
-97.5	0	1.5251091206599912	0.7116730727559818	19	0
-106.5	0	1.5375877857971185	0.7211284627499838	20	0
-97.5	0	1.6161010193125775	0.7025619634444465	21	0
-97.5	0	1.6109667599324486	0.7254930347837734	22	0
-97.5	0	1.6715646180489807	0.7063421491828493	23	0
-106.5	0	1.757800809075343	0.7189560485820276	23	0
-106.5	0	1.6904258297682893	0.726864366734447	23	0
-148.5	0	1.7911935062720858	0.6881176808746993	23	0
-148.5	0	1.6799007949947273	0.692482850325867	23	0
-106.5	0	1.641752635185281	0.6469250250066918	23	0
-97.5	0	1.7756822784502957	0.6462597082379203	23	0
-97.5	0	1.7152570012857644	0.65810997507923	23	0
-42.0	0	1.5509002425771596	0.6913056996603301	23	0
-42.0	0	1.5769830628145405	0.6875098679381917	23	0
49.5	0.06594427906437261	1.7588903422852873	0.6674360986510529	23	0
49.5	0.06596533557584619	1.767629713134839	0.6394081457216505	23	0
96.0	0.06585584220908157	1.8061054864122221	0.6061345809116132	23	0
112.5	0.06573822260731235	1.7865250683111176	0.5930359227172035	23	0
141.0	0.06533252874252182	1.7320372464698492	0.5859124015663782	23	0
178.5	0.06515285868705653	1.7808947060764253	0.5849406557145557	23	0
141.0	0.06526233786039659	1.777634987424955	0.5320920471485041	22	0
112.5	0.0652970879090929	1.8184345313327828	0.5426846862948365	21	0
112.5	0.06532979389803993	1.7191220354300278	0.5562756148062787	21	0
112.5	0.06532842701697797	1.6881238677182495	0.4890816316432138	21	0
96.0	0.06568428852033947	1.6695008210732065	0.47077877295188747	21	0
112.5	0.06544032841352009	1.4465043888962237	0.5153788272995152	21	0
112.5	0.06537372552431038	1.4293166046501462	0.53014307921695	22	0
112.5	0.06534119861863488	1.6963652045021798	0.5479474003820172	23	0
160.5	0.06514757719821057	1.3223893451114415	0.5967220480776166	24	0
160.5	0.06515506090547828	1.1137392674173419	0.6422880115924471	25	0
187.5	0.06514230111572035	1.100738651206418	0.6668098421249591	25	0
150.0	0.0652735947730612	1.1570795635662632	0.5771581981802901	24	0
150.0	0.06529030008967976	1.2938474354669336	0.5969163360036064	23	0
150.0	0.0652466192408266	1.23091140002381	0.5711270519336322	22	0
130.5	0.06531296085440096	1.1695719382899323	0.6095323800794094	21	0
157.5	0.06525694323391106	1.1250730700988876	0.6299925386858787	20	0
130.5	0.06532842701697797	1.0796770498817094	0.6646611758779685	19	0
130.5	0.06525020785681795	1.2632275288920367	0.6685434949051653	18	0
130.5	0.06532660506972161	1.3699861682966807	0.6650593517809348	17	0
157.5	0.06516520324355443	1.4387097627319236	0.6850993879845713	17	0
157.5	0.06518953784276627	1.4955194576873418	0.7407649916833833	18	0
157.5	0.06525334994079125	1.2203125398921808	0.7545519480476581	19	0
157.5	0.06530252458108715	1.0005028156648095	0.7331533985437931	20	0
97.5	0.06540692017368943	1.0879650273779915	0.7363138402666941	20	0
157.5	0.06530025860712825	1.0228624179514991	0.7356217060894151	20	0
178.5	0.0651322036984043	0.6070770318978581	0.725841383805382	20	0
157.5	0.06517890498913413	0.651275988185168	0.7443430850804231	20	0
178.5	0.0651173132402123	0.5764901926734951	0.8016564427407068	20	0
205.5	0.06494233478200176	0.6062829688446245	0.8145639737986278	20	0
178.5	0.06500527571395065	0.7026618829379465	0.8526500148882415	20	0
157.5	0.06512825791560191	0.6764675138214986	0.8351944350784496	20	0
115.5	0.06515990909984569	0.7204876661076102	0.8363966912354714	20	0
115.5	0.06515285868705653	0.6609564221302268	0.8317931959629022	20	0
157.5	0.06509680001468988	0.7309292830088645	0.8489322856260292	20	0
157.5	0.06568136258085533	0.39819342737888147	0.8385149461796607	20	0
115.5	0.06577928898792453	0.18253052861155322	0.8722618440238264	20	0
115.5	0.0657962046296573	0.16570588105573208	0.9141404150416916	20	0
75.0	0.06589276428088263	0.19158167037310667	0.9407369963359327	20	0
75.0	0.06620536159088507	0.11806337870216127	0.9621600350823338	20	0
39.0	0.06646014191188275	0.08148593693804412	0.9763150567751795	20	0
75.0	0.06636552434925212	0.05313085003826557	1.0360848681290669	19	0
57.0	0.06641682412349896	0.1804553825362717	0.989931161072778	18	0
81.0	0.06628730062243232	0.13151025187382492	1.0206155637681897	18	0
115.5	0.06613794325746467	0.15470659126439676	1.0548188545266577	18	0
115.5	0.06615338442210737	0.19809441365313604	1.0325194428607465	18	0
115.5	0.0662714657005884	0.1804265740069246	1.0394347756048006	18	0
115.5	0.06635277611428257	0.12122626120679417	1.0531594674368263	18	0
115.5	0.06641010482194273	0.09706598589405442	1.0222454944061827	18	0
81.0	0.06662709006986979	0.10608737596143515	1.0457360738859514	18	0
81.0	0.06663000449683171	0.2588303527748637	0.9328534282581489	18	0
45.0	0.06669511507919021	0.2697030146504475	0.8288904093923202	18	0
70.5	0.06655934028957006	0.06986419782043357	0.9199064119210282	18	0
70.5	0.06650609192302115	0.024600523695536912	0.9116243054814896	18	0
82.5	0.06619944161413756	0.050016711058359004	0.9429390499003071	18	0
82.5	0.06616299126386092	0.048930669588694124	0.9037774258401389	17	0
70.5	0.06633674558355637	0.25145060694952454	0.8803044785924207	16	0
70.5	0.06640227630888297	0.22902228436867422	0.861115231323596	16	0
82.5	0.06620697727630781	0.2899997723451717	0.8505502320036771	16	0
82.5	0	0.21557093157800053	0.8207718933616107	16	0
70.5	0	0.00450722571955705	0.815271253426432	16	0
82.5	0	0.16985542908890208	0.7749305932560366	16	0
111.0	0	0.4912295255492497	0.7433340369862877	16	0
138.0	0	0.7767479100493625	0.7854655584671214	16	0
138.0	0	0.5706727766789519	0.7802013970743101	16	0
111.0	0	0.593072832963956	0.776160629389796	16	0
82.5	0	0.9692110805582146	0.7722899909873611	16	0
111.0	0	1.0244117975815168	0.7208526370879589	16	0
82.5	0	1.0105279467024524	0.6967743381650913	16	0
70.5	0	1.0427968954917515	0.6961713113607837	15	0
70.5	0	1.1268853623422244	0.6996815455625919	14	0
82.5	0	1.1186984272171832	0.6630207332747997	14	0
70.5	0	1.0316963973461668	0.7041564820854262	14	0
70.5	0	0.8510569797612417	0.6948639655201787	14	0
45.0	0	0.7741139128302396	0.6791114183667646	14	0
21.0	0	1.0621127176395484	0.6705605265771494	14	0
45.0	0	1.3578124331816777	0.6742165518371206	14	0
45.0	0	1.358692130079178	0.6551761289559781	14	0
45.0	0	1.1809860606824718	0.6414208856223681	14	0
-16.5	0	0.9936101263043771	0.5981544528044686	14	0
45.0	0	0.7049986466384098	0.600300596561529	15	0
45.0	0	0.6047001607922903	0.6085665230617496	16	0
70.5	0	0.8143661526234615	0.626999188893856	16	0
46.5	0	0.615425378389906	0.6851854632810478	16	0
-16.5	0	0.3913941892666034	0.7295618028327181	16	0
10.5	0	0.47205592228516624	0.7635779735490374	16	0
-27.0	0	0.3020973432416841	0.7495677054546808	16	0
-27.0	0	0.32776728723130194	0.7224183873305028	16	0
-27.0	0	0.19315399775997558	0.7585291796958982	16	0
-27.0	0	0.18082277920574896	0.7071156016696166	16	0
-27.0	0	0.056585114010062935	0.7823897073673689	17	0
-27.0	0	0.12789387550827463	0.8352271224204691	18	0
-72.0	0	0.2887795500434911	0.8900431793099103	19	0
-27.0	0	0.03938713605539382	0.9308410472411719	20	0
-27.0	0	0.026969246389295896	0.9616230454444623	21	0
-72.0	0	0.03065436345286784	0.9605849922286346	22	0
-72.0	0	0.19892611397437457	0.9871174478596351	22	0
-72.0	0	0.150423315342484	1.021862074348605	22	0
-72.0	0	0.2959346826337706	1.044455898195419	22	0
-90.0	0	0.33351772473753233	1.1166393105474244	22	0
-90.0	0	0.36526327250362073	1.1601085789550853	22	0
-90.0	0	0.722233120146389	1.186998442692682	22	0
-96.0	0	0.7895146427357939	1.2186441754405675	22	0
-111.0	0	0.8921424871364633	1.1992046731989736	22	0
-96.0	0	0.7781528045291682	1.2236445730991112	22	0
-96.0	0	0.9301350732100411	1.2171169583362016	23	0
-96.0	0	0.8738227533254712	1.284281431625238	24	0
-111.0	0	0.8181812068092205	1.3174927591226662	25	0
-111.0	0	0.795696849654814	1.3024365383187715	25	0
-96.0	0	0.7664939788922183	1.2740477901510805	25	0
-90.0	0	1.1421781963216313	1.2763270381122551	25	0
-90.0	0	1.0948141556853714	1.3342244508643624	25	0
-90.0	0	1.187017828375002	1.2738930177345893	25	0
-90.0	0	1.0298824757312375	1.2944237006713009	25	0
-58.5	0	1.0844503975575297	1.2946229948649592	25	0
-13.5	0	1.3066102652962004	1.3195512699534284	25	0
-58.5	0	1.3830335910133147	1.3956327487968572	25	0
-58.5	0	1.382652368089588	1.3680315260682134	25	0
-13.5	0	1.4579020655152395	1.4178589404555082	25	0
0.0	0	1.1988821438731332	1.457029386454439	25	0
0.0	0	0.9509255912826938	1.4850775379141998	25	0
0.0	0	0.8015068540330088	1.5018838926503646	25	0
0.0	0	0.7566375721559758	1.498847124680185	25	0
3.0	0	0.5699294843026906	1.4613900496956118	24	0
3.0	0	0.39067765100868435	1.4432244691122664	23	0
3.0	0	0.35357949349384976	1.4526571676002318	22	0
12.0	0	0.13226992883212232	1.4637400382518209	21	0
9.0	0	0.1453323438267145	1.4441858254957203	20	0
9.0	0	0.09216008166455418	1.4027182765416697	20	0
22.5	0	0.1686630035893647	1.4107493314578199	20	0
39.0	0	0.01163426579861658	1.37836914953147	20	0
75.0	0	0.26902296459135516	1.3825000899742068	20	0
124.5	0	0.485188602521723	1.3145790890725926	20	0
151.5	0	0.12256477270957766	1.2473613643900054	20	0
156.0	0	0.042252808786502706	1.1891534321632993	20	0
163.5	0	0.22041989672023315	1.2259358539854481	20	0
163.5	0	0.43437077133493035	1.2109483105195324	19	0
163.5	0	0.26444284292475917	1.1751032534672987	18	0
163.5	0	0.14178429995619007	1.1710895391901033	17	0
175.5	0	0.1881608174541918	1.1533503922291284	16	0
175.5	0	0.23026325995076175	1.1555215514687704	15	0
175.5	0	0.012451580800062402	1.1660262574551163	16	0
184.5	0	0.03663448460682449	1.151797863114595	17	0
192.0	0	0.025058568212454124	1.144520934130413	18	0
201.0	0	0.2731797427029951	1.1570256830374928	19	0
211.5	0	0.19980899230532573	1.1957780416775317	20	0
225.0	0	0.5770294475860024	1.1504021695523112	21	0
231.0	0	0.659678449202661	1.1782036172781534	22	0
225.0	0	0.6809706389581863	1.2385840814420364	23	0
231.0	0	0.7874844999063869	1.3014252722808124	24	0
231.0	0	0.602732251801593	1.3199441619653502	25	0
231.0	0	0.6372247656074406	1.3416677209901997	26	0
231.0	0	0.4981980644390661	1.4024880878131614	27	0
231.0	0	0.4952291612847624	1.4170774819652947	27	0
217.5	0	0.5335409646375433	1.4618147700182782	27	0
217.5	0	0.38297231952125826	1.4669515917734381	27	0
217.5	0	0.45475322693296516	1.3444102282031825	27	0
217.5	0	0.3731018747593089	1.3870110927846597	27	0
201.0	0	0.18502036799858143	1.3590753575392598	27	0
192.0	0	0.12056123279714147	1.3448046354008163	27	0
177.0	0	0.07067406844197163	1.310250516677514	27	0
163.5	0	0.10180337865104104	1.3002185130357629	28	0
163.5	0	0.05666334677537285	1.3118181734375285	28	0
160.5	0	0.00854940812816268	1.3237476712569565	28	0
160.5	0	0.24574967581506837	1.2853530582662316	28	0
177.0	0	0.4713428733429057	1.2630740467005481	28	0
160.5	0	0.4246401902970001	1.248176862222221	28	0
177.0	0	0.5181609482124893	1.2396471907933475	28	0
192.0	0	0.5459970155286608	1.220838731716822	28	0
187.5	0	0.5679511667477712	1.2441010225803886	28	0
177.0	0	0.4850369743372408	1.2346850672319336	28	0
169.5	0	0.26817113025060185	1.1461136879476175	28	0
187.5	0	0.05469498156295644	1.1347491547617992	29	0
169.5	0	0.24868653708497512	1.1790083699216587	30	0
151.5	0	0.28688003661272465	1.2111066401192885	30	0
151.5	0	0.05317923780684602	1.161408361463371	30	0
171.0	0	0.2361787885888953	1.143257589202381	29	0
171.0	0	0.3723182761904712	1.1493181423210583	28	0
193.5	0	0.43649478305359646	1.1082783697037384	27	0
196.5	0	0.5112947086150736	1.0819944477552517	26	0
196.5	0	0.6421445573731429	1.0890466341577094	25	0
171.0	0	0.7004569897513848	1.0236673849470965	24	0
171.0	0	0.7867078718802967	0.9556267722237519	23	0
151.5	0	0.7215725401270533	0.9457823995905339	22	0
151.5	0	0.9295040048016536	0.9384860952142224	21	0
120.0	0	1.044581702668714	0.9348019504952283	20	0
43.5	0	1.2651761570221014	0.9712345949148451	19	0
-19.5	0	1.4026481781311504	0.9573633431185885	18	0
-19.5	0	1.332979239970106	0.882258957175747	17	0
-39.0	0	1.1785586449006762	0.8671955314549836	16	0
-45.0	0	1.3399856189929715	0.8036681460390971	16	0
-45.0	0	1.4320637061961423	0.7584889644714461	16	0
-66.0	0	1.4625350228432716	0.7402601223414077	16	0
-93.0	0	1.434296614892363	0.7197808516120972	16	0
-127.5	0	1.6429364288232982	0.728091974456245	16	0
-127.5	0	1.639055963131485	0.7182170226206954	16	0
-127.5	0	1.6975544581169058	0.7517097682177092	16	0
-93.0	0	1.4453425036249397	0.7090193300327544	16	0
-93.0	0	1.2665381519933452	0.6841708507971165	16	0
-66.0	0	1.1882787059996602	0.6759202868356444	16	0
-66.0	0	1.1278598549845398	0.6741722443920081	16	0
-66.0	0	0.9795564716992583	0.6514526544358844	17	0
-93.0	0	1.0193825287718161	0.6040562373245083	18	0
-93.0	0	1.0613207057663776	0.6392168624765028	18	0
-66.0	0	1.3814636025690377	0.6442150064705864	18	0
-66.0	0	1.5238684678337553	0.6534034201935485	18	0
-42.0	0	1.3876660503509877	0.6959724530572283	17	0
-42.0	0	1.4082492924653585	0.7501568412324482	16	0
-42.0	0	1.4780278163387437	0.8227004886301468	15	0
-66.0	0	1.4577969108982136	0.8264319444954782	14	0
-66.0	0	1.387570212714458	0.8870430756207047	14	0
-42.0	0	1.3214314497252118	0.9835278742789529	15	0
-42.0	0	1.277653104528883	1.0072657652602823	15	0
-42.0	0	1.4011249174958327	1.007063297514406	15	0
39.0	0	1.3415267890789289	0.977376489440995	15	0
39.0	0	1.286595827487005	0.9784749412867473	15	0
-42.0	0	1.159929327865874	0.9866228319773329	15	0
-42.0	0	0.9087982342318924	1.006373689513078	15	0
-42.0	0	0.827339925264993	1.0448914872303576	15	0
-42.0	0	0.8887297569067701	1.0091137994766268	15	0
-42.0	0	0.8077688159694578	0.9060187248309061	15	0
39.0	0	0.6842261269179605	0.9659370562773222	15	0
39.0	0	0.6211301193656975	1.0132248114645845	15	0
46.5	0	0.7575903343047434	1.048711434982956	15	0
-28.5	0	0.8260215900963136	1.03306489687965	15	0
46.5	0	0.6815884756055478	1.0280749078465201	15	0
46.5	0	0.6883272248827994	0.9853496798795491	15	0
46.5	0	0.582196145903836	1.0239976032620666	15	0
117.0	0	0.7129215409138758	1.0479318000938718	15	0
121.5	0	0.7528417699335284	1.027039064031318	15	0
121.5	0	0.6371160063173416	1.1024240397625176	15	0
124.5	0	0.5712645876952923	1.136277596725553	15	0
124.5	0	0.5817755355443143	1.1291343421543019	15	0
124.5	0	0.4546479977265808	1.1458327668845192	15	0
147.0	0	0.32589323183013214	1.1207251926083457	15	0
124.5	0	0.23522737431033022	1.1615144299955833	14	0
121.5	0	0.27999976204345467	1.2881354173048523	14	0
118.5	0	0.45124439951317064	1.262972154576662	14	0
118.5	0	0.5123183204574335	1.2564418264185813	14	0
46.5	0	0.5479634707604414	1.2637044788418836	14	0
118.5	0	0.613581775086158	1.235626766915231	14	0
118.5	0	0.562273558024858	1.2377599092378666	14	0
124.5	0	0.5373514281343448	1.2946007460947895	14	0
147.0	0	0.6385851719681427	1.2166156547931888	14	0
147.0	0	0.5838431457388149	1.2333442222051185	15	0
145.5	0	0.6738989418003212	1.2201734607004806	15	0
118.5	0	0.859196833495175	1.1995013723738324	15	0
118.5	0	1.0029408842793095	1.128146820548719	15	0
145.5	0	1.1040619220973535	1.1048712144574264	15	0
172.5	0	1.1850245808212558	1.1286058119356301	15	0
172.5	0	1.167680414822555	1.0911723276069005	15	0
145.5	0	1.0587919839939084	1.078879278315182	15	0
78.0	0	0.8160464976166908	1.113556063014577	15	0
145.5	0	0.5666267964255127	1.0862570021130233	15	0
78.0	0	0.6051612729948841	1.1265492727416542	15	0
6.0	0	0.6233685372949035	1.1001246118918933	15	0
78.0	0	0.729126337522441	1.1036476596633074	15	0
145.5	0	0.9175239853187325	1.0863095643460259	15	0
145.5	0	1.0044787900847878	1.0675629950759191	15	0
184.5	0	0.8717740474235186	1.0676622871226489	15	0
184.5	0	0.8582758514207793	1.075433401105366	15	0
117.0	0	0.9142397716068505	1.0572921983212034	15	0
6.0	0	0.9170415304255968	1.0358680297764595	15	0
117.0	0	0.8737742014723094	1.0225426684887597	15	0
117.0	0	0.549473502991721	1.0333877039352328	15	0
117.0	0	0.5644986949283755	1.0100073881307714	15	0
117.0	0	0.5946178898444218	0.9795498643818245	15	0
117.0	0	0.5108191253522009	0.9220916370503638	15	0
-16.5	0	0.7094614342602391	0.9380391736968948	16	0
-16.5	0	0.8454500749227281	0.9567046403095457	17	0
117.0	0	0.8473459599459221	0.9109779940499249	17	0
78.0	0	0.8300444707410153	0.9057063895210113	17	0
162.0	0	0.7524894652570641	0.8953258573627244	17	0
162.0	0	0.8885212203560656	0.8068018300858334	17	0
162.0	0	0.7833580903730801	0.8064379036597382	17	0
247.5	0	0.8755347268345816	0.7723048995613334	17	0
301.5	0	0.7743226040199751	0.6626574003805862	17	0
301.5	0	0.7361742973021229	0.6135538500088218	16	0
247.5	0	1.0560235125391937	0.6507029033923072	15	0
247.5	0	0.9046435276461927	0.6650016230237329	14	0
162.0	0	0.7606498807347929	0.7022144537671311	13	0
162.0	0	0.4392104999733232	0.7175296605490361	13	0
78.0	0	0.40314062899485625	0.6770309943741936	14	0
36.0	0	0.3101020521278923	0.6998372530398067	15	0
15.0	0	0.34264566024507354	0.7144503236078696	16	0
36.0	0	0.3514520492445945	0.7041726066846411	16	0
66.0	0	0.2568505149822385	0.6826614163215907	16	0
66.0	0	0.1703618338110718	0.7058916171470974	16	0
36.0	0.06540738270847632	0.07934891095655205	0.6762568531457869	16	0
15.0	0.0654870878917307	0.0072904695139219345	0.6274364188670557	16	0
-27.0	0.06566481309657593	0.023076839932124785	0.6510572688712948	16	0
-27.0	0.06573723701424256	0.1952615880683095	0.6642158384849852	16	0
-60.0	0.06579421172199187	0.4220011209806369	0.7148658485207785	16	0
-60.0	0.06574611403150633	0.6919162121694581	0.7720803915815215	16	0
-27.0	0.0654594489728423	0.7550831098645148	0.7932689870453286	16	0
18.0	0.06507723600934051	0.7941880179685701	0.8454643132523524	16	0
18.0	0.06520775313512203	0.885000132891929	0.8315901471464817	16	0
18.0	0.06523944947520996	1.0560226805825375	0.7798989708543559	16	0
-27.0	0.06549225718948169	1.0893906220886536	0.8265806841908093	16	0
-27.0	0.06549696101062369	1.1009047929232405	0.8729761929842891	16	0
18.0	0.06541849592142461	0.9742905499303892	0.9071419494507398	16	0
55.5	0.0653366337177895	1.0545062491819628	0.8642466106723032	15	0
55.5	0.06526683768563825	1.082049121284862	0.8680528057970083	14	0
28.5	0.06546412321057218	1.140441349569839	0.8274110074058562	13	0
55.5	0.06533937217572854	1.3805959968656527	0.7772583614463944	12	0
28.5	0.06542313345460002	1.472068365662385	0.7619654496385632	12	0
28.5	0.06539260199738378	1.283542939939983	0.8192831518117766	12	0
28.5	0.0653572075075271	1.1201943305203235	0.8287727547956655	12	0
28.5	0.06527810440695642	0.8266727938716842	0.7944252531057983	12	0
7.5	0.06570971541704101	0.8119023018797573	0.8011247823402566	12	0
7.5	0.0656217387938574	0.8640672569565372	0.8099489604913014	12	0
-27.0	0.06565413244433474	0.8942387801320518	0.7686965817294645	12	0
-27.0	0.06563815226787073	0.9122981829809006	0.7571510004831983	12	0
-27.0	0.06567162125029058	0.9611157098935922	0.860085578265767	12	0
-61.5	0.0657768059864034	1.0400306486664657	0.8696588438170545	12	0
-61.5	0.0660593097908661	0.9804214508082542	0.8707371022287128	12	0
-72.0	0.066286207044556	0.7600493784790275	0.8618884533618536	12	0
-72.0	0.06623018961308036	0.6116674747276564	0.9970731175312219	12	0
-61.5	0.06612891241278969	0.41627170666784225	1.0247020160703744	12	0
-61.5	0.0661167186623884	0.5110354807402135	0.9728290139422504	11	0
-39.0	0.06600977784739255	0.5708992452331304	0.9818235924695038	11	0
-15.0	0.06593199221768345	0.9409285269202007	0.9817034326573438	11	0
-4.5	0.06566238375929839	0.9429481202218646	1.0227803467549743	11	0
-39.0	0.06574660764023824	1.030971046181372	1.0216222686360665	11	0
-49.5	0.06578475573103293	0.9371394660607294	1.0068288897867415	11	0
-72.0	0.06588009053857825	0.6491243692301591	1.0456164133703822	12	0
-72.0	0.06606245376313792	0.697089995436105	1.0703688719379554	13	0
-72.0	0.06611460087270608	0.7001761372773686	1.0568938127828909	14	0
-72.0	0	0.8082399048347362	1.0891987990541172	15	0
-72.0	0	0.9647205757449118	1.0552275364036687	16	0
-72.0	0	0.9448389758455998	1.0366950465553506	17	0
-49.5	0	0.8836812808265146	1.028476177570255	18	0
-4.5	0	0.9536428807826104	0.9553370008493997	19	0
-49.5	0	1.0877078569713325	0.8891496231431768	19	0
-49.5	0	0.8754972850693403	0.873740052185503	19	0
-72.0	0	0.8131329181369215	0.9246034221898898	19	0
-72.0	0	0.6753106250694889	0.9670611097931998	19	0
-75.0	0	0.29028633491033934	1.1741991074521505	19	0
-75.0	0	0.2076261547412963	1.0900076754729486	19	0
-79.5	0	0.25550130856126574	1.091405726486763	19	0
-109.5	0	0.4125539444377744	1.1583469282412064	19	0
-109.5	0	0.3682505423626642	1.1630089318484693	19	0
-186.0	0	0.3937096258684767	1.2240929261783808	19	0
-186.0	0	0.4536781008463189	1.2080055476485478	19	0
-186.0	0	0.47202078844573675	1.293737768950829	19	0
-138.0	0	0.42964366595948317	1.3490981450790636	19	0
-109.5	0	0.5477048430085922	1.3489434224474295	19	0
-109.5	0	0.7480901196206228	1.384187751466927	19	0
-138.0	0	0.7517316825999161	1.4192329971294262	19	0
-186.0	0	1.1566517531577718	1.4620306335804103	19	0
-186.0	0	1.2037936748334455	1.4098949224540478	19	0
-250.5	0	1.21578235953895	1.3947375375728188	19	0
-250.5	0	1.1838275124480364	1.3754347129471667	19	0
-186.0	0	1.2662895206330225	1.3474845992737778	19	0
-138.0	0	1.3849206007275507	1.2924108695723202	19	0
-138.0	0	1.2284290207488362	1.2840795401235323	19	0
-120.0	0	1.3269042673843623	1.2894207728793101	19	0
-72.0	0	1.5447128571507873	1.262079994226462	19	0
-120.0	0	1.436676592772902	1.203878754201773	19	0
-72.0	0	1.4446472027474173	1.2524678398595184	19	0
-120.0	0	1.5551464815107037	1.2078294848448545	18	0
-120.0	0	1.4862510223569678	1.1899581987830863	17	0
-120.0	0	1.5088886833114858	1.1597831811097172	16	0
-72.0	0	1.268220878003681	1.1416194952057277	15	0
-33.0	0	1.3881901547403706	1.146437933444143	14	0
12.0	0	1.6056630310882014	1.1339590508567166	13	0
-33.0	0	1.5502281938872846	1.1042474256485602	12	0
-33.0	0	1.4524223279186401	1.1157502476130856	11	0
18.0	0	1.2420561332268214	1.1088914240305097	11	0
76.5	0	1.1249414755601501	1.1661406345075582	12	0
102.0	0	1.113484941341569	1.1771861598431346	13	0
102.0	0	1.058503215141064	1.1858569951574387	14	0
76.5	0	0.9840427632350258	1.2456171327405892	15	0
102.0	0	0.7973880754194714	1.2550410033318242	16	0
102.0	0	0.8489075949043928	1.2666394651028792	17	0
154.5	0	0.7701918809535033	1.235997853379249	18	0
154.5	0	0.8293995703922139	1.185370302503215	18	0
285.0	0	1.1656594172062842	1.052017777249662	18	0
285.0	0	1.275715542802777	1.0878062707079414	18	0
375.0	0	1.2983670468593653	1.0887609211235039	18	0
424.5	0	1.2578222484938846	1.003160509355103	18	0
424.5	0	1.2550326109094272	1.0281875953763795	18	0
424.5	0	1.2718940317530094	1.009272236507015	18	0
424.5	0	1.227160728661652	1.038269433575494	18	0
424.5	0	1.351940916412778	0.9584314213226066	17	0
424.5	0	1.2933689454946646	0.9366708755584615	17	0
424.5	0	1.3451411804097901	0.923084946322176	17	0
424.5	0	1.4002622200063626	0.8819541164497803	17	0
424.5	0	1.4892108711821013	0.8594856787574838	17	0
424.5	0	0.9485179227437134	0.7968908389935248	17	0
424.5	0	0.8599740895054976	0.8408811526433818	18	0
490.5	0	0.8015007922630946	0.8446717435589234	18	0
490.5	0	0.88755908366776	0.8612899858785336	18	0
424.5	0	0.8307511840134149	0.8626475389732061	18	0
424.5	0	0.7300024797062895	0.916678319383047	18	0
424.5	0	0.762285598201667	0.9029869938574052	18	0
424.5	0	0.7867607991791171	0.9192942758314042	18	0
334.5	0	0.8065534159964898	0.9269159131065884	19	0
334.5	0	0.9250651543883565	0.9615378691724785	19	0
189.0	0	0.9481309173584366	0.960860235615098	19	0
189.0	0	0.8410569770824442	0.9936225284108722	19	0
354.0	0	0.880752268502345	0.9644014818784399	19	0
345.0	0	0.8137544194178354	0.9450032971708628	19	0
177.0	0	1.0203469286954638	0.9482229587411551	19	0
177.0	0	1.011008115330443	0.9085471952481298	18	0
177.0	0	0.999956213639945	0.8971715830447771	18	0
177.0	0	1.0313708646987707	0.9443140283750547	18	0
177.0	0	1.1800656470238067	0.9561832231284819	17	0
168.0	0	1.2696158219024294	0.9960948220908419	16	0
151.5	0	1.3288159636561632	1.0174453816437932	16	0
124.5	0	1.3748650251720924	1.0550918754623384	16	0
103.5	0	1.3317467587638177	1.0639405052896325	16	0
103.5	0	1.359717869094135	1.0471267934700716	16	0
90.0	0	1.51615603912903	1.1199550689734725	16	0
45.0	0	1.5924122694271736	1.0880630725835534	17	0
45.0	0	1.7169883926802114	1.0443767487537945	17	0
9.0	0	1.7293748712718255	1.01864392803093	17	0
9.0	0.06548333162510309	1.7097038878437245	1.0502906308817985	17	0
33.0	0.06541571538780284	1.6401521197222828	1.0917575913277506	17	0
9.0	0.06568916872477008	1.7042539000456136	1.0561324799478968	17	0
-13.5	0.06606559960567611	1.8435781088324779	1.0731906016134574	17	0
-54.0	0.06648051543397754	1.781994523938707	0.9990446726513714	17	0
-13.5	0.06631471334679952	1.90155132804994	1.0039299166582503	17	0
-13.5	0.06630976862818731	1.811101344950916	1.0375973105571208	17	0
-54.0	0.0664573183847534	1.5195694517505542	1.062273067085928	17	0
-54.0	0.0664788146733941	1.6608956016491399	1.052757516893887	17	0
-31.5	0.06637052109682967	1.6668645821233736	1.0499783488801746	17	0
-31.5	0.06702923567939896	1.6309027159873342	1.0862926770691066	17	0
-106.5	0.06711210170995897	1.6794143414901324	1.1092201081439295	17	0
-150.0	0.06718783990198988	1.9304895700910423	1.1546212777414901	17	0
-172.5	0.06745471810781568	2.0808767535484187	1.1287639668217135	17	0
-202.5	0.06768617223816963	2.1538626691185354	1.1573971392102542	17	0
-202.5	0.06770815504106212	2.1388289133209115	1.2225609653804201	17	0
-202.5	0.06765723179655198	1.885012158123843	1.253007785347436	18	0
-219.0	0.06777319413894833	1.848676199969761	1.2055266720997644	19	0
-219.0	0.06784118843387452	2.0945361932456055	1.1838078350696335	20	0
-232.5	0.06800065653788154	2.3489815936132965	1.1772238158883197	20	1
-249.0	0.06812255875021422	2.3672849237629094	1.1270214146745365	20	1
-261.0	0.06819187877707622	2.3755350081404583	1.1289815818700306	19	1
-249.0	0.06817176471884448	2.5341070124353378	1.020520766245298	19	1
-249.0	0.06825657609339696	2.616083694340514	0.9642253446436819	19	1
-292.5	0.06859920304167588	2.72300588174352	0.9757999302756886	19	1
-292.5	0.06850747725953528	2.8664038543137993	1.0362887360712636	19	1
-292.5	0.06858838324057968	2.721296838939651	1.0869677423598592	19	1
-292.5	0.06865193197322877	2.696504284189932	1.1157340810500642	19	1
-292.5	0.06879498355666529	2.7414470043471217	1.114216067745198	19	1
-249.0	0.06863513946153983	2.8336662603369174	1.0670736224149209	19	1
-249.0	0.06929381838034068	2.805327146057956	1.0408608844575535	18	1
-249.0	0.06926098902583196	2.8223880138086264	1.010995922108223	18	1
-249.0	0.06926660366589192	2.7686237088256975	0.9898525276561952	18	1
-232.5	0.06901562883736316	2.7634410874241633	0.9460961761990997	18	1
-210.0	0.068827845215096	2.848330256701466	0.9173470573318337	18	1
-196.5	0.06866961774939576	2.8515147708923854	0.8767536008309833	18	1
-196.5	0.06858422727398109	2.8047432560896124	0.8316266072124403	18	1
-196.5	0.06864436919230514	2.8389355838069585	0.8469746304750896	18	1
-210.0	0.06900130688585035	3.1357387289223295	0.8783918819647983	18	1
-232.5	0.06913974695669138	3.0735348970327188	0.9557440301134194	18	1
-232.5	0.06922462651683885	3.0247395382401936	0.9196548673253718	17	1
-249.0	0.06944535128824146	3.0236071112184315	0.8757868210699142	16	1
-232.5	0.06927597355941399	2.9636571932788476	0.9564427512473864	17	1
-232.5	0.0692181241252783	2.7521914957661697	0.9776057685009137	18	1
-232.5	0.06917649740984362	2.975189966954092	1.0854020734050616	18	1
-232.5	0.06924231293746311	2.7831583917580596	1.0466024573293808	18	0
-210.0	0.06878808939489918	2.7883400220224512	1.0198633251564824	18	0
-210.0	0.06870091305239968	2.9680091131050763	1.0244772535961877	18	0
-210.0	0.0688678801679892	2.883322885531138	1.0336506014543427	17	0
-232.5	0.06914157891291436	2.906956855908042	1.0044996762443568	16	0
-249.0	0.06937719471759421	3.037277207187974	0.9665766523259225	15	0
-232.5	0.06926285996536463	2.9392726442976818	0.9296576193836139	14	0
-210.0	0.0691986608715191	2.8737433650026314	0.9200536461196106	13	0
-210.0	0.06918203028048144	2.7262959383034175	0.976265122630195	12	0
-196.5	0.06906603934275432	2.7296222522658664	1.0056759330437144	11	0
-196.5	0.06888449865470835	2.750503772137442	0.9224256996054733	11	0
-160.5	0.06877604465495425	2.961003417643097	0.8760707685111868	11	0
-160.5	0.06872300791719908	3.035553308295972	0.939240705224937	11	0
-154.5	0.06871705084677676	2.698623601390227	1.0089459786678312	11	0
-154.5	0.06866877431905241	2.647596997492379	1.0187251984933041	11	0
-129.0	0.06857177763749446	2.336309949891151	1.0694560460356546	11	0
-127.5	0.0683594309451186	2.425082351021521	1.0388061589788173	11	0
-127.5	0.0683930668271749	2.248245787976275	1.1512285246313052	12	0
-127.5	0.0682825077287442	2.0694374219112857	1.201595216078139	13	0
-127.5	0.06832044135843235	2.12655237731066	1.284259000449646	13	0
-129.0	0.0685074772595352	2.2094070258742597	1.3221222766764524	13	0
-129.0	0.06847886046059147	2.3941630821292414	1.264260791174924	13	0
-154.5	0	2.348974263797261	1.268834769331196	13	0
-199.5	0	2.336626318519768	1.2916343119449005	13	0
-220.5	0	1.6244589208178168	1.2812352431220448	13	0
-226.5	0	1.612336224215718	1.2194710767802392	13	0
-226.5	0	1.6529460280407633	1.1782422982630731	13	0
-261.0	0	1.9956285486986505	1.2293555930343116	13	0
-282.0	0	1.9456739246376513	1.247363555076975	13	0
-282.0	0	1.9179859008933091	1.3091252021119382	13	0
-282.0	0	1.87961047901618	1.3477369342243846	13	0
-252.0	0	1.8029108405219851	1.3662861860238675	13	0
-226.5	0	1.7858265027655882	1.3382087002021579	12	0
-222.0	0	1.4987516990637373	1.3050312791272027	11	0
-220.5	0	1.5291268761781482	1.2487384726331991	11	0
-222.0	0	1.5154790431428717	1.1843598631999726	11	0
-222.0	0	1.4298650431112216	1.1996179795540978	11	0
-222.0	0	1.3276372439442545	1.132910635039518	11	0
-222.0	0	1.1135332114818943	1.1223614166435316	11	0
-201.0	0	0.941298256675547	1.1012225147543067	11	0
-201.0	0	0.9265889348615279	1.1473968416458473	12	0
-201.0	0	0.8622297189490423	1.1442950207633296	13	0
-201.0	0.06836102810747385	0.6317595269039739	1.1609801663800692	14	0
-201.0	0.06833950455106819	0.8002487348431963	1.1592724014120919	15	0
-201.0	0.06837222094466315	0.9003143055964687	1.1775592125308618	15	0
-174.0	0.06795218610197651	0.9755624579959357	1.1663177632983426	15	0
-201.0	0.06805408702688812	0.8257139084367362	1.150344011517807	15	0
-201.0	0.06802016331720152	0.9995525060691065	1.1034622686515612	15	0
-201.0	0.06800740116783667	1.0619920829264697	1.0555509224749895	15	0
-222.0	0.06804426565234557	1.2152276402541304	1.050310458033273	15	0
-226.5	0.0683156856362308	1.2654669361266513	1.1778594626713192	15	0
-244.5	0.0684390389550857	1.1072497760419937	1.2070144214755945	15	0
-244.5	0.06846664034994343	1.3813756628658493	1.1404603810093232	15	0
-265.5	0.068580074354016	1.7926633947871187	1.1434802386393148	16	0
-244.5	0.0685552205830729	1.7436194712057018	1.1562556269981392	17	0
-244.5	0.06857841403816321	2.16798860471291	1.1589887379458799	18	0
-244.5	0.06872045412272644	2.189739038132361	1.129343765218779	19	0
-244.5	0.06878722821106377	2.2949463514953505	1.1320565657812611	20	0
-265.5	0.06887924548403375	2.482735665268632	1.110604086090944	21	0
-259.5	0.0687734669503699	2.4006042282563267	1.0242676309802672	22	0
-259.5	0.0687545993623784	2.2554028284143093	0.9185178962841672	23	0
-259.5	0.06873238165498163	2.2282763185841827	0.9383529360901798	24	1
-267.0	0.06889864974720071	2.2078493579186276	0.9571825877437014	25	1
-267.0	0.06889331774691325	2.30785136059862	0.9181592779342229	26	1
-267.0	0.06888998596594173	3.03043120673607	0.885738651604145	27	1
-267.0	0.06885844356573649	3.083798940053336	0.9579018867688063	28	1
-285.0	0.06916243684880986	3.1003482454119298	0.9593343116375989	29	1
-285.0	0.0691820873359896	2.731093810712032	0.9022126659909298	30	1
-279.0	0.06915766746954642	2.9763373422189283	0.8573265034719132	31	1
-279.0	0.06909256624888739	3.04759484800956	0.7968384362187666	32	1
-279.0	0.0688698121798975	3.1599585900988667	0.7435371798474754	33	1
-279.0	0.06883615373005697	3.27086110684082	0.7241657794444749	34	1
-312.0	0.06886541400532845	3.3261831890972164	0.7672301585697116	35	1
-312.0	0.06885501528538623	3.470847860095199	0.7585090139134731	36	1
-312.0	0.06910045702705062	3.5633548114447127	0.7794180025924806	37	1
-312.0	0.06910389096977794	3.6963743016694797	0.8229361976009761	37	1
-312.0	0.06917370574905932	3.9432395168664516	0.8182414550380649	37	1
-334.5	0.06927635493166247	4.081587417604538	0.8389633303394671	37	1
-334.5	0.06941995245907315	4.359245538231183	0.8251890301730146	37	1
-381.0	0.06970122580577529	4.642946884022738	0.7931716727260811	37	1
-381.0	0.0694951483380459	4.6763813514761905	0.7220604369069108	37	1
-415.5	0.069573037486152	4.838250648789383	0.7288491779756219	37	1
-397.5	0.06956168358947558	5.1408983976725775	0.7104592457415201	38	1
-397.5	0.06918733721091047	5.03959292892241	0.7173921039812245	39	1
-363.0	0.06885847186575944	4.965898306440848	0.697626314185427	39	1
-363.0	0.06924285691601992	4.934515712094868	0.6902910536042367	40	1
-397.5	0.0692921378886625	5.2459479905144475	0.7285383257925345	40	1
-397.5	0.06939196162576317	5.140923929657616	0.722172571665131	40	1
-372.0	0.06936291383967004	4.995411487662151	0.7191743450896703	40	1
-372.0	0.06918823552171964	4.819762653608773	0.6593038948871708	40	1
-351.0	0.06906592740968352	4.826471281683126	0.5597536014164363	40	1
-334.5	0.06860171975735174	4.954689673651993	0.5522124464456489	40	1
-294.0	0.06843201187407666	4.697223534536826	0.5789604310634205	40	1
-294.0	0.0683626808723362	4.342040777379459	0.5256468951265294	40	1
-294.0	0.06831661873586165	4.331312402227514	0.5374020587350683	40	1
-294.0	0.06809294398050629	4.150662675514105	0.5483500392417604	40	1
-294.0	0.06799842672008578	3.9722728991008776	0.5741941024921595	39	1
-240.0	0.06759607268268636	3.8733489573967064	0.5475319313073416	38	1
-217.5	0.06714780617493245	3.828037797460446	0.5439371914673433	37	1
-211.5	0.06700048487128323	3.6318663881367916	0.5568485510934397	37	1
-202.5	0.06687333283796458	3.6431076574006642	0.6109836397631904	36	1
-202.5	0.06687591894239676	3.5730938985829925	0.6160614568726053	35	1
-114.0	0.06664752433559513	3.6022362276260815	0.63409827889361	34	1
-114.0	0.0665916608376771	3.387020474843511	0.6256990309982278	33	1
-6.0	0.06639557527988749	3.3192414025537196	0.661329246471163	32	1
-6.0	0.06637329909176827	3.2085527704882786	0.6312562636591207	31	1
27.0	0.06628620704455553	3.092094830528143	0.6520065387115606	30	1
57.0	0.06618332970126595	2.9012434482676484	0.6350650093710174	30	1
57.0	0.06615978704894633	2.7737414710134414	0.6219419933988785	30	1
33.0	0.06629112991572057	2.8176409534156037	0.618736541948025	30	1
33.0	0.0662393946328133	2.747513746794917	0.6664542001390948	29	1
24.0	0.06636552434925153	2.694010782595361	0.6729460164948817	28	0
24.0	0.06634447844102069	2.5077156367204023	0.6652384713673518	27	0
-6.0	0.06642972646156158	2.2893090370675604	0.7338109535139148	26	0
-6.0	0.06637052109682916	2.040129918884512	0.7554132866148554	25	0
-6.0	0.0663400582914796	1.9712456999863703	0.7287375443479635	24	0
24.0	0.066164059765885	1.79272217798151	0.7759717076955299	23	0
33.0	0.06601912725941307	1.6446044503388075	0.8014431362227646	22	0
33.0	0.06599630229969718	1.5835041516731723	0.8428887665312398	21	0
33.0	0.06593045837425386	1.3230692559839394	0.8961961280609854	20	0
24.0	0.06604779786046448	1.2849520370125223	0.9154619749902859	19	0
24.0	0.06599733765996665	1.1065796354188644	0.922554185810537	18	0
33.0	0.06586795239994153	1.0133923307711385	0.901887026546726	17	0
33.0	0.06596996901276898	0.8573218918178653	0.9037947852004031	17	0
33.0	0.06600199929580661	0.7126890336017632	0.9266722417703878	17	0
57.0	0.0659740910431065	0.5884680972638723	0.9671755175057861	17	0
82.5	0.06588160977694216	0.41473584668683905	0.9727339230284983	18	0
82.5	0.06583873371465834	0.24677510646896292	1.0074186649729504	19	0
99.0	0.06576044758784468	0.29085772763039447	1.0327817037221882	20	0
82.5	0.06586492223678372	0.07778786739353441	1.1084142322326478	21	0
99.0	0.06577730249270461	0.05768043651102783	1.1309192079222306	22	0
82.5	0	0.3181421132396802	1.1418435406257357	23	0
61.5	0	0.2985412162457674	1.1800319635462346	24	0
61.5	0	0.48584237674586195	1.2260067941314885	25	0
61.5	0	0.7822713115658159	1.0269781371363165	25	0
36.0	0	0.8491886443695409	1.0288333677417276	25	0
36.0	0	0.9191222994433992	1.062584594813201	25	0
33.0	0	0.9502048214945593	1.059102908216327	25	0
22.5	0	0.9397400994577815	1.1365035723661863	25	0
-25.5	0	1.0076415292122063	1.1549621612156764	25	0
-66.0	0	1.1778355150033943	1.1359891885656779	25	0
-58.5	0	1.334344807319831	1.0920719727758477	25	0
-66.0	0	1.5375699627235098	1.0528044606990796	25	0
-58.5	0	1.6367013642303299	1.0813541533723114	24	0
-58.5	0	1.611751951107792	1.0977709758106187	23	0
-18.0	0	1.6402343852683752	1.1273938850289575	22	0
-18.0	0	1.6945014835070527	1.0946223547198863	22	0
-58.5	0	1.9451051274585693	1.1680159719559298	23	0
-18.0	0	1.9149331375100516	1.2580399388782708	24	0
-58.5	0	1.7305688809919473	1.3499099074550176	24	0
-75.0	0	1.7787361194029019	1.399608413759723	24	0
-75.0	0	1.8109900807780124	1.391094556243935	24	0
-75.0	0	1.9158478314534002	1.3896856501453583	24	0
-58.5	0	2.0090351547924103	1.3367093648454176	24	0
-75.0	0	2.1559183292709454	1.362591039177034	24	0
-58.5	0	2.0733878125007736	1.4193742843810155	24	0
-58.5	0	1.8811587836472303	1.3961132745461715	23	0
-75.0	0	2.1843599061873262	1.3746625236590468	22	0
-58.5	0	2.22857381838445	1.3245200656108944	21	0
-18.0	0	2.252059966017196	1.2714085264848831	20	0
-7.5	0	2.3056478820441204	1.299336057082186	19	0
-7.5	0	2.4591074127428905	1.2794782479412101	18	0
-7.5	0	2.505413707417881	1.3113836991258585	17	0
-58.5	0	2.5715458339320167	1.3436026313911054	16	0
-81.0	0	2.453908733365381	1.3230005266319353	15	0
-123.0	0	2.4827695002363273	1.3517258994719552	14	0
-123.0	0	2.4315614089951914	1.382847945475883	14	0
-123.0	0	2.539539452408072	1.3809821085277187	14	0
-123.0	0	2.518315977292254	1.3844242468998862	15	0
-81.0	0	2.6793176969624963	1.3283043564524988	16	0
-123.0	0	2.892604762071987	1.3482087297626781	17	0
-123.0	0	2.495693566896379	1.333664975623837	18	0
-91.5	0	2.4926197036828137	1.2912514293409196	18	0
-76.5	0	2.3813140431506494	1.2642287478529386	18	0
-76.5	0	2.170898316468008	1.418148678119184	18	0
-69.0	0	2.1386763270187688	1.361921988759746	18	0
-91.5	0	2.194592216749636	1.2820137054776242	18	0
-69.0	0	2.174490929633403	1.262074500183654	18	0
-51.0	0	2.0051323487807595	1.2013745849662631	19	0
9.0	0	2.1629454949187554	1.1838506004002027	19	0
9.0	0	1.982667142266692	1.1890295832922166	19	0
112.5	0	1.7014721907089252	1.2151605767445195	19	0
112.5	0	1.597134983706159	1.2328477370131266	19	0
112.5	0	1.57481564320027	1.2343306964531022	19	0
9.0	0	1.547275224572486	1.2592048046093802	19	0
9.0	0	1.5735470817534432	1.2568999936223233	19	0
9.0	0	1.5946840484516127	1.2749771215328483	19	0
9.0	0	1.510192240243226	1.2187905417775076	19	0
-51.0	0	1.393325327689989	1.1727716739982061	19	0
-51.0	0	1.2560678301420838	1.0935499325288465	19	0
-51.0	0	0.8886738792808373	1.0397226107507735	19	0
-51.0	0	0.6691751666580709	1.0147601533846842	19	0
-51.0	0	0.7328442378508849	0.9816638027749881	19	0
-67.5	0	0.8103156581732696	0.9732241604118107	19	0
-67.5	0	0.9126116018777729	0.972340628042238	19	0
-67.5	0	0.7124556759240207	0.9674436318423884	19	0
-85.5	0	0.9734722719717246	0.9337604219650176	19	0
-85.5	0	0.9121555444557392	0.903728377269322	19	0
-91.5	0	0.6696375153182814	0.972896130052755	19	0
-117.0	0	0.7058977894769044	0.9715217044227936	19	0
-142.5	0	0.6577632144803035	1.0151693807224393	18	0
-142.5	0	0.5352909815061984	1.0273414279114736	17	0
-142.5	0	0.5006830819561893	1.0243717435809674	16	0
-142.5	0	0.5427993216868247	1.0104504095116609	15	0
-142.5	0	0.941898641561177	1.027124472000275	14	0
-112.5	0	0.9093058462297338	0.9590102024954154	13	0
-112.5	0	0.9659721107482437	0.8993162250253152	13	0
-112.5	0	0.899185526968652	0.8898484400664208	13	0
-112.5	0.06659339780276713	0.9271960691148508	0.8382504053297338	13	0
-112.5	0.06658529677155878	0.7935683762790113	0.8286211861837438	13	0
-85.5	0.06647088493249556	0.359553142924967	0.7580628188293652	13	0
-67.5	0.06635720682671278	0.6016172929373036	0.7084204285784882	13	0
-51.0	0.06633343493376762	0.5802395549171346	0.6922360473675416	12	0
-51.0	0.06637885942562423	0.5232746865959664	0.6791661998266292	12	0
-4.5	0.06634226790800805	0.3800191982802717	0.7114483642574855	12	0
-4.5	0.06638832531316292	0.3622503678503821	0.7340124542654033	12	0
42.0	0.06634282045531319	0.3183414382590291	0.8119794551221882	12	0
-4.5	0.06641234364982955	0.303379866770683	0.8632924925445046	12	0
-4.5	0.06627473802658204	0.4447125556055374	0.843976408938027	12	0
-51.0	0.06644603916495306	0.4436149111239522	0.8672821151662135	12	0
-67.5	0.06647711445333734	0.38957874507240614	0.870926584608745	12	0
-115.5	0.0666762634479028	0.5484802065330466	0.9275061676444865	12	0
-67.5	0.06658356242637467	0.4270690983103298	0.9405758971131721	12	0
-67.5	0.06693341049857743	0.44385669597276006	0.9612642846162666	12	0
-4.5	0.06668568100706448	0.4896449813925441	0.9319078902904776	12	0
-67.5	0.0668307717327443	0.45474208355686185	0.9400638416241891	12	0
-115.5	0.06695442153628677	0.32279059608846183	0.9426153367578722	12	0
-115.5	0.06696185668769883	0.4506556549133114	0.9448947484140237	12	0
-67.5	0.06654267911206628	0.5273192404909417	0.92063025449403	12	0
-4.5	0.066424112919589	0.7514586522626521	0.9000544948276046	12	0
42.0	0.0663114163576055	1.0980179057724393	0.885998121779205	12	0
51.0	0.0659024167772699	1.1663294166838298	0.9074992075651015	12	0
51.0	0.06591004968994034	1.0537844074403477	0.912887071569384	12	0
51.0	0.06585130806848186	0.9030684977455031	0.8946425111877508	12	0
51.0	0.06591565419957345	0.8115121417317687	0.9026686525963118	12	0
51.0	0.06597254490423406	1.0374595581288286	0.8913829758576235	12	0
72.0	0.06578376135400889	0.9456100017595621	0.9099554480155387	13	0
96.0	0.06551298586928825	0.8366646324454018	0.967832618387084	14	0
96.0	0.06558619267013843	1.1200359743572306	1.0025381975696248	15	0
96.0	0.06555659606727463	1.1704507407261127	1.016704247959721	16	0
96.0	0.0656270433948866	0.9818340680636919	0.9710923031046489	17	0
114.0	0.06549790228516976	0.8348708076600732	0.9503604881311339	17	0
114.0	0.06529075233410879	0.9169372078103774	0.933600354454563	17	0
114.0	0.0653475962424007	0.9276507026660694	0.9359637791870298	17	0
114.0	0.06532797147008841	0.7261322323741396	0.9543849868160859	17	0
96.0	0.0654087705601119	0.7560770200282312	0.9563656121228344	17	0
96.0	0.06566578514754993	0.7318456926398674	0.968805152730414	17	0
63.0	0.0657872424982875	0.8204080847685152	0.9696009473319208	17	0
63.0	0	0.8498063406815806	0.9747396952542627	17	0
42.0	0	0.9386367766404771	0.9918443709789416	17	0
42.0	0	0.988134929206772	0.9987593182483065	17	0
15.0	0	0.9060960579307296	1.0361828154371706	17	0
15.0	0	0.9822671325524632	1.0692439534496938	17	0
-54.0	0	0.9349018994483778	1.056590165217983	17	0
-99.0	0	0.9385441606552695	1.0465889470518455	17	0
-99.0	0	1.13347516127624	1.0173050819741463	17	0
-99.0	0	0.9841665421228701	0.958138951215022	17	0
-99.0	0	1.0137152417674138	0.917577233100616	17	0
-99.0	0	1.0006065750323254	0.8979574678915788	18	0
-99.0	0	1.0038851041880557	0.892322470304552	19	0
-78.0	0	0.932820385744254	0.8401653061185038	20	0
-36.0	0	0.9070285853520352	0.7838241947674811	20	0
-69.0	0	0.7192466559780232	0.7687183440693457	20	0
-69.0	0	0.7373157176519249	0.7654198621579037	20	0
-69.0	0	0.7740234728146129	0.7468093804719627	20	0
-36.0	0	0.6932686243888139	0.7868508199449086	20	0
-7.5	0	0.7450688380520694	0.8073212293610489	20	0
-1.5	0	0.6266322676287525	0.797843597016169	20	0
-1.5	0	0.587017115394071	0.8549898817623257	20	0
-1.5	0	0.5606636199139196	0.8901054778389111	20	0
-1.5	0	0.3356144738490628	0.8614076386612534	19	0
-7.5	0	0.35873336124018945	0.8247664752963566	18	0
-1.5	0	0.43533589824878033	0.8297475034211864	17	0
3.0	0	0.3324481540199173	0.8994648931289506	16	0
21.0	0	0.2590029501949407	0.8584890368588257	15	0
76.5	0	0.30313110856431946	0.8195713412300676	15	0
76.5	0	0.179434432187894	0.844000703258333	15	0
76.5	0	0.07712402400674051	0.84334621640934	15	0
76.5	0	0.06630158204321078	0.7916366817975949	15	0
76.5	0	0.16054102574783505	0.8539175565143271	15	0
76.5	0	0.08814901772387092	0.8898649549143213	15	0
21.0	0	0.2357314405780974	0.9691329429143815	15	0
21.0	0	0.16863815698119297	1.0080929392804847	16	0
21.0	0	0.2115532203038995	0.9770810994576037	17	0
76.5	0	0.2143815783523841	0.9764143995748861	18	0
76.5	0	0.22033270936779673	0.9971771768505623	18	0
76.5	0	0.020065413678280932	1.0360804149375475	18	0
76.5	0	0.12742634273889722	1.0895483940703106	18	0
27.0	0	0.2306307578598679	1.145856396783457	18	0
76.5	0	0.23466524109617734	1.158168650219655	18	0
27.0	0	0.495721924580171	1.1248975653943558	18	0
27.0	0	0.6214188570802182	1.118214558813593	18	0
27.0	0	0.6086438962787254	1.1435771416719192	17	0
27.0	0	0.8358901114116085	1.2017322625307876	16	0
27.0	0	0.8193172155392827	1.1526636640031769	15	0
27.0	0	0.6258503262903462	1.1626809441632158	15	0
27.0	0	0.8166736659016101	1.1776439203228783	15	0
37.5	0	0.7775032882495786	1.1918588433146875	15	0
72.0	0	0.5344817867570758	1.2625181168091308	15	0
72.0	0	0.4488647476319188	1.3031767100847536	15	0
72.0	0	0.4733900683869844	1.382543368642767	15	0
37.5	0	0.3723977168849588	1.3991395343544655	15	0
72.0	0	0.7497155271691376	1.4170452864534846	15	0
111.0	0	0.8310845848282962	1.4198395087188935	15	0
123.0	0	0.8911620449999006	1.4059903767182262	16	0
123.0	0	0.9935647931311914	1.3476314478333866	17	0
138.0	0	0.9824295233203215	1.3647336817271027	17	0
138.0	0	0.767408990704016	1.3639058951541396	17	0
117.0	0	0.5927904003654556	1.291434666879565	17	0
72.0	0	0.5179670571949787	1.264725063371457	17	0
72.0	0	0.6643155329779536	1.2834194129897385	17	0
117.0	0	0.6069251949857131	1.3396010247341843	17	0
73.5	0	0.5519758408751174	1.343669997044377	17	0
73.5	0	0.6946507628364638	1.3216492430969968	17	0
73.5	0	0.7783326385209481	1.3256288827549876	17	0
40.5	0	0.9318147436158675	1.3735961015861695	18	0
30.0	0	1.0999290304899207	1.3521671453037514	18	0
39.0	0	1.1524785909813453	1.3325399295348606	18	0
30.0	0	1.2395954814542778	1.3105837240986404	18	0
39.0	0	1.1890729241531537	1.2685199522736321	18	0
40.5	0	1.1449028639679444	1.227867665436802	18	0
105.0	0	1.190882141165886	1.1748104640634462	18	0
40.5	0	1.2040502635505632	1.1410656322641166	18	0
42.0	0	1.1122660925200483	1.141041604835409	18	0
40.5	0	1.1125046907570864	1.1181092794235996	18	0
105.0	0	1.0101601234658097	1.1162269880736346	18	0
40.5	0	1.3147620442194161	1.0835528118531697	18	0
42.0	0	1.1129122302943084	1.0167932031033005	18	0
73.5	0	0.9287166565447645	0.985532069605068	18	0
105.0	0	1.009732077546521	0.9797250958539709	18	0
73.5	0	0.7681816763959952	1.0536056091182773	18	0
105.0	0	0.5439766751209706	1.0611237448620423	18	0
117.0	0	0.40173577324243154	1.0112656578030057	18	0
162.0	0	0.36578094699234864	0.9658708878231055	18	0
145.5	0	0.44080289254709	1.0246869871820279	18	0
129.0	0	0.35918057271121456	1.086325367814511	18	0
