orf_length_med	shannon_slope	at_skew	gc_skew	max_direction	status
118.0	0	0.639472814705	1.0967505324	22	0
103.0	0	0.662022968664	1.12131644141	22	0
80.5	0	0.601695111405	1.17068461718	22	0
103.0	0	0.621453622743	1.17532688884	22	0
103.0	0	0.394068528728	1.11861629903	22	0
103.0	0	0.479443979328	1.14648429632	23	0
80.5	0	0.538015971068	1.18375600555	23	0
55.0	0	0.479001581082	1.20621799641	23	0
55.0	0	0.554557450021	1.22168315211	23	0
55.0	0	0.475692689739	1.26515719278	23	0
80.5	0	0.379219773593	1.25834346153	23	0
80.5	0	0.190259395598	1.28431446744	23	0
80.5	0	0.25031481317	1.34712849305	23	0
98.5	0	0.226780614564	1.36177715401	24	0
98.5	0	0.295216506627	1.37876824455	24	0
98.5	0	0.407199412817	1.33165699449	24	0
55.0	0	0.310801672847	1.33619377718	24	0
98.5	0	0.224708664999	1.36749301939	24	0
98.5	0	0.135682957957	1.4145298206	24	0
98.5	0	0.102518523481	1.40782932575	23	0
98.5	0	0.176234158564	1.43050901046	22	0
98.5	0	0.0336047680633	1.43570694064	21	0
55.0	0	0.195721796206	1.43641208483	20	0
98.5	0	0.245940941932	1.40459822423	19	0
98.5	0	0.172433900161	1.3427590883	18	0
55.0	0	0.254546650584	1.38236355699	17	0
55.0	0	0.372094480839	1.36509351099	16	0
98.5	0	0.483330268769	1.31381746484	15	0
134.5	0	0.377911483305	1.23792087037	14	0
134.5	0	0.358895041666	1.19401672679	15	0
160.0	0	0.31823285407	1.20075843276	15	0
134.5	0	0.461327369383	1.16263219959	15	0
91.0	0	0.53886555322	1.1471986695	15	0
91.0	0	0.526515216065	1.15453620973	15	0
91.0	0	0.511980754623	1.13086148658	15	0
91.0	0	0.727678783046	1.0839604152	15	0
53.5	0	0.737455094831	1.10191718465	15	0
53.5	0	0.781112837332	1.08908561898	15	0
53.5	0	0.731136326346	1.13433061363	15	0
53.5	0	1.01181556996	1.17858532488	15	0
53.5	0	1.09238489395	1.14227858928	15	0
53.5	0	1.06521303679	1.09845673167	15	0
53.5	0	0.996367574125	1.06774886521	15	0
17.5	0	1.14168100409	1.03397753742	15	0
17.5	0	1.32045957967	1.03812325258	15	0
53.5	0	1.23439798249	1.00842171438	15	0
58.0	0	1.04279792704	0.995352677462	15	0
95.5	0	1.0591516691	0.964550140025	14	0
134.5	0	0.971009174358	0.95881665294	14	0
134.5	0	0.982318151871	0.964878717361	14	0
95.5	0	1.26099034742	0.899145327862	14	0
134.5	0	1.43877517621	0.912422894553	14	0
134.5	0	1.21177748988	0.886293812248	14	0
134.5	0	1.18480570634	0.850688663733	14	0
134.5	0	1.00296703353	0.825204187802	14	0
95.5	0	1.02380140125	0.889778045189	14	0
95.5	0	1.14041718285	0.865933958022	14	0
95.5	0	1.24420396075	0.865431354434	14	0
134.5	0	1.07081293477	0.816275230433	14	0
134.5	0	1.14114528397	0.763001232478	14	0
134.5	0	1.25544390664	0.760706328229	14	0
95.5	0	1.46559374144	0.761929109094	14	0
134.5	0	1.38894795938	0.788120055472	13	0
95.5	0	1.45991310446	0.803614130291	12	0
134.5	0	1.45698832763	0.855061756036	11	0
145.0	0	1.42167745198	0.828233205731	11	0
134.5	0	1.19951039181	0.840800119821	11	0
109.0	0	1.1522442458	0.891937483966	11	0
113.5	0	1.17919766359	0.914311043478	11	0
74.5	0	1.15954181783	0.925664320664	11	0
58.0	0	1.1522960064	0.916975385758	11	0
74.5	0	1.26492519019	0.929401047187	11	0
107.5	0	1.15261168562	0.936165872995	11	0
107.5	0	1.17430097893	0.899564712749	11	0
133.0	0	1.25759836826	0.824924823652	11	0
107.5	0	0.918091574588	0.839206474533	11	0
133.0	0	0.870159741526	0.876206711866	11	0
145.0	0	0.824382859702	0.890672661846	11	0
133.0	0	0.714408848172	0.84561508127	11	0
133.0	0	0.688533907622	0.857564149809	11	0
145.0	0	0.500712533973	0.853744209899	11	0
166.0	0	0.507164987998	0.913922503265	11	0
185.5	0	0.342165525411	0.93321716086	11	0
199.0	0	0.232564342586	0.942944038503	11	0
199.0	0	0.265845084011	0.89893847412	10	0
194.5	0	0.301343468482	0.865017967424	9	0
194.5	0	0.407829986933	0.780903262287	9	0
194.5	0	0.284887890884	0.746050113384	9	0
221.5	0	0.33782292312	0.769772785707	9	0
194.5	0	0.358928894631	0.782977321554	9	0
194.5	0	0.399503525925	0.828100677072	9	0
194.5	0	0.511980181712	0.811326150928	8	0
194.5	0	0.715397114145	0.806299699216	8	0
166.0	0	0.754962528951	0.795564886781	8	0
166.0	0	0.907485036404	0.808686413535	8	0
166.0	0	0.854005618025	0.76698072245	8	0
166.0	0	0.831405682624	0.815164112028	9	0
154.0	0	0.624687506798	0.84198244646	10	0
154.0	0	0.89685660078	0.840019798802	10	0
154.0	0	0.720722753922	0.871131679244	10	0
154.0	0	0.701591394596	0.854357499204	10	0
154.0	0	0.425034134547	0.760408444552	10	0
112.0	0	0.299076451135	0.796482368493	11	0
112.0	0	0.169363259776	0.826132793979	11	0
112.0	0	0.17284895271	0.831035245508	11	0
92.5	0	0.140092324447	0.834713268164	11	0
89.5	0	0.335924909426	0.903744727022	11	0
89.5	0	0.291094003549	0.942549099058	11	0
89.5	0	0.232719812533	0.969239397428	12	0
112.0	0	0.245390193797	1.00046793772	13	0
112.0	0	0.281402374858	0.982160227108	14	0
89.5	0	0.240983846023	1.00202139156	15	0
79.0	0	0.24059227754	0.998066388685	15	0
89.5	0	0.241505702695	1.03541244153	15	0
79.0	0	0.232467308536	1.0735200629	15	0
79.0	0	0.622363584204	1.0224403556	15	0
79.0	0	0.65876377648	1.00290682362	15	0
79.0	0	0.549347471079	0.985630170313	15	0
79.0	0	0.694346450843	1.01132146063	15	0
79.0	0	0.560775492318	0.984555919994	15	0
71.5	0	0.505014660544	1.0053978726	15	0
71.5	0	0.496460166806	0.982796271212	16	0
71.5	0	0.836905714963	0.989047448032	17	0
64.0	0	0.825339641705	0.984066541011	18	0
71.5	0	0.795623855534	1.05109676702	19	0
71.5	0	0.816154865891	1.05349199624	19	0
71.5	0	0.857379212898	1.10119342971	19	0
64.0	0	1.06264035115	1.12257542829	19	0
34.0	0	1.09982204178	1.11769519673	19	0
34.0	0	1.02945994061	1.11626587504	19	0
64.0	0	0.881643176818	1.08069398322	19	0
55.0	0	0.668277213888	1.08373229182	19	0
55.0	0	0.533549974223	1.12653470914	19	0
64.0	0	0.344360680987	1.16835071336	19	0
55.0	0	0.225488397901	1.16192411421	19	0
58.0	0	0.223594493093	1.16512339257	19	0
35.5	0	0.325759225024	1.09291230891	19	0
35.5	0	0.466496213597	1.11673128591	19	0
2.5	0	0.530623715359	1.15492362631	19	0
-26.0	0	0.462734280164	1.14753382773	19	0
-26.0	0	0.399241724263	1.17258524452	19	0
-26.0	0	0.692412583884	1.26363343116	19	0
-26.0	0	0.787744648313	1.23737239372	19	0
-29.0	0	0.799232665182	1.20095101292	18	0
-50.0	0	0.829513483155	1.16485222047	17	0
-29.0	0	0.84629777833	1.17942753835	16	0
-20.0	0	0.736402099324	1.11758843076	15	0
2.5	0	0.762199257108	1.10530979191	15	0
2.5	0	0.727163041598	1.09977336828	15	0
-20.0	0	0.533181994941	1.09979799984	16	0
2.5	0	0.42340367574	1.1531955682	17	0
35.5	0	0.394312386454	1.1709691018	18	0
2.5	0	0.42090863019	1.16714192918	18	0
-20.0	0	0.47464641022	1.16806597604	18	0
-20.0	0	0.447630191549	1.20565929579	18	0
-20.0	0	0.278793111709	1.2392813816	17	0
-27.5	0	0.301317218008	1.19277850513	16	0
-27.5	0	0.486520114007	1.19628428014	15	0
-27.5	0	0.497504754562	1.22122002004	14	0
-20.0	0	0.528311949197	1.22953080863	13	0
2.5	0	0.715240337961	1.207618596	13	0
-20.0	0	0.583688525717	1.20723073701	13	0
-27.5	0	0.560085439387	1.20499204312	13	0
-20.0	0	0.535254553318	1.19694812174	13	0
-20.0	0	0.577793944386	1.16182583781	13	0
2.5	0	0.615137172475	1.14732370558	13	0
-20.0	0	0.586780368222	1.16103622875	13	0
-27.5	0	0.463659069717	1.20153997478	13	0
-27.5	0	0.472883104597	1.21543389575	13	0
-27.5	0	0.497044224999	1.17075313768	13	0
-27.5	0	0.438681426862	1.22387010503	13	0
-27.5	0	0.586690647071	1.21620134478	13	0
-33.5	0	0.690105011022	1.15092751189	13	0
-33.5	0	0.874505088445	1.11558302971	13	0
-33.5	0	0.719704124039	1.13019704297	13	0
-36.5	0	0.753880003766	1.13546075766	13	0
-33.5	0	0.484195219259	1.17704475378	13	0
-27.5	0	0.282147400886	1.10232900753	13	0
-27.5	0	0.240665066126	1.10953730967	13	0
-27.5	0	0.325622018742	1.08488045636	13	0
-27.5	0	0.400036943577	1.0651117092	13	0
16.0	0	0.329207918974	1.04766128821	13	0
55.0	0	0.335836026885	0.994810808801	13	0
76.0	0	0.454468428326	0.978050695755	13	0
76.0	0	0.341732943015	1.07865046885	12	0
55.0	0	0.560335513866	1.11921668123	11	0
11.5	0	0.647477083156	1.11380924768	10	0
11.5	0	0.518576007921	1.09040783815	9	0
11.5	0	0.507795780726	1.08048124819	10	0
11.5	0	0.731635863146	1.03946878905	11	0
-48.5	0	0.75905246682	1.00566540546	12	0
-72.5	0	0.778524451618	0.964969658987	13	0
-48.5	0	0.744994835282	0.983646212314	14	0
11.5	0	0.640695132957	0.990776974495	15	0
11.5	0	0.64633389189	0.952215015376	16	0
76.0	0	0.675200436632	0.970465610579	17	0
76.0	0	0.751093789463	1.01675073952	16	0
31.0	0	0.957864729018	1.02525081561	16	0
31.0	0	0.941899290825	0.976887453495	16	0
-36.5	0	0.900587781212	0.991225376236	16	0
-86.0	0	0.884548115501	0.980323287902	16	0
-42.5	0	1.06616418322	0.988641842647	16	0
-42.5	0	1.02468740686	0.945987733512	16	0
-125.0	0	1.12952004019	0.939442189645	16	0
-125.0	0	1.20289968207	0.951171009038	16	0
-167.0	0	1.17835821422	0.992821579175	16	0
-125.0	0	1.16124989826	1.0027437831	16	0
-86.0	0	1.26216702767	0.938208309983	16	0
-36.5	0	1.3216081489	0.886108099155	16	0
49.0	0	1.38646123943	0.899550237522	16	0
49.0	0	1.51286377546	0.899058735121	16	0
-36.5	0	1.43982165651	0.96919137352	16	0
-36.5	0	1.17113693756	1.00217432658	16	0
-36.5	0	1.17264534506	0.99595682902	16	0
-36.5	0	1.38521890169	0.984070919659	16	0
23.5	0	1.39600651004	0.988324160773	16	0
23.5	0	1.56807667257	0.990062584417	16	0
23.5	0	1.71741691575	1.03808089281	16	0
23.5	0	1.58336783563	1.06300913323	16	0
23.5	0	1.74201423557	1.13857063587	16	0
23.5	0	1.73397375817	1.11751698991	17	0
23.5	0	1.6189098305	1.13534579677	17	0
5.5	0	1.45319501398	1.16086848213	17	0
-38.0	0	1.36202714734	1.19071345971	17	0
-21.5	0	1.3677981835	1.09134133673	16	0
5.5	0	1.00859219229	1.04574921353	15	0
5.5	0	0.947104728574	1.07312135214	14	0
5.5	0	0.981728924868	1.06508138968	13	0
5.5	0	1.01128622845	1.08930321917	12	0
23.5	0	1.00315218694	1.09416475184	11	0
50.5	0	0.855454397952	1.09667046285	10	0
76.0	0	0.861585829004	1.10335947214	9	0
76.0	0	0.74606141628	1.08028659432	9	0
76.0	0	0.795013331138	1.04650738857	9	0
76.0	0	0.801823259279	1.08079243596	9	0
50.5	0	0.882059115626	1.11426812663	10	0
50.5	0	0.892106596266	1.1186361241	10	0
50.5	0	0.800361880579	1.10386643791	10	0
76.0	0	0.748128126037	1.13260725647	10	0
76.0	0	0.672714777662	1.09008119511	10	0
109.0	0	0.734465368777	1.05479273488	10	0
157.0	0	0.717730336496	1.00572112441	10	0
157.0	0	0.762547670911	1.04877062117	10	0
157.0	0	0.659427146918	1.07156666062	10	0
110.5	0	0.511422469086	1.10293074696	10	0
173.5	0	0.335875590671	1.07022044414	10	0
173.5	0	0.370347570589	1.0850754441	10	0
110.5	0	0.296582655091	1.14989367176	10	0
77.5	0	0.216791535073	1.18860590272	11	0
77.5	0	0.260460640648	1.18558472142	11	0
50.5	0	0.187563094832	1.16632630294	11	0
77.5	0	0.0107328139857	1.09411150216	11	0
91.0	0	0.203975442865	1.0975860017	11	0
74.5	0	0.338119709394	1.06803819453	11	0
74.5	0	0.221882529218	1.08516948494	11	0
74.5	0	0.199187751771	1.05182213581	11	0
35.5	0	0.224809693464	1.03535279549	11	0
7.0	0	0.283343960322	1.03249235572	11	0
7.0	0	0.359349734439	1.00029122319	11	0
49.0	0	0.331548776206	0.981642243929	12	0
7.0	0	0.171333097885	0.963977908943	12	0
-21.5	0	0.275569345352	0.92176187175	12	0
-54.5	0	0.381965265937	0.939606513381	12	0
-54.5	0	0.411707509192	0.916786093144	12	0
-63.5	0	0.455681850847	0.95040338505	12	0
-66.5	0	0.617384286283	0.913382782796	12	0
-66.5	0	0.509544366367	0.86340958184	13	0
-74.0	0	0.645269139426	0.792889658771	14	0
-96.5	0	0.701927369874	0.747799263866	14	0
-96.5	0	0.67816379174	0.745420942453	14	0
-96.5	0	0.971856653749	0.736696004278	14	0
-114.5	0	1.07153934064	0.72485134278	14	0
-114.5	0	1.11344907658	0.724373139097	14	0
-114.5	0	1.1139281685	0.734246423827	14	0
-104.0	0	1.05577215823	0.718040304152	14	0
-104.0	0	0.877792840919	0.680392902105	15	0
-104.0	0	0.823728750181	0.683651250822	16	0
-104.0	0	0.742291355707	0.744804748169	17	0
-104.0	0	0.561925228369	0.750130303972	18	0
-87.5	0	0.749985401405	0.748258556825	18	0
-87.5	0	0.726887498017	0.813260188033	18	0
-105.5	0	0.783006231271	0.876480216407	18	0
-105.5	0	0.791571764743	0.916110303644	18	0
-87.5	0	0.814779493636	0.911525941504	18	0
-87.5	0	0.833841182797	0.888234680205	18	0
-87.5	0	0.78521850258	0.930617556669	18	0
-105.5	0	0.77469968947	0.880354099644	18	0
-105.5	0	0.873925788878	0.859296812067	18	0
-105.5	0	0.926312591591	0.850371492152	18	0
-105.5	0	0.652400370407	0.875232660819	18	0
-105.5	0	0.633519382866	0.887436124048	18	0
-113.0	0	0.883200979914	0.855542403806	18	0
-113.0	0	0.913515425311	0.844867563217	18	0
-102.5	0	0.476035490195	0.878603765236	18	0
-102.5	0	0.615211294909	0.843669063001	18	0
-102.5	0	0.554021155718	0.821838111356	18	0
-89.0	0	0.332296879988	0.829322432456	18	0
-89.0	0	0.0315659932482	0.814981028008	18	0
-81.5	0	0.0168982996722	0.819993155872	18	0
-81.5	0	0.0590402212502	0.796791295922	18	0
-74.0	0	0.208049928579	0.814427085666	18	0
-66.5	0	0.277613609402	0.848397504639	18	0
-66.5	0	0.402787307421	0.767331846944	18	0
-27.5	0	0.459372170842	0.758364969308	18	0
22.0	0	0.442955645272	0.747058190813	18	0
38.5	0	0.475216820001	0.783515334088	18	0
22.0	0	0.740174405761	0.821649023449	18	0
22.0	0	0.734215098813	0.915623313429	18	0
22.0	0	0.649856318277	0.983002363434	18	0
22.0	0	0.645384306978	1.01909092746	17	0
-27.5	0	0.493772092097	1.05771092536	16	0
-27.5	0	0.452034736255	1.06088006556	15	0
-27.5	0	0.488517279847	1.13860567761	14	0
-66.5	0	0.595522804646	1.18975331409	15	0
-66.5	0	0.560623067612	1.18726970343	16	0
-66.5	0	0.657476147761	1.23475148575	17	0
-66.5	0	0.597197253423	1.25137225866	18	0
-66.5	0	0.515164461077	1.20375631959	19	0
-66.5	0	0.634489403251	1.2124914102	20	0
-66.5	0	0.8490174033	1.27460058224	21	0
-74.0	0	0.80597407972	1.28904669455	21	0
-74.0	0	0.654614248583	1.2665797219	21	0
-74.0	0	0.518843029431	1.23517948332	22	0
-74.0	0	0.468388944869	1.23904804337	22	0
-81.5	0	0.445387922146	1.24741298918	22	0
-89.0	0	0.611315755324	1.21368946541	22	0
-81.5	0	0.558833027573	1.26163455405	22	0
-74.0	0	0.509234738037	1.24684726555	22	0
-29.0	0	0.439441053627	1.23846509833	22	0
-68.0	0	0.497273755975	1.16444370379	22	0
-68.0	0	0.554609083248	1.1482463912	22	0
-68.0	0	0.556577128503	1.18473591242	22	0
-68.0	0	0.663528962055	1.18311535541	22	0
-29.0	0	0.871361854242	1.23401089653	22	0
-29.0	0	0.828227238513	1.2526641096	22	0
-29.0	0	0.921038578437	1.33318576174	22	0
-24.5	0	1.15500693412	1.31141770081	22	0
-74.0	0	1.45881420709	1.31483554178	22	0
-74.0	0	1.45159616762	1.3174253917	22	0
-87.5	0	1.34140227183	1.33501324334	22	0
-107.0	0	1.32550809051	1.34926752922	22	0
-107.0	0	1.33078463737	1.30267774254	21	0
-87.5	0	1.28626438	1.34213364986	21	0
-87.5	0	1.21926351315	1.38124077934	21	0
-87.5	0	0.989695485229	1.36108989072	21	0
-87.5	0	1.00576768133	1.30767297886	21	0
-74.0	0	0.88477696597	1.30098347996	21	0
-44.0	0	0.821550172738	1.30275645024	20	0
-44.0	0	0.938391295069	1.18204318332	19	0
-44.0	0	1.0320214535	1.15759634093	18	0
-9.5	0	1.08228174323	1.12801447396	17	0
-9.5	0	0.960143062822	1.16744866167	16	0
-3.5	0	0.982796504186	1.13332858988	15	0
2.5	0	0.906349218	1.07485028955	14	0
-3.5	0	0.995346883737	1.08184846211	13	0
2.5	0	0.874147382558	1.04184620102	13	0
11.5	0	0.946469475607	0.993484281093	13	0
11.5	0	1.12762614012	1.00803431535	13	0
11.5	0	1.28413272835	0.997666389966	13	0
2.5	0	1.12690811769	0.9545760137	13	0
11.5	0	1.25204148299	0.944043182187	13	0
40.0	0	1.38285919355	0.919670305153	13	0
40.0	0	1.43411186175	0.882770460837	13	0
40.0	0	1.31434674035	0.862401836719	13	0
40.0	0	1.18029069021	0.820723194041	13	0
101.5	0	1.18387547328	0.838938358075	13	0
40.0	0	1.37062258308	0.815775644853	13	0
11.5	0	1.40240915902	0.869327564343	13	0
2.5	0	1.43082822268	0.888238142921	13	0
2.5	0	1.6041649503	0.956264817406	13	0
-3.5	0	1.43108579271	0.959180148237	14	0
2.5	0	1.42074057641	0.968093918825	15	0
2.5	0	1.36109679796	1.00002502024	16	0
-3.5	0	1.38094916236	0.942616049637	17	0
-9.5	0	1.41535389607	0.927801620443	18	0
-8.0	0	1.3329916392	0.859812704423	19	0
-8.0	0	1.35734325788	0.860017814623	19	0
-3.5	0	1.3405533802	0.831326826114	19	0
-8.0	0	1.53156062175	0.84063332009	19	0
-8.0	0	1.54150046181	0.824601065813	19	0
-3.5	0	1.62761153791	0.804623016083	19	0
-8.0	0	1.50017438083	0.853856307873	19	0
-8.0	0	1.36557196764	0.906586589485	19	0
-8.0	0	1.30114055969	0.931867358216	19	0
-3.5	0	1.54471282095	0.962255250638	19	0
-8.0	0	1.48744705477	1.05911327449	19	0
-9.5	0	1.39597716924	1.08287793172	19	0
-45.5	0	1.38062209088	1.08749403446	19	0
-9.5	0	1.17433083737	1.18157431711	19	0
-45.5	0	0.992537284144	1.18938963531	19	0
-51.5	0	0.902629226502	1.21422992607	20	0
-17.0	0	0.932644885274	1.18988910737	21	0
-51.5	0	0.980084978277	1.20291902789	22	0
-51.5	0	1.00106870409	1.23580061109	23	0
-17.0	0	0.99315548663	1.24232587052	24	0
-51.5	0	1.08231462212	1.27075194783	25	0
-51.5	0	1.10474748097	1.31374542038	25	0
-18.5	0	0.948125681733	1.26997702465	25	0
-18.5	0	0.918618174079	1.26846893565	25	0
-12.5	0	0.859199196708	1.25266586694	25	0
-18.5	0	0.823776607667	1.2661458789	25	0
-18.5	0	0.801677548045	1.26280543383	25	0
-12.5	0	0.795773223284	1.31564901059	25	0
-12.5	0	1.00086678449	1.35447803529	25	0
-9.5	0	1.18687092001	1.40357263293	25	0
-9.5	0	1.25949368053	1.38663593268	24	0
14.5	0	1.09776120419	1.38331422408	23	0
38.5	0	1.08087458571	1.33130011309	22	0
38.5	0	1.07232848729	1.30730577147	21	0
38.5	0	1.08034381529	1.31474586848	20	0
38.5	0	1.18791665014	1.34500804029	21	0
14.5	0	1.30057276024	1.31233714506	22	0
38.5	0	1.12481996481	1.2582084835	23	0
38.5	0	1.2603782095	1.31005016637	23	0
43.0	0	1.2284736453	1.33840338865	23	0
55.0	0	1.30111421153	1.38255421559	23	0
55.0	0	1.19682869742	1.40448914816	23	0
55.0	0	1.19281640514	1.43400475862	23	0
55.0	0	1.12093323028	1.44211969501	23	0
55.0	0	1.01520872253	1.41599360228	23	0
41.5	0	0.725670633474	1.43502340807	23	0
41.5	0	0.599171595143	1.41737640803	23	0
11.5	0	0.677662113765	1.38886215503	23	0
-15.5	0	0.642386784744	1.34993357343	23	0
-20.0	0	0.606897836743	1.35148893123	22	0
-20.0	0	0.417933847099	1.32682587947	21	0
-20.0	0	0.471785960914	1.29557676284	20	0
-20.0	0	0.718935961242	1.26595124537	20	0
-26.0	0	0.906012453457	1.21738224269	20	0
-26.0	0	1.00414232848	1.26031670866	20	0
-23.0	0	1.10424997077	1.27337759584	20	0
-23.0	0	1.17457570825	1.24245927667	20	0
-15.5	0	1.07638086951	1.23318161367	20	0
-15.5	0	1.11719141053	1.19368275434	20	0
-23.0	0	1.1008308387	1.14956850812	20	0
-15.5	0	1.16975618269	1.15800430156	20	0
10.0	0	0.916124262965	1.16885526886	20	0
10.0	0	0.961632187062	1.21762576696	20	0
10.0	0	0.911562978123	1.2289955348	20	0
10.0	0	0.890823241362	1.23266949227	20	0
10.0	0	0.77220467087	1.20917076361	20	0
-23.0	0	0.667595944486	1.2724657631	20	0
-23.0	0	0.490604224824	1.27517030293	20	0
-42.5	0	0.501991020447	1.22359158273	20	0
-42.5	0	0.26899478283	1.20298874006	20	0
-42.5	0	0.239940008288	1.23594869782	20	0
-42.5	0	0.225669392518	1.29473367449	20	0
-42.5	0	0.207492061191	1.30630810633	20	0
-29.0	0	0.220650455781	1.31411706527	20	0
-29.0	0	0.240435559959	1.29407500957	20	0
-57.5	0	0.313991559721	1.2496766142	20	0
-57.5	0	0.126454363996	1.29905592082	20	0
-57.5	0	0.184605113363	1.33136665508	20	0
-23.0	0	0.0150832342697	1.32184601832	20	0
-23.0	0	0.0120490401077	1.29950026282	20	0
-57.5	0	0.242029219128	1.26062297133	20	0
-57.5	0	0.218389845179	1.24629308151	20	0
-23.0	0	0.260654844518	1.22784640148	20	0
-17.0	0	0.353350334771	1.21512079782	20	0
-2.0	0	0.20590594609	1.2515143853	20	0
-2.0	0	0.02688486708	1.20264338522	20	0
43.0	0	0.0121691386154	1.24653954525	20	0
43.0	0	0.038412583532	1.26575695016	20	0
89.5	0	0.0171692339812	1.28972016137	20	0
89.5	0	0.165154070886	1.21375186435	20	0
110.5	0	0.411320914477	1.17191539212	20	0
140.5	0	0.517808145184	1.18488710131	20	0
173.5	0	0.347986872795	1.19528289306	20	0
173.5	0	0.288402689106	1.21547595391	20	0
173.5	0	0.295525148834	1.18971706551	20	0
140.5	0	0.226756190979	1.15854801153	20	0
110.5	0	0.266600363088	1.17096125804	20	0
110.5	0	0.372598690158	1.1383579417	19	0
89.5	0	0.289029573197	1.13002558658	18	0
89.5	0	0.366070963799	1.14240096143	19	0
43.0	0	0.411210743447	1.11528172015	19	0
43.0	0	0.683091679278	1.1214513414	19	0
-2.0	0	0.643273466386	1.09935220944	19	0
-18.5	0	0.638071785992	1.03196431529	19	0
-24.5	0	0.651350603282	1.08260295799	19	0
-24.5	0	0.818144918575	1.05866990035	19	0
-24.5	0	0.897434385766	1.05921451786	19	0
-24.5	0	1.04948593333	1.00107693321	19	0
-18.5	0	1.06406593205	1.02037857977	19	0
-18.5	0	1.18286656126	1.01581728338	18	0
-18.5	0	1.12632160261	0.959490628116	17	0
-18.5	0	1.12227216255	0.931605733388	16	0
-54.5	0	1.14487934447	0.934649974923	15	0
-93.5	0	0.979725496998	0.931584474513	14	0
-93.5	0	1.01089797878	0.903741305176	13	0
-54.5	0	0.92408656187	0.911996632925	13	0
-59.0	0	0.906400753308	0.880392864873	14	0
-108.5	0	0.745921919624	0.803195524369	15	0
-108.5	0	0.671478700831	0.795832884103	16	0
-123.5	0	0.965184067912	0.818949462683	16	0
-123.5	0	1.2290556609	0.843571034862	16	0
-123.5	0	1.29894260912	0.845868680617	16	0
-129.5	0	1.25653967866	0.83819195967	16	0
-131.0	0	1.1392788919	0.828994880064	16	0
-131.0	0	1.13816948721	0.848935249744	16	0
-129.5	0	1.15694841099	0.916706842758	16	0
-131.0	0	1.46916117903	0.898195659236	16	0
-131.0	0	1.44439738525	0.901806984378	16	0
-131.0	0	1.43277011804	0.887072761274	16	0
-129.5	0	1.29960133927	0.926855776911	16	0
-131.0	0	1.38126896597	0.904639377604	16	0
-131.0	0	1.40335989148	0.929342894423	16	0
-135.5	0	1.37678099878	0.888665709713	15	0
-161.0	0	1.39797286817	0.865909817939	14	0
-185.0	0	1.37682925329	0.797886129731	13	0
-218.0	0	1.45766389568	0.770622317324	13	0
-185.0	0	1.48426248006	0.76189228992	13	0
-185.0	0	1.45791747666	0.76626118862	13	0
-185.0	0	1.44207656641	0.789913181192	13	0
-185.0	0	1.36934113358	0.782238346094	13	0
-161.0	0	1.31781208591	0.77102007582	13	0
-161.0	0	1.31210287029	0.726454337806	14	0
-135.5	0	1.34375268716	0.728351464269	15	0
-131.0	0	1.27868511749	0.772823775245	16	0
-131.0	0	1.12851612978	0.714241460951	17	0
-131.0	0	0.982189218278	0.715821413906	18	0
-125.0	0	0.967243552785	0.71010712437	18	0
-131.0	0	0.95382642695	0.716527659982	18	0
-131.0	0	0.762203106477	0.71362579471	18	0
-131.0	0	0.893841987975	0.694969885073	18	0
-125.0	0	0.798637313588	0.700621500204	18	0
-125.0	0	0.83902406388	0.68549448083	17	0
-99.5	0	0.883434552203	0.658375377747	16	0
-80.0	0	1.01095352195	0.695521099815	15	0
-80.0	0	0.652858432003	0.740767823995	15	0
-99.5	0	0.77759561118	0.777071283202	15	0
-80.0	0	0.917685647779	0.793363609902	15	0
-80.0	0	1.19900227201	0.922166049753	15	0
-80.0	0	1.41689895527	0.898480426768	15	0
-80.0	0	1.22561749035	0.840914753944	15	0
-33.5	0	1.14013812082	0.807787032788	15	0
-33.5	0	1.12525690376	0.79529534304	15	0
5.5	0	1.14260148955	0.793831391553	15	0
11.5	0	1.26441133405	0.764290986044	15	0
11.5	0	1.07643802279	0.767818005611	15	0
11.5	0	1.07374490659	0.745364132076	15	0
23.5	0	0.894857263208	0.71892271002	15	0
23.5	0	1.03850507295	0.662671606141	15	0
11.5	0	1.04582610734	0.635286468109	15	0
23.5	0	1.01946030164	0.630610519256	15	0
38.5	0	0.882827789712	0.673269570109	16	0
38.5	0	0.764599594799	0.627992125114	17	0
85.0	0	0.723955238472	0.666210714755	17	0
85.0	0	0.690689321822	0.696825086603	17	0
85.0	0	0.494887637497	0.776801125396	17	0
85.0	0	0.369762137762	0.836048044802	17	0
38.5	0	0.365303429561	0.842141271476	16	0
38.5	0	0.369255610358	0.83216418438	15	0
38.5	0	0.385744267788	0.910151096098	14	0
38.5	0	0.300720227896	0.959830610148	13	0
38.5	0	0.306871680046	0.951491110795	12	0
38.5	0	0.236986958928	0.969474129608	12	0
38.5	0	0.180178212738	0.985042178115	12	0
29.5	0	0.186256219862	1.04471043436	13	0
29.5	0	0.345664502576	1.10628742836	14	0
29.5	0	0.411066546665	1.14264008504	15	0
14.5	0	0.427419839558	1.12089998897	16	0
29.5	0	0.423910107362	1.14498164657	17	0
29.5	0	0.583260717638	1.10695627217	17	0
29.5	0	0.660000525222	1.11536012514	17	0
14.5	0	0.698554542237	1.1103757378	17	0
14.5	0	0.702990642596	1.09625153163	17	0
14.5	0	0.716210514035	1.08924084826	17	0
13.0	0	0.737968800946	1.08313089771	17	0
29.5	0	1.02147789997	1.07415560644	17	0
29.5	0	0.945925003486	0.989792678612	17	0
29.5	0	0.921055447948	0.952269413682	17	0
29.5	0	0.981336338598	0.88153893796	17	0
13.0	0	1.13293867724	0.925827344616	17	0
29.5	0	1.14196233547	0.9754781111	17	0
29.5	0	1.17963383697	1.02425656929	17	0
29.5	0	1.26365085288	1.05910136707	17	0
86.5	0	1.27697179572	1.05673259323	17	0
133.0	0	1.29439544231	1.10492949648	17	0
86.5	0	1.36864511278	1.11103827564	17	0
73.0	0	1.37938586186	1.13080430492	16	0
73.0	0	1.5130720739	1.14756545543	17	0
73.0	0	1.28946931302	1.14402689695	18	0
73.0	0	1.19627237648	1.17601744048	19	0
73.0	0	1.10476000646	1.17682482962	20	0
-11.0	0	1.18246477896	1.17869849773	20	0
-11.0	0	1.16565961828	1.21556908539	20	0
-12.5	0	1.18693190817	1.2145655772	20	0
-12.5	0	1.20098626772	1.18795817116	20	0
-12.5	0	1.3441384171	1.16014309291	20	0
14.5	0	1.46254236954	1.14759202026	20	0
-14.0	0	1.46010894093	1.13996290096	20	0
-65.0	0	1.59715301526	1.14821795281	20	0
-14.0	0	1.67387087147	1.04035970135	19	0
71.5	0	1.68079239185	1.00961272622	18	0
71.5	0	1.60672596655	1.02036803733	18	0
71.5	0	1.61797517063	0.990371521495	18	0
-14.0	0	1.569707012	0.924008841914	18	0
-14.0	0	1.68501796884	0.849294257915	18	0
71.5	0	1.7008422751	0.819347460832	18	0
71.5	0	1.88704618477	0.798656946484	18	0
71.5	0	1.84420119873	0.814611828342	18	0
-14.0	0	1.95047904443	0.849867610105	18	0
-65.0	0	1.93412919328	0.909375901531	18	0
-108.5	0	1.84649034625	0.920376283494	18	0
-108.5	0	1.98415378068	0.980271915411	18	0
-158.0	0	1.88933520683	1.00583873877	18	0
-158.0	0	1.85543231542	1.00775865223	18	0
-108.5	0	1.89925190378	0.956345858999	18	0
-158.0	0	1.82673804086	0.936116319994	18	0
-108.5	0	1.8702023262	0.997644738003	18	0
-177.5	0	1.80218313613	1.03557734764	18	0
-108.5	0	1.54859653302	1.02974854215	18	0
-65.0	0	1.40277178399	0.952372041306	18	0
-65.0	0	1.3781910914	0.945025844614	18	0
-65.0	0	1.34491512436	0.917424989052	17	0
-65.0	0	1.187911358	0.88864854411	16	0
-65.0	0	1.17094686975	0.911943582125	15	0
-65.0	0	1.04104957131	0.891705059346	14	0
-27.5	0	1.04894800957	0.931283505353	13	0
-27.5	0	1.092089044	0.917402894187	12	0
-27.5	0	1.13310272669	0.913513468637	12	0
-12.5	0	1.12950641327	0.941830565498	13	0
1.0	0	1.32999377023	0.917688397534	14	0
-12.5	0	1.34893720633	0.944630328923	14	0
1.0	0	1.3916459882	0.949222048111	14	0
1.0	0	1.48676594262	0.935196013662	13	0
4.0	0	1.50156348112	0.917721881893	12	0
46.0	0	1.53499032187	0.934569474329	11	0
77.5	0	1.56544889659	0.93802289835	10	0
46.0	0	1.5796771789	0.95357346376	10	0
46.0	0	1.53341903158	1.01751259682	11	0
77.5	0	1.3996907182	1.03189364113	11	0
46.0	0	1.24606004913	1.06223759463	11	0
4.0	0	1.12871785722	1.08490961566	11	0
-12.5	0	1.24322001374	1.08975207647	11	0
-12.5	0	1.29701412404	1.06873952235	11	0
4.0	0	1.37611862515	1.10610107989	12	0
46.0	0	1.36304253717	1.09212191884	13	0
46.0	0	1.42844858144	1.06763118205	14	0
46.0	0	1.23348119613	1.02795762299	15	0
46.0	0	1.30150972965	0.974482407038	16	0
77.5	0	1.32516629099	0.906026224303	16	0
86.5	0	1.33581917446	0.916489838232	16	0
86.5	0	1.27988456183	0.938767632185	16	0
100.0	0	1.30566570685	0.923951414651	16	0
100.0	0	1.20196734698	0.90746983311	16	0
86.5	0	1.21246010216	0.963654825721	16	0
82.0	0	1.21372000602	0.988718457221	16	0
82.0	0	1.33491942237	0.990835037488	17	0
82.0	0	1.15266171278	0.985776095407	18	0
82.0	0	1.20998733865	0.941521384162	18	0
59.5	0	1.37743397659	0.992934659687	18	0
77.5	0	1.13418033126	1.06175493279	18	0
32.5	0	1.23463735901	1.11067192967	18	0
4.0	0	1.22415512681	1.15555340099	18	0
-32.0	0	1.3026349194	1.16715054088	18	0
-32.0	0	1.36936675964	1.14276195273	18	0
-54.5	0	1.51355722891	1.16784718644	18	0
-54.5	0	1.59762503536	1.10475360641	18	0
-32.0	0	1.52489189391	1.12318733686	18	0
-32.0	0	1.48165619326	1.11665228056	18	0
-54.5	0	1.79353938735	1.03304088802	18	0
-54.5	0	1.74065390656	1.01956149078	18	0
-54.5	0	1.78816553247	1.00216464557	18	0
-69.5	0	1.66665213105	1.01515853133	18	0
-54.5	0	1.403627921	1.02042411937	18	0
-54.5	0	1.37090107477	1.00834392272	18	0
-54.5	0	1.35952255166	1.02033745713	18	0
-54.5	0	1.42103576163	1.0194252611	18	0
-30.5	0	1.30969125473	1.00791079986	18	0
19.0	0	1.29770127999	0.956108657358	18	0
-30.5	0	1.25945271578	0.974913202647	17	0
-30.5	0	1.37761414984	0.943246271461	16	0
-30.5	0	1.54893538309	0.908766882489	15	0
19.0	0	1.5625507235	0.887301549989	14	0
19.0	0	1.32241454834	0.918114402532	13	0
19.0	0	1.2793522245	0.947960671468	12	0
19.0	0	1.19936511324	0.96174192325	12	0
-30.5	0	1.16755424765	0.998299829331	12	0
5.5	0	1.11482834286	1.0547409306	12	0
5.5	0	1.09651753615	1.07209462522	12	0
5.5	0	0.972203288511	1.11028853844	12	0
5.5	0	0.866892231022	1.09407195223	11	0
32.5	0	0.92356183992	1.10904467781	10	0
28.0	0	0.863151179635	1.07084145233	9	0
41.5	0	1.19054100719	1.06047493235	8	0
41.5	0	1.1478914708	1.01481771448	8	0
41.5	0	1.1422219034	0.987695607201	8	0
76.0	0	1.08975302317	1.00362014615	8	0
71.5	0	1.25787386552	1.06032742311	8	0
118.0	0	1.19799665393	1.09225403623	8	0
118.0	0	1.18630420019	1.03960302629	7	0
118.0	0	1.42144524956	0.987094900301	7	0
118.0	0	1.26563544154	0.925086016501	7	0
118.0	0	1.28213552574	0.893157018975	7	0
118.0	0	1.31155703917	0.857481269407	7	0
71.5	0	1.35547102794	0.866403590222	7	0
118.0	0	1.38853932066	0.882999106939	7	0
71.5	0	1.34658696067	0.880982676783	7	0
71.5	0	1.23153802096	0.900655425843	7	0
71.5	0	1.26988801486	0.926826754234	6	0
116.5	0	0.994147993767	0.99164156236	6	0
71.5	0	0.999193725266	1.04051627093	6	0
71.5	0	1.05542565396	1.02598005191	7	0
103.0	0	1.04830594369	1.00410809646	7	0
68.5	0	1.21007819449	0.970713551667	7	0
68.5	0	1.22118143623	1.02152599136	7	0
34.0	0	1.20538839972	1.02839066103	8	0
25.0	0	1.25738237655	1.03930667815	9	0
17.5	0	1.30781726019	1.0032619347	10	0
-53.0	0	1.30845435142	0.999810550326	11	0
-53.0	0	1.36352083932	0.957871281576	12	0
-41.0	0	1.33902180018	0.983211119366	13	0
-41.0	0	1.39835988993	0.999176385623	14	0
-110.0	0	1.47952244696	1.02368987425	15	0
-123.5	0	1.68030804231	1.04002652251	16	0
-129.5	0	1.69625190334	1.06120636293	17	0
-141.5	0	1.70862912002	1.09175670316	18	0
-141.5	0	1.76114731144	1.08967179956	19	0
-150.5	0	1.79217221643	1.07406015201	20	0
-150.5	0	1.83021558632	1.07145173246	21	0
-155.0	0	1.85399318377	1.07116853801	22	0
-168.5	0	1.95612534658	1.08416319032	23	0
-189.5	0	1.93055139126	1.0460041571	24	0
-201.5	0	1.95661006486	1.09773044297	25	0
-213.5	0	1.77256829648	1.10143403218	26	0
-248.0	0	1.76166780127	1.14173120738	27	0
-213.5	0	1.60621544793	1.16384274065	28	0
-248.0	0	1.6537126487	1.19723992957	29	0
-248.0	0	1.59978168483	1.13000152453	30	0
-288.5	0	1.59837066968	1.12248626328	31	0
-288.5	0	1.62549983906	1.14666360369	32	0
-288.5	0	1.51247824559	1.19916070361	33	0
-314.0	0	1.48096415807	1.21172598145	34	0
-347.0	0	1.47181205255	1.18283200145	34	0
-338.0	0	1.23798760207	1.25238974515	34	0
-338.0	0	1.20459032111	1.23719108937	34	0
-338.0	0	1.27187763925	1.18885650514	34	0
-338.0	0	1.3775656221	1.17718038085	34	0
-338.0	0	1.51315196759	1.12228362765	34	0
-338.0	0	1.45333507144	1.10941930345	35	0
-338.0	0	1.58480428586	1.15272390435	36	0
-374.0	0	1.60873634326	1.14275443643	37	0
-374.0	0	1.61077092984	1.16623991707	38	0
-378.5	0	1.62862468949	1.19200372713	38	0
-374.0	0	1.66031014703	1.21560069014	38	0
-374.0	0	1.71145628663	1.17411970727	38	0
-374.0	0	1.70528962414	1.17743436331	38	0
-338.0	0	1.62356169946	1.16495308586	38	0
-338.0	0	1.63482156782	1.17161877526	38	0
-288.5	0	1.57672326022	1.16081639399	37	0
-264.5	0	1.61231550971	1.17867863116	36	0
-264.5	0	1.63155302842	1.17159733784	35	0
-252.5	0	1.44536330273	1.15809258646	34	0
-224.0	0	1.17571784724	1.10371205781	33	0
-224.0	0	1.05382991422	1.11175125146	32	0
-248.0	0	1.02607708602	1.08371786158	31	0
-248.0	0	1.06697226103	1.05794514921	30	0
-216.5	0	1.04155069746	1.00724657581	29	0
-216.5	0	1.14185884361	0.975054909634	28	0
-128.0	0	1.05471170693	0.964062694217	27	0
-128.0	0	0.801173469802	0.967614536713	26	0
-128.0	0	0.649880210684	0.957844016049	25	0
-68.0	0	0.646849514101	0.941002031262	25	0
-50.0	0	0.602748963567	0.923668587123	25	0
-17.0	0	0.61009270684	0.918593182201	25	0
-17.0	0	0.619064889879	0.879321144257	25	0
-50.0	0	0.84308079276	0.844253439189	25	0
-17.0	0	0.807536047881	0.815970759433	25	0
-17.0	0	0.836345661391	0.780629037589	25	0
38.5	0	0.82641425958	0.759005693262	25	0
50.5	0	0.861141163647	0.749063974488	25	0
13.0	0	0.869555738978	0.742657829751	25	0
13.0	0	0.939655009736	0.723442213763	25	0
13.0	0	0.991169298648	0.770857975811	25	0
-5.0	0	1.20624963509	0.751256934517	25	0
-50.0	0	1.19001561087	0.778309530809	24	0
-5.0	0	1.07476737229	0.75857024473	23	0
-33.5	0	0.999143429984	0.773905027489	22	0
-50.0	0	0.894923441139	0.810856693025	21	0
-68.0	0	0.892784779919	0.799270810478	20	0
-68.0	0	0.692891696824	0.774226682349	19	0
-50.0	0	0.67738924158	0.756337777482	20	0
-54.5	0	0.64353470155	0.783972415301	21	0
-54.5	0	0.668081104439	0.735729522312	21	0
-54.5	0	0.692430535548	0.721596413662	21	0
-54.5	0	0.684201976812	0.766204534313	21	0
-68.0	0	0.678352847014	0.720377991509	21	0
-68.0	0	0.743878529649	0.729033477836	21	0
-68.0	0	0.736177504835	0.734871435969	21	0
-68.0	0	0.784373798604	0.75549144634	20	0
-84.5	0	0.591965400458	0.700607782731	19	0
-107.0	0	0.529821119651	0.711421054015	18	0
-107.0	0	0.6628989868	0.706974600999	17	0
-107.0	0	0.797955517174	0.742590035631	16	0
-107.0	0	0.90598362933	0.729245050753	15	0
-81.5	0	0.793737154944	0.725922099234	14	0
-65.0	0	0.804725521041	0.739484063514	14	0
-81.5	0	0.729201458543	0.797669336184	15	0
-81.5	0	0.688839538291	0.827227213825	16	0
-81.5	0	0.728895525577	0.883810088926	17	0
-59.0	0	0.86486511937	0.909907887242	18	0
-48.5	0	0.938196175407	0.896867521005	19	0
-48.5	0	0.895104887943	0.874914791389	19	0
-59.0	0	0.890210105577	0.879686137531	19	0
-59.0	0	0.921141154744	0.917558847843	19	0
-48.5	0	0.735162527735	0.914266524973	19	0
-48.5	0	0.723332702918	0.968165764426	19	0
-59.0	0	0.746882421881	0.997357953684	19	0
-48.5	0	0.681739665218	1.06637764162	19	0
-59.0	0	0.710523440847	1.11938905261	19	0
-59.0	0	0.538311431496	1.12684813296	19	0
-59.0	0	0.640083665936	1.11526714503	19	0
-48.5	0	0.483599696295	1.13684842715	19	0
-48.5	0	0.250619532318	1.11015743527	18	0
-38.0	0	0.218164861569	1.10850813617	17	0
41.5	0	0.250890908457	1.12545610454	16	0
41.5	0	0.249648478076	1.16590207786	15	0
35.5	0	0.275039777886	1.1626036531	15	0
35.5	0	0.331580545604	1.18086750218	16	0
115.0	0	0.296572602172	1.19531411379	17	0
35.5	0	0.496147093124	1.19102990574	18	0
35.5	0	0.514774905301	1.21255541773	19	0
115.0	0	0.477624379184	1.17285314163	20	0
115.0	0	0.698200003738	1.21994189843	21	0
115.0	0	0.456462975982	1.23345314498	21	0
149.5	0	0.485560073958	1.20646608495	21	0
149.5	0	0.469417322198	1.25618476431	21	0
149.5	0	0.42368421875	1.23227591921	21	0
149.5	0	0.398263907714	1.25930998631	21	0
115.0	0	0.138579035781	1.26242662867	21	0
115.0	0	0.014230731173	1.32233190151	21	0
115.0	0	0.0239172863884	1.33009612366	21	0
80.5	0	0.0283879273161	1.37919752551	21	0
23.5	0	0.0516639953607	1.36748105822	20	0
23.5	0	0.0243871985279	1.29883128099	19	0
23.5	0	0.215757026315	1.31307688228	18	0
23.5	0	0.189765308782	1.34863542109	18	0
80.5	0	0.111500964972	1.34652654214	18	0
80.5	0	0.147236420056	1.31581919148	18	0
23.5	0	0.202537341524	1.25808899562	18	0
23.5	0	0.391083837495	1.25189049089	19	0
23.5	0	0.401985699783	1.29021926356	19	0
-5.0	0	0.626413927837	1.33585278979	19	0
23.5	0	0.647239332368	1.33116125932	19	0
23.5	0	0.583871020674	1.31482238543	19	0
23.5	0	0.51280906092	1.31489030946	19	0
23.5	0	0.510167208811	1.28527116676	19	0
46.0	0	0.531258895888	1.24435822733	19	0
23.5	0	0.598647954506	1.19591335655	19	0
46.0	0	0.639865964076	1.13584315662	19	0
46.0	0	0.827546039259	1.12078823429	19	0
46.0	0	0.845067244706	1.15310162021	19	0
23.5	0	0.910479153638	1.13627419276	18	0
46.0	0	1.13557393852	1.11187378213	17	0
46.0	0	1.15857759571	1.0717407964	16	0
46.0	0	1.06163656958	1.07658302868	15	0
23.5	0	1.16896225018	1.07641643325	14	0
23.5	0	1.1416643331	1.08886646171	13	0
46.0	0	1.22053433401	1.04864122182	13	0
46.0	0	1.21388099644	1.05901995879	13	0
53.5	0	1.20488159275	1.05934987929	13	0
46.0	0	1.14183277192	1.07815673287	14	0
46.0	0	0.924142854117	1.10161241872	15	0
46.0	0	0.660511127913	1.09013638523	16	0
23.5	0	0.809043044974	1.07708192417	16	0
-0.5	0	0.827322497298	1.07334612869	16	0
-0.5	0	0.87578396101	1.06278782426	16	0
-6.5	0	0.794358529305	1.10345617757	16	0
-0.5	0	0.824149734847	1.05765813319	16	0
-0.5	0	1.08277715519	1.06761067029	16	0
22.0	0	1.37362545097	1.04285103549	16	0
22.0	0	1.41429726396	1.02744168206	17	0
28.0	0	1.38877456617	0.991547567649	17	0
53.5	0	1.37875122792	0.981182578533	17	0
53.5	0	1.39225498478	1.07269878581	17	0
28.0	0	1.23751959444	1.06341605598	17	0
53.5	0	1.26998086973	1.0232357008	17	0
28.0	0	1.57454663082	0.977928817698	17	0
28.0	0	1.49039751692	0.992701253134	17	0
28.0	0	1.39218316545	1.02196755286	17	0
35.5	0	1.33793615449	0.977661600873	17	0
4.0	0	1.35419909741	0.94719114395	17	0
4.0	0	1.22661178689	0.934843736232	17	0
-44.0	0	1.31420862409	0.92680895827	17	0
-87.5	0	1.42122941409	0.915901064303	17	0
-87.5	0	1.6412324234	0.913528772781	17	0
-45.5	0	1.54206547952	0.944525073287	17	0
-105.5	0	1.52816149194	0.904411563429	17	0
-105.5	0	1.53469914541	0.941792139248	17	0
-105.5	0	1.5225391667	0.983299838229	17	0
-105.5	0	1.44572108693	1.00129261669	17	0
-45.5	0	1.18203765096	0.959017096464	17	0
-45.5	0	1.48601036607	0.923379184666	17	0
-105.5	0	1.50507841602	0.947473095873	17	0
-126.5	0	1.50317130127	0.888389123257	17	0
-126.5	0	1.54732969878	0.876313009688	16	0
-105.5	0	1.4275461916	0.838655048211	16	0
-105.5	0	1.40627696646	0.809071269116	16	0
-126.5	0	1.42596990075	0.806818978398	16	0
-126.5	0	1.50880851741	0.783418991933	16	0
-126.5	0	1.5545676074	0.78510643326	16	0
-126.5	0	1.44456153749	0.750018769345	16	0
-126.5	0	1.54420988653	0.729524028176	17	0
-135.5	0	1.39241533869	0.701126517613	18	0
-135.5	0	1.32717682786	0.693089947774	19	0
-144.5	0	1.2935043834	0.713925606784	20	0
-144.5	0	1.28305178963	0.710846489162	21	0
-135.5	0	1.3639441373	0.679614150473	22	0
-144.5	0	1.43331994125	0.698938529556	23	0
-144.5	0	1.52199722382	0.690241968639	23	0
-144.5	0	1.4093090878	0.70073745129	23	0
-186.5	0	1.49364320202	0.676703748937	23	0
-186.5	0	1.48855512872	0.643459750825	22	0
-186.5	0	1.38938963392	0.648744479722	22	0
-144.5	0	1.38253509086	0.643349727203	22	0
-135.5	0	1.48367377575	0.631153829902	22	0
-135.5	0	1.51890292066	0.647594332185	22	0
-135.5	0	1.31300699394	0.652335908389	22	0
-80.0	0	1.44643514362	0.658906407309	22	0
11.5	0	1.51259084939	0.606450119684	22	0
11.5	0	1.51198554199	0.590805445207	22	0
58.0	0	1.55262661569	0.563851119701	22	0
74.5	0	1.56048184129	0.57622920099	22	0
109.0	0	1.56886278074	0.560911333661	22	0
109.0	0	1.45685088966	0.538678105524	22	0
74.5	0	1.49268676533	0.512301611883	21	0
58.0	0	1.50048013586	0.48433465173	21	0
74.5	0	1.39231579223	0.517732444061	21	0
109.0	0	1.30092428373	0.521925918771	21	0
109.0	0	1.33124966391	0.532442351192	21	0
122.5	0	1.25459854125	0.51527473827	22	0
74.5	0	1.31687552571	0.556836643345	23	0
112.0	0	1.05537271026	0.645008350041	24	0
112.0	0	1.08330082079	0.648119705582	25	0
112.0	0	1.1110925968	0.69864933857	24	0
119.5	0	1.08217470958	0.715057222676	23	0
119.5	0	1.08006509605	0.750322883468	22	0
119.5	0	1.14206568694	0.775573283365	21	0
119.5	0	1.07479867802	0.7839114653	20	0
119.5	0	0.99140979363	0.778629200668	19	0
140.5	0	0.831846435813	0.788811527774	18	0
140.5	0	0.934788721424	0.811992566998	17	0
140.5	0	1.10869588261	0.814878622068	18	0
151.0	0	1.0127242931	0.824101524267	19	0
151.0	0	1.09193837482	0.8683058602	20	0
173.5	0	1.05556815913	0.877078154295	21	0
190.0	0	1.03983518609	0.859394733478	21	0
176.5	0	1.09582614378	0.875585337267	21	0
176.5	0	0.991617908958	0.879707082495	21	0
176.5	0	0.896948400693	0.88049780677	21	0
194.5	0	0.990615198771	0.882307094979	21	0
194.5	0	1.00639998279	0.909428156326	21	0
233.5	0	0.85315326018	0.915290310938	21	0
194.5	0	0.701030964917	0.932025285778	21	0
193.0	0	0.696687515629	0.927743352165	21	0
187.0	0	0.764336599733	0.930575191066	21	0
161.5	0	0.670167115164	0.943722959735	21	0
161.5	0	0.721898776921	0.969104338243	21	0
142.0	0	0.542566243114	0.969715075399	21	0
140.5	0	0.314387402434	0.997020393589	21	0
139.0	0	0.286778369389	1.02980236315	21	0
139.0	0	0.261844208893	1.04736005696	21	0
139.0	0	0.169316241073	1.04251624493	21	0
124.0	0	0.0775007733826	1.09021027274	21	0
124.0	0	0.128796859321	1.04984719841	20	0
124.0	0	0.115624396845	1.02710898306	20	0
124.0	0	0.00157935163298	1.01396153438	20	0
104.5	0	0.05707211875	1.01515749475	20	0
104.5	0	0.118455741427	0.982638878193	20	0
104.5	0	0.141721682031	0.956725515563	20	0
89.5	0	0.0275538848259	0.9475208629	20	0
89.5	0	0.148166348885	0.894193907802	20	0
89.5	0	0.128986986863	0.845298232892	20	0
95.5	0	0.0680665797983	0.803647933218	20	0
95.5	0	0.105204849405	0.833400330218	20	0
100.0	0	0.240508209118	0.797293176003	19	0
100.0	0	0.315591837027	0.782918829471	18	0
124.0	0	0.378046597836	0.779509866009	17	0
124.0	0	0.392262116919	0.770067067439	16	0
100.0	0	0.521803377432	0.773710797549	15	0
100.0	0	0.650882696407	0.738900147449	15	0
100.0	0	0.676975230616	0.723591914	16	0
85.0	0	0.682460304446	0.717329624402	17	0
67.0	0	1.10106997153	0.739571559691	18	0
85.0	0	1.10942504014	0.681610232835	19	0
67.0	0	1.04933973369	0.700184122803	19	0
67.0	0	0.897772275302	0.707449365493	18	0
67.0	0	0.845439836281	0.676333307542	17	0
67.0	0	0.952681172996	0.65075818449	16	0
85.0	0	1.03111039256	0.640734102939	15	0
85.0	0	1.01595506721	0.629030185217	15	0
56.5	0	0.808342449094	0.619563577177	16	0
17.5	0	0.793284398257	0.618029192795	17	0
56.5	0	0.771108130949	0.633514085177	18	0
56.5	0	0.626707995947	0.622385896125	19	0
85.0	0	0.573063832295	0.620994280117	19	0
56.5	0	0.616270615183	0.604641171236	19	0
56.5	0	0.333863454933	0.583408671907	19	0
8.5	0	0.422500430348	0.605237241413	19	0
56.5	0	0.566939739175	0.641604670556	19	0
8.5	0	0.660304637181	0.60843874697	19	0
-24.5	0	0.547913796926	0.619600076947	19	0
-35.0	0	0.662686578495	0.611173275692	19	0
-63.5	0	0.671162801909	0.605378678789	19	0
-35.0	0	0.426483613073	0.70691833441	19	0
-26.0	0	0.376497129754	0.79705987919	20	0
-35.0	0	0.568991955815	0.806930061962	21	0
-35.0	0	0.518237466468	0.83216198986	21	0
-63.5	0	0.208536193013	0.857901525413	21	0
-77.0	0	0.0231133407231	0.876896095962	21	0
-77.0	0	0.227229276053	0.917690967499	21	0
-77.0	0	0.249772014855	0.971934169206	21	0
-77.0	0	0.043797438451	1.00074367299	21	0
-90.5	0	0.0411467185732	1.07397586039	21	0
-90.5	0	0.0638681631789	1.08113171025	21	0
-90.5	0	0.168722720147	1.10630326686	20	0
-110.0	0	0.11659800792	1.16235361038	21	0
-134.0	0	0.134203223825	1.1644315514	22	0
-110.0	0	0.17039586489	1.16324305462	22	0
-90.5	0	0.193259419584	1.1318897816	22	0
-90.5	0	0.416367343276	1.18081190275	22	0
-90.5	0	0.386533603476	1.19678508216	22	0
-77.0	0	0.561806551521	1.19577402109	22	0
-51.5	0	0.712496585712	1.19404864969	22	0
-51.5	0	0.722305162203	1.21409667538	22	0
-35.0	0	0.783185580105	1.16600187437	22	0
-35.0	0	0.822097840813	1.2082488005	22	0
-26.0	0	0.790761682769	1.24373246418	22	0
-15.5	0	0.844176203555	1.30686935381	22	0
-15.5	0	0.948098975059	1.32827530514	22	0
-15.5	0	0.912937678644	1.33808815984	22	0
1.0	0	0.808302968021	1.37131033456	22	0
1.0	0	0.65886713099	1.40952308761	22	0
-15.5	0	0.404384769414	1.41574843286	22	0
-15.5	0	0.2621225511	1.411064505	22	0
-26.0	0	0.230012809263	1.40040660945	22	0
-15.5	0	0.257270074194	1.37641381146	21	0
1.0	0	0.0367882014298	1.36890439769	20	0
43.0	0	0.0448195759671	1.32800001406	19	0
43.0	0	0.158175735353	1.29756539455	18	0
92.5	0	0.419694914618	1.29586031789	17	0
113.5	0	0.208601271821	1.25857372826	17	0
118.0	0	0.170916006911	1.24021723924	17	0
118.0	0	0.242456523742	1.21261598186	17	0
125.5	0	0.0570709803201	1.19150520671	17	0
125.5	0	0.00605252824455	1.20958581479	17	0
137.5	0	0.0641244146285	1.24659232926	17	0
146.5	0	0.0317631742214	1.24624645276	16	0
154.0	0	0.253924004169	1.22411578853	16	0
163.0	0	0.190618737174	1.24466679782	16	0
173.5	0	0.177183043612	1.23706219777	16	0
187.0	0	0.0995643656271	1.20711405465	16	0
187.0	0	0.124027958957	1.21942773252	17	0
193.0	0	0.0637086125094	1.20898089539	18	0
193.0	0	0.0500258636733	1.23940505264	19	0
193.0	0	0.0287340088802	1.26059700818	20	0
214.0	0	0.119231315591	1.24977162496	21	0
242.5	0	0.178336535581	1.27391299915	22	0
214.0	0	0.259719923073	1.31178680505	23	0
242.5	0	0.295635420645	1.35438492283	24	0
242.5	0	0.127374358718	1.28484451154	24	0
242.5	0	0.0661534618941	1.27292020367	24	0
214.0	0	0.0644580920718	1.29633910683	24	0
193.0	0	0.175747829253	1.28505901206	23	0
179.5	0	0.293832179841	1.30463112023	23	0
163.0	0	0.572501116683	1.31411379603	24	0
163.0	0	0.75846049847	1.29038872988	24	0
154.0	0	0.635144507373	1.30570766839	24	0
154.0	0	0.445637366492	1.26276032546	24	0
139.0	0	0.491595342667	1.2271001185	24	0
139.0	0	0.393953722799	1.2110753234	24	0
154.0	0	0.375918829574	1.15278952015	24	0
155.5	0	0.413755803956	1.13537840019	24	0
155.5	0	0.460681884357	1.08134444404	24	0
155.5	0	0.482981288549	1.04304579085	24	0
155.5	0	0.36987937806	1.05844489564	25	0
155.5	0	0.441458836507	1.09059951443	26	0
155.5	0	0.468827724422	1.09110254284	27	0
155.5	0	0.447174584746	1.10372403132	27	0
155.5	0	0.611127260037	1.10476643296	27	0
163.0	0	0.802429178144	1.10342976466	27	0
163.0	0	0.718655019531	1.12191688718	27	0
163.0	0	0.749931152495	1.20376058602	26	0
163.0	0	0.727875016302	1.18698018793	25	0
208.0	0	0.755457041305	1.19984004869	24	0
208.0	0	0.801742522782	1.1705816657	23	0
158.5	0	0.792214760798	1.19057548978	22	0
133.0	0	0.744443405911	1.14710808588	21	0
113.5	0	0.565460062936	1.15362591819	20	0
82.0	0	0.909594673509	1.09745546981	19	0
16.0	0	1.00985025237	1.0725479003	18	0
-30.5	0	1.24412748411	1.08824681054	17	0
-30.5	0	1.27020586854	1.05090142425	16	0
-30.5	0	1.32976030671	1.01228982337	16	0
-30.5	0	1.20540898274	0.940503537666	17	0
16.0	0	1.03391329191	0.885735260731	18	0
16.0	0	1.08225786412	0.8358938997	19	0
-47.0	0	1.10468555097	0.809310744898	20	0
-77.0	0	1.19666262373	0.767437084908	21	0
-83.0	0	1.20776320816	0.732643619076	22	0
-104.0	0	1.20790371789	0.850567961244	22	0
-83.0	0	1.15931436035	0.828570434494	22	0
-80.0	0	1.15316274077	0.820856323832	22	0
-47.0	0	0.9618789352	0.839280734228	22	0
31.0	0	0.839137683919	0.876379504832	22	0
79.0	0	0.711746680906	0.903889480905	22	0
28.0	0	0.688333987174	0.894266200019	22	0
79.0	0	0.808990990271	0.883943830582	22	0
79.0	0	0.933683263758	0.89041441489	22	0
85.0	0	0.87114970858	0.889864571775	21	0
79.0	0	0.979315225	0.917201962265	20	0
79.0	0	1.02952428193	0.925624131874	20	0
79.0	0	1.02597486058	0.904471746395	20	0
79.0	0	0.813264112697	0.937198717328	20	0
1.0	0	0.549078344272	0.992229565777	20	0
79.0	0	0.571092402595	0.986602664366	20	0
83.5	0	0.573831324041	0.923648668743	20	0
79.0	0	0.598513488256	0.895901455793	20	0
79.0	0	0.522923384662	0.932898723258	20	0
83.5	0	0.523453451336	0.937373070576	20	0
83.5	0	0.59789841449	0.997005835434	20	0
79.0	0	0.523418202841	0.987612146727	20	0
79.0	0	0.417603997974	0.945392072151	20	0
83.5	0	0.431245703471	0.967908796528	20	0
79.0	0	0.454406991619	0.94973310894	20	0
79.0	0	0.412613466264	0.988783325205	20	0
83.5	0	0.473027938428	0.938406609118	20	0
86.5	0	0.399148982614	0.950197830368	19	0
86.5	0	0.59648942898	0.992932128395	18	0
109.0	0	0.488322816021	1.04709597674	17	0
109.0	0	0.439754276869	1.07182785098	16	0
109.0	0	0.27873016804	1.06969917571	15	0
109.0	0	0.263743044014	1.08707538456	14	0
86.5	0	0.179493600149	1.13709058193	13	0
86.5	0	0.395710906397	1.27768319903	14	0
80.5	0	0.584853772913	1.23300475662	14	0
80.5	0	0.426391092801	1.2161808402	14	0
80.5	0	0.472515370021	1.21626392856	14	0
86.5	0	0.53941781498	1.20485708564	14	0
86.5	0	0.478665113656	1.22400003421	14	0
109.0	0	0.525500670382	1.17935367755	14	0
109.0	0	0.552069662002	1.18552003797	14	0
134.5	0	0.552266319381	1.18505903354	15	0
107.5	0	0.700698743493	1.15178428046	15	0
80.5	0	0.8304341283	1.09734016849	15	0
107.5	0	0.892836708807	1.03274755205	15	0
134.5	0	1.04740580472	1.04008711499	15	0
134.5	0	1.05414349665	1.04398541344	15	0
134.5	0	1.111224406	1.03083932341	15	0
107.5	0	0.998813330944	1.03805746359	15	0
107.5	0	0.703826597407	1.0384995686	15	0
107.5	0	0.483868487932	1.0500030633	15	0
40.0	0	0.54912552328	1.08179316794	15	0
40.0	0	0.662035699877	1.0417937697	15	0
107.5	0	0.895046369689	1.02661807969	15	0
107.5	0	0.892719900047	1.01730716637	15	0
173.5	0	0.841292635193	1.05268060445	15	0
190.0	0	0.722911424432	1.05307748132	15	0
190.0	0	0.83910993553	0.988632675955	15	0
79.0	0	0.83261964314	0.996149422179	15	0
-54.5	0	0.741449135659	0.946024188014	15	0
79.0	0	0.822055368697	0.981487500349	15	0
79.0	0	0.517998391095	0.992083757205	15	0
79.0	0	0.532085670184	0.969239771783	15	0
79.0	0	0.560324744034	0.939480925309	15	0
79.0	0	0.481756923558	0.883340755153	15	0
79.0	0	0.412812667464	0.889984107686	16	0
79.0	0	0.574457600859	0.908321782328	16	0
124.0	0	0.558489065213	0.883461712189	16	0
124.0	0	0.501315043604	0.865361646616	16	0
124.0	0	0.457976396007	0.783719024625	16	0
209.5	0	0.509596482761	0.767477054935	16	0
209.5	0	0.526000078848	0.756604389389	16	0
263.5	0	0.556925991989	0.722985472511	16	0
263.5	0	0.406772974084	0.522596798415	16	0
263.5	0	0.328297760355	0.598648075862	15	0
209.5	0	0.425152869988	0.632370340791	14	0
209.5	0	0.337031917165	0.619246335225	13	0
124.0	0	0.22025837554	0.659864674406	12	0
124.0	0	0.258341833281	0.689165183774	13	0
70.0	0	0.321014829779	0.645302885057	13	0
70.0	0	0.264282540362	0.635091475594	13	0
70.0	0	0.29778429142	0.625797702278	13	0
70.0	0	0.274891265506	0.619151599991	13	0
70.0	0	0.174065282021	0.616001620545	13	0
28.0	0	0.0457603652164	0.710045535736	13	0
28.0	0	0.0311539731967	0.737735413828	13	0
28.0	0	0.0301203962807	0.742710540862	13	0
28.0	0	0.0436476612831	0.760845604386	13	0
70.0	0	0.251072599733	0.756733363523	13	0
124.0	0	0.592641100027	0.687243752178	13	0
70.0	0	0.8455529182	0.735781839553	13	0
109.0	0	0.748894285052	0.720949030937	13	0
148.0	0	0.672055612433	0.760775474584	13	0
109.0	0	0.743747952769	0.726733127884	13	0
70.0	0	0.831545912584	0.711636232592	13	0
44.5	0	0.886288713925	0.697579887281	13	0
44.5	0	0.895869432711	0.717287153903	13	0
44.5	0	0.88924895506	0.734098501012	13	0
44.5	0	0.746209110088	0.761651912343	12	0
44.5	0	0.539473040827	0.79255207188	11	0
44.5	0	0.582165484436	0.793581518818	10	0
44.5	0	0.875108155783	0.757853294796	10	0
44.5	0	0.884449161783	0.767573597735	10	0
44.5	0	0.889631249743	0.831130895799	10	0
44.5	0	0.925296065712	0.852091661289	10	0
44.5	0	0.903423821593	0.851759604243	10	0
17.5	0	0.64915380125	0.837880138125	10	0
-6.5	0	0.481794431963	0.840861715348	10	0
-6.5	0	0.520245751094	0.871948298202	11	0
-6.5	0	0.553842938878	0.898923335715	11	0
-17.0	0	0.661694464233	0.910829193682	11	0
-17.0	0	0.659820900645	0.913170041229	11	0
-17.0	0	0.673348868193	0.93789228735	11	0
-17.0	0	0.817029860117	1.04471990753	11	0
-17.0	0	0.814041741859	1.02913693318	11	0
-17.0	0	0.672302557031	1.0385494914	12	0
-9.5	0	0.73910023123	1.05403218921	13	0
-6.5	0	0.784875738471	1.01947235385	14	0
-6.5	0	0.936705397089	1.01011302141	15	0
-32.0	0	0.991707241994	0.977421903691	16	0
-77.0	0	0.971488055646	0.987549895892	17	0
-77.0	0	0.974237797297	0.987571574757	18	0
-32.0	0	0.964452730654	0.99725810354	19	0
-32.0	0	1.15150264251	0.990006211406	19	0
-6.5	0	1.10021829996	0.942751771358	19	0
-32.0	0	1.0332453361	0.957800183021	19	0
-60.5	0	0.868104609211	0.951941009521	19	0
-93.5	0	0.560670184033	1.09450092706	19	0
-113.0	0	0.456791533138	1.06063725913	19	0
-113.0	0	0.382840654097	1.08342006411	19	0
-113.0	0	0.379370126197	1.09140069107	19	0
-144.5	0	0.552536275078	1.05152153962	19	0
-174.5	0	0.596885613139	1.11256284323	19	0
-174.5	0	0.539052896211	1.17865622739	19	0
-174.5	0	0.471763802505	1.23078903926	19	0
-144.5	0	0.376282687093	1.30037123175	19	0
-174.5	0	0.382731820003	1.34352094641	19	0
-174.5	0	0.685946440728	1.42542318579	19	0
-144.5	0	0.946869590392	1.35497332723	19	0
-174.5	0	1.16665558679	1.32407316769	19	0
-174.5	0	1.05600808275	1.29565117643	19	0
-174.5	0	1.11641293225	1.32479523568	19	0
-174.5	0	1.23815047684	1.29037041402	19	0
-131.0	0	1.02885104465	1.24244468586	19	0
-83.0	0	0.900486756505	1.21906592246	19	0
-83.0	0	0.974806693605	1.21420629396	19	0
-69.5	0	1.23850073424	1.23764825397	19	0
-69.5	0	1.52329801762	1.18510028631	19	0
-69.5	0	1.48443036788	1.12665468135	19	0
-53.0	0	1.4691708552	1.15438444795	19	0
-26.0	0	1.28400908621	1.12770462099	18	0
-26.0	0	1.30104186656	1.13241252715	17	0
-26.0	0	1.32950084536	1.11369038177	16	0
-26.0	0	1.27589246712	1.07432093085	15	0
16.0	0	1.27551733035	1.06423522199	14	0
38.5	0	1.39057752462	1.0493516143	13	0
38.5	0	1.36213022156	1.04631070684	12	0
64.0	0	1.32245230195	1.06929816017	13	0
116.5	0	1.12481236824	1.06357947421	14	0
247.0	0	0.998099086066	1.10084989395	15	0
338.5	0	0.978824596243	1.13760278128	16	0
338.5	0	0.871881520492	1.16953430535	17	0
247.0	0	0.842600524943	1.15274971176	17	0
338.5	0	0.716237875075	1.19503702661	17	0
247.0	0	0.876850375519	1.1631317756	17	0
338.5	0	0.916309795103	1.10746204442	17	0
388.0	0	1.01102268517	1.05475178939	17	0
476.5	0	1.28229706708	0.89843021242	17	0
476.5	0	1.37213573448	0.970189518637	17	0
388.0	0	1.43848822423	0.987463834288	17	0
388.0	0	1.48144951567	0.924062186749	17	0
476.5	0	1.30194549242	0.975396842078	17	0
476.5	0	1.33335679427	0.939967684788	16	0
476.5	0	1.35791910553	0.912484880388	16	0
476.5	0	1.44769595915	0.872070875184	16	0
388.0	0	1.30692249392	0.821708268878	16	0
476.5	0	1.36825248336	0.813162927792	17	0
496.0	0	0.999246633216	0.72952306671	17	0
452.5	0	0.912775610218	0.76455051513	17	0
452.5	0	0.751165884313	0.767259987247	17	0
452.5	0	0.673910239929	0.794332666404	17	0
388.0	0	0.617276453618	0.782444951394	17	0
388.0	0	0.529284782382	0.836671308519	17	0
388.0	0	0.75551019579	0.857811145916	17	0
388.0	0	0.916798552054	0.868866281515	17	0
452.5	0	0.876680679365	0.825334391801	17	0
331.0	0	0.791132440246	0.786636475126	17	0
331.0	0	0.700215624772	0.809989023306	17	0
334.0	0	0.77308736507	0.793392633636	18	0
500.5	0	0.76995977424	0.793038646666	19	0
500.5	0	1.00652067667	0.800188701946	19	0
334.0	0	1.00125673342	0.840543589999	18	0
193.0	0	1.07352678663	0.864689767983	17	0
193.0	0	1.08731941841	0.930399270849	16	0
166.0	0	1.15345048385	0.973213832304	15	0
139.0	0	1.24086480292	0.962777091352	14	0
139.0	0	1.24928720285	0.94201762005	14	0
130.0	0	1.28673995493	0.890149669998	14	0
113.5	0	1.35301209232	0.937038544722	14	0
113.5	0	1.36264022201	0.978359071734	14	0
100.0	0	1.52095513077	0.926632785864	14	0
83.5	0	1.78417428747	0.89228543731	14	0
100.0	0.0843535303532	1.95593532002	0.942936706565	14	0
83.5	0.0848916659091	1.90938531761	0.943796033278	14	0
100.0	0.0847045311866	1.92993104374	0.961530759862	15	0
100.0	0.0848562567365	1.91679751304	0.979229073733	16	0
100.0	0.0852573366504	1.87076602467	1.04297852258	17	0
83.5	0.0857895977308	1.95590394075	1.06644253574	18	0
83.5	0.0857045016712	1.96617121703	1.08085543273	19	0
83.5	0.085717538062	1.97965418724	1.05517088439	20	0
56.5	0.085898843927	1.93809156914	1.07955613344	21	0
31.0	0.0861045400435	1.99294859073	1.13243547512	22	0
31.0	0.0862144553964	1.80173576546	1.15718119919	23	1
-45.5	0.0874377216139	1.85017839574	1.1130662029	24	1
-153.5	0.0876389521496	1.91709310076	1.12633897436	24	1
-200.0	0.0878407024008	2.14900581874	1.09174526049	24	1
-213.5	0.0881371021555	2.31814247698	0.993698503909	24	1
-227.0	0.0885017780337	2.43003417333	0.98725118833	24	1
-227.0	0.0884214236551	2.48171978866	1.02450753856	24	1
-227.0	0.0884481287534	2.63653200952	1.04090591085	24	1
-227.0	0.0884214236551	2.77097747281	1.01658562676	24	1
-227.0	0.0884838593711	2.85427125182	0.99181433155	24	1
-213.5	0.0884481287534	2.88972880559	0.948809338065	23	1
-200.0	0.0882497502948	2.89196133089	0.952856717221	22	1
-182.0	0.0881371021555	2.90297380539	0.948782900989	22	1
-182.0	0.0882672073206	2.9208821988	0.989531701385	22	1
-107.0	0.0881845879571	2.98844842847	0.995787254553	22	1
-39.5	0.0879834365982	2.95848478477	0.992305764819	22	1
-107.0	0.0881716122492	3.03581988015	1.03569383039	22	1
-182.0	0.0886191263616	3.10505468304	1.0539208572	22	1
-200.0	0.089703468998	3.34286424319	1.06735769831	21	1
-216.5	0.0898686606644	3.29837271267	1.03364031542	20	1
-234.5	0.0901274643842	3.23146622912	0.985708525652	20	1
-234.5	0.0901811792661	3.38813253583	0.971584681638	20	1
-216.5	0.0899628942917	3.39415547646	0.925580520494	20	1
-200.0	0.0893521208908	3.36871671234	0.920151466788	20	1
-216.5	0.0897496312733	3.32714828707	0.943539584363	20	1
-216.5	0.0897342181723	3.31614707436	1.00067577536	20	1
-234.5	0.0899208942648	3.31704076732	0.94073156689	19	1
-248.0	0.0901865678439	3.4246903825	0.91566431548	18	1
-234.5	0.0899313764363	3.30338048403	0.917431362513	17	1
-216.5	0.0898530478987	3.14194877934	0.95383343065	16	1
-234.5	0.0901919595419	2.98320690479	0.96645791427	15	1
-216.5	0.0900580956949	3.03131565096	0.978316735882	14	1
-216.5	0.0901167585252	2.95969800361	0.955362535404	13	1
-216.5	0.090377157541	2.96024848976	0.937532098197	12	1
-234.5	0.0907761299709	2.99581998644	0.93380102184	11	1
-224.0	0.0907417507399	2.66739109212	0.945101813851	10	0
-224.0	0.0907646562773	2.65900614983	0.924034073063	9	0
-210.5	0.0905942090364	2.33504149164	0.971297931068	8	0
-185.0	0.0902352058494	2.38023030365	0.961886080556	8	0
-192.5	0.090305911831	2.40161428076	0.918278696699	9	0
-192.5	0.090224375439	2.50996972969	0.875428205018	10	0
-192.5	0.0902352058494	2.39259065438	0.917971408093	11	0
-167.0	0.0897702221898	2.36438020194	0.889796717992	11	0
-167.0	0.0897290861874	2.64330532352	0.989860326175	11	0
-167.0	0.0897650701539	2.41283867585	1.09645242384	11	0
-165.5	0	2.29988845531	1.17143231249	11	0
-165.5	0	2.18444219451	1.16944719901	11	0
-165.5	0	2.21311038576	1.20285255152	12	0
-165.5	0	2.18960760849	1.18650522199	12	0
-167.0	0	2.0519613317	1.1596661114	12	0
-192.5	0	1.94349707678	1.18035662575	12	0
-192.5	0	1.82840741232	1.14052224957	12	0
-192.5	0	1.5791481807	1.13824837105	12	0
-192.5	0	1.57919000946	1.14622314592	12	0
-192.5	0	1.55585021573	1.19813092753	13	0
-212.0	0	1.51195428552	1.19211138657	14	0
-212.0	0	1.16870637144	1.20548379528	15	0
-186.5	0	1.26466820171	1.1992891554	16	0
-186.5	0.0892346918491	1.08816535733	1.18948798633	16	0
-165.5	0.0886373162757	1.29171002752	1.16567678871	16	0
-165.5	0.0886555429209	1.43515140163	1.13835408352	16	0
-165.5	0.0885738113955	1.12328784608	1.07608919899	16	0
-165.5	0.0885828561904	1.30305418321	1.06844852497	16	0
-186.5	0.0891910420198	1.37914160689	1.06469148887	16	0
-186.5	0.0891668819965	1.58924787292	1.08407483349	16	0
-212.0	0.0893373595712	1.87449030845	1.04491064561	16	0
-212.0	0.0894262863924	1.9903675299	1.08562141821	16	0
-212.0	0.0893718397365	1.89048047934	1.11279220042	16	0
-231.5	0.0895060629596	2.0671903312	1.14371176382	16	1
-246.5	0.0895764404134	2.16953313318	1.07977079875	17	1
-246.5	0.0895010565626	2.22131489868	1.00422063438	18	1
-249.5	0.0896575366446	2.18262995726	0.942606865918	19	1
-255.5	0.0900634134011	2.19107099052	0.97366742463	20	1
-264.5	0.0903404402201	2.12258172875	0.993610467452	21	1
-264.5	0.0903720542349	2.21144826192	0.936711552994	22	1
-282.5	0.0905350116559	2.52552522446	0.897732101856	23	1
-282.5	0.0905539782145	2.53020381814	0.860910884913	24	1
-297.5	0.0907092315225	2.75088363506	0.851285128708	25	1
-297.5	0.0909429829087	2.84945258451	0.829845944432	26	1
-282.5	0.0904269588114	2.86781883283	0.795439360152	27	1
-278.0	0.0899604508623	3.00748543167	0.774739846336	28	1
-273.5	0.08969455243	3.1825013175	0.784749112864	29	1
-297.5	0.0900922551613	3.1997935034	0.834418266063	30	1
-273.5	0.0897908150406	3.02268701722	0.748944617314	31	1
-249.5	0.089603500477	3.1321108297	0.726459084702	32	1
-273.5	0.0900982958781	3.25134991535	0.676803883052	33	1
-297.5	0.0904209414119	3.45657879629	0.637055654235	34	1
-317.0	0.0907541215082	3.48522112533	0.605773395552	35	1
-317.0	0.0913423921232	3.53469860004	0.62175692128	36	1
-317.0	0.091377959422	3.83682014175	0.645083753203	36	1
-297.5	0.0908228138986	3.91961989509	0.611812166471	36	1
-317.0	0.0910180876632	4.08815225972	0.62956691963	36	1
-350.0	0.0913262551602	4.36684098861	0.632601351724	36	1
-350.0	0.0909060359254	4.42429223963	0.641241100123	36	1
-350.0	0.0906509117074	4.50008655962	0.594276916762	36	1
-350.0	0.0906776449044	4.62831786252	0.580094162032	37	1
-350.0	0.0906541907596	4.81535179531	0.540782633362	38	1
-350.0	0.0904891852054	4.68412963757	0.500919535447	39	1
-317.0	0.0903559606231	4.63665135849	0.501937809915	39	1
-317.0	0.0904228704379	4.4297045972	0.532494051186	39	1
-317.0	0.0904896703814	4.35184311451	0.555152910925	40	1
-297.5	0.0902984864444	4.54960743909	0.588525650587	80	1
-297.5	0.090338508278	4.38363298584	0.646615713435	40	1
-276.5	0.0898436237577	4.30551533399	0.678549983072	40	1
-255.5	0.0896591840277	4.05705379296	0.641808520888	39	1
-252.5	0.0889741402027	3.80083919665	0.667179032529	38	1
-249.5	0.0881933333341	3.7076611724	0.61508847704	38	1
-249.5	0.087959043415	3.57296908375	0.563723671692	38	1
-248.0	0.0878382716571	3.42041675381	0.575437948264	37	1
-249.5	0.0879393394618	3.27431870049	0.628360320813	36	1
-240.5	0.0876953817904	3.17573848843	0.701190303699	35	1
-240.5	0.087606233967	3.08197309782	0.701476104791	34	1
-152.0	0.0873120353552	3.10527849096	0.660482046282	33	1
-152.0	0.0872565637046	3.13620958405	0.599284831021	32	1
-35.0	0.0870790701798	3.00601124312	0.62149444447	31	1
35.5	0.0868752052785	2.74873453313	0.615102064062	31	1
35.5	0.0867898017835	2.75197819332	0.594370161565	31	1
35.5	0.0866396125526	2.83998337704	0.577152697839	31	1
79.0	0.0862595136978	2.64326800688	0.634014664949	30	1
35.5	0.086545701698	2.68405509763	0.667708230252	29	1
-5.0	0.0868528451508	2.54981259195	0.706609278531	28	1
-38.0	0.0870523730996	2.38023773015	0.734992228503	27	1
-5.0	0.0868008939214	2.11664417858	0.720799275157	26	1
-38.0	0.0870030082087	1.9783410952	0.715446617465	25	1
-38.0	0.0869539209151	1.9003859433	0.762795541269	24	1
-5.0	0.0866468788304	1.72469735888	0.793232805579	23	1
-5.0	0.0864741502059	1.54073170857	0.828083590976	22	1
-5.0	0.0864279576527	1.51077610749	0.855424896795	21	1
-5.0	0.0863608874126	1.45306219229	0.851208365125	20	1
-5.0	0.086228294335	1.11042253805	0.880389327009	19	1
-5.0	0.086322294599	1.06339108488	0.899729449706	18	0
35.5	0.0860534984597	0.884116577824	0.918995286377	18	0
79.0	0.0858324670485	0.752620163452	0.924330561574	18	0
79.0	0.086097716897	0.729325518449	0.932920675264	18	0
61.0	0.0862456244201	0.660288407576	0.951946469491	18	0
61.0	0.0861696322869	0.502812228013	0.985835564317	19	0
73.0	0.0860365520052	0.544143093528	1.01061679021	20	0
61.0	0.0862075442811	0.362075161386	1.08241264194	21	0
73.0	0.0860568917814	0.34322289036	1.10440136702	22	0
61.0	0.0865564856945	0.569837580839	1.12613653166	23	0
61.0	0	0.521227749926	1.18145492071	24	0
23.5	0	0.45562805666	1.20684265316	25	0
23.5	0	0.508901763913	1.15844974197	26	0
-2.0	0.0871288677617	0.438783239629	1.13220536377	27	0
-5.0	0.0873427388336	0.674999236063	1.14680882707	27	0
-5.0	0.0874976103702	0.654228098859	1.14925493747	27	0
-5.0	0.087745431135	0.611776860418	1.15348708813	27	0
-5.0	0.0877908680344	0.727434901892	1.16382498428	27	0
-5.0	0.0875216802468	0.744412153235	1.11116457744	27	0
-2.0	0.0872878023642	0.82085490852	1.14090484489	27	0
-5.0	0.0875337398563	0.765052620965	1.17417327159	27	0
-5.0	0.0876593296507	0.962269886065	1.21399035383	26	0
-15.5	0.0879159821403	0.930699521178	1.26231251037	26	0
-5.0	0.0874456833034	1.01173162727	1.29174319018	26	0
-15.5	0.0875498450124	0.996816662919	1.3308335122	26	0
-15.5	0.0872721691378	1.13306725784	1.37216303029	26	0
-5.0	0.0869954383202	0.869636500114	1.42880867103	26	0
-12.5	0.0871211881212	0.989492915612	1.45086447782	26	0
-12.5	0.0874536521951	1.01261008981	1.40243032798	26	0
14.5	0.0872099132687	0.979500378706	1.35918031689	26	0
40.0	0.0869614548517	1.07947157259	1.35003584849	26	0
40.0	0.0869576870698	1.18917184874	1.29433313401	26	0
14.5	0.0871944181148	1.42146668168	1.33138807484	26	0
40.0	0.0868938826884	1.32817741062	1.40113973874	26	0
40.0	0.0869013648827	1.35502537741	1.37103191169	25	0
14.5	0.0870752513154	1.40230741463	1.36520706686	24	0
40.0	0.0869916558365	1.40657613411	1.32429380002	24	0
40.0	0.087082890713	1.63526057152	1.34742344004	24	0
40.0	0.0871944181148	1.51305420463	1.38079378073	24	0
40.0	0.0871866807991	1.60694445158	1.36900288153	23	0
40.0	0.0871480963945	1.52808826269	1.38076122941	22	0
14.5	0.0873663885649	1.69696684792	1.36091545731	21	0
14.5	0.0873427388336	1.81447607779	1.31881790708	20	0
-54.5	0.0874496668482	1.83593932647	1.23997886367	19	0
-54.5	0.0874218197942	1.88946863834	1.20534465742	18	0
-38.0	0.0873742859636	1.85729865234	1.18984980911	17	0
-38.0	0.0872682651774	1.96317584864	1.15661824938	16	0
-29.0	0.087190548603	2.12865770458	1.12624163699	16	0
-29.0	0.087090536791	1.92001217003	1.09554015099	16	0
-29.0	0.0869463934818	1.77307266576	1.06916778966	16	0
83.5	0.0863187947253	1.73493259227	1.03498654754	16	0
83.5	0.086217913041	1.75166569048	1.02338553606	16	0
139.0	0.0860264002207	1.71404851447	1.01701409082	16	0
145.0	0	1.83927770907	1.00779670829	16	0
145.0	0	1.63155106887	1.00251402377	16	0
139.0	0	1.31568203917	1.02918789653	16	0
83.5	0	1.21351211882	1.03217642029	16	0
-29.0	0	1.29879257827	1.03141610799	16	0
-98.0	0	1.38508112994	1.04163765937	16	0
-114.5	0	1.41240170559	1.03340322651	16	0
-98.0	0	1.26690327956	0.980850118676	16	0
-98.0	0	1.20880298307	0.955855763488	16	0
-98.0	0	1.33232550932	0.910374420575	16	0
-114.5	0	1.07038266186	0.970585795584	16	0
-114.5	0	1.18157834183	0.904622014671	16	0
-123.5	0	1.20764463369	0.935700498852	16	0
-150.5	0	1.35996701098	0.916501853742	16	0
-123.5	0	1.13004597994	0.926373517878	16	0
-123.5	0	1.13339446926	0.980294348759	16	0
-123.5	0	1.12021783507	0.99013043995	16	0
-123.5	0	1.08624013088	0.957644739281	15	0
-114.5	0	0.967208193948	0.972117195682	14	0
-98.0	0	0.892511880775	0.885230614333	13	0
-98.0	0	0.809098127688	0.825022746996	12	0
-98.0	0	0.641235348038	0.795638550867	11	0
-89.0	0	0.753379725744	0.746454872799	11	0
-89.0	0	0.778305798955	0.734478550668	12	0
-42.5	0	0.351825297357	0.668524031693	13	0
4.0	0	0.452336052879	0.678611722414	13	0
13.0	0	0.448100169194	0.676970264089	12	0
4.0	0	0.542932689255	0.712276163353	11	0
13.0	0	0.47719024112	0.736456858625	10	0
4.0	0	0.467473754689	0.79076142807	10	0
13.0	0	0.421774587543	0.822044649061	10	0
4.0	0	0.581007682378	0.821102177146	10	0
-42.5	0	0.789109903098	0.827851660832	10	0
-89.0	0	0.657230809862	0.862335851412	10	0
-105.5	0	0.65396811061	0.897065121942	10	0
-105.5	0	0.809812345379	0.916863458104	10	0
-42.5	0	0.798282568835	0.882987300268	10	0
-105.5	0	0.798780739677	0.8772878433	10	0
-105.5	0	0.728795668812	0.854313916332	10	0
-129.5	0	0.799587794717	0.869652666823	10	0
-129.5	0	0.744871742865	0.861800375019	11	0
-105.5	0	0.764674931555	0.83657781402	12	0
-42.5	0	1.08960102538	0.822843885715	12	0
4.0	0	1.15364834825	0.843851749526	12	0
4.0	0	1.04812870085	0.84911601917	12	0
4.0	0	0.906820883161	0.83128997803	12	0
4.0	0	0.795683532947	0.834074323297	12	0
4.0	0	1.00752670457	0.823047533195	12	0
13.0	0	0.921410644279	0.841193964012	13	0
34.0	0	0.817782549455	0.898379436258	14	0
34.0	0	1.15992161356	0.83713723194	15	0
58.0	0	0.910521366521	0.836532659382	15	0
76.0	0	0.982026569119	0.779011898865	15	0
76.0	0	1.0524729339	0.81904474245	15	0
58.0	0	1.07233211781	0.830461787805	15	0
58.0	0	1.11825829841	0.783029259222	15	0
58.0	0	1.04872392702	0.789712318152	15	0
25.0	0	1.09611663338	0.810184697596	15	0
25.0	0	1.14755540966	0.777735410589	15	0
4.0	0	1.09162047314	0.807428167653	15	0
4.0	0	1.13430535968	0.817785790445	15	0
-23.0	0	1.28613616906	0.842698276508	15	0
-23.0	0	1.28242740603	0.881956130057	15	0
-92.0	0	1.06483761351	0.877275314439	15	0
-135.5	0	1.19011567413	0.91145701212	15	0
-135.5	0	1.44000402186	0.845380367969	15	0
-135.5	0	1.30146083169	0.817675070264	15	0
-137.0	0	1.37685532275	0.768714927886	15	0
-137.0	0	1.3600337833	0.70464996453	16	0
-137.0	0	1.42867042296	0.677716946102	17	0
-137.0	0	1.30627526372	0.663795766941	18	0
-116.0	0	1.08146888778	0.692197540185	18	0
-107.0	0	0.759041519031	0.70565336455	18	0
-74.0	0	0.819552585166	0.709297312524	18	0
-45.5	0	0.893862181184	0.630097358334	18	0
-45.5	0	0.806588793726	0.645248809402	18	0
-45.5	0	0.742240370392	0.670958689268	18	0
-39.5	0	0.734713219977	0.669068359884	18	0
-35.0	0	0.766569621239	0.714558486056	18	0
-26.0	0	0.641778933196	0.721474217834	18	0
-26.0	0	0.445214221555	0.726062839968	18	0
-35.0	0	0.446406022509	0.723132843664	18	0
-35.0	0	0.476594902715	0.709596188472	17	0
-35.0	0	0.390925048167	0.733621755352	16	0
-26.0	0	0.328433290478	0.747639829314	15	0
29.5	0	0.364381667632	0.754765097792	15	0
94.0	0	0.260943281769	0.740372228178	15	0
158.5	0	0.231752899036	0.762812308078	15	0
94.0	0	0.182073756567	0.790978947167	15	0
29.5	0	0.182760616616	0.80800665181	15	0
29.5	0	0.0533798637977	0.874694626819	15	0
-26.0	0	0.177934916795	0.955315661268	15	0
-26.0	0	0.115029776216	0.993381938751	16	0
-26.0	0	0.155265965988	0.963081491881	17	0
29.5	0	0.157917770329	0.962430085692	18	0
29.5	0	0.163497415758	0.982716577345	18	0
29.5	0	0.0242686572884	1.02072739855	18	0
29.5	0	0.0553414732766	1.04542853212	18	0
29.5	0	0.00993063537534	1.08504186793	18	0
29.5	0	0.194229673611	1.04617931982	18	0
-20.0	0	0.417502730354	1.05780578091	18	0
-9.5	0	0.478734238426	1.08527939025	18	0
-20.0	0	0.402789070257	1.10511691661	17	0
-20.0	0	0.579637214087	1.10240537856	16	0
-9.5	0	0.644720494095	1.05588802042	15	0
-9.5	0	0.502326054159	1.07141456803	15	0
-9.5	0	0.63879134317	1.10563553633	15	0
34.0	0	0.36091618482	1.14808573345	15	0
34.0	0	0.371599752429	1.22709807646	15	0
73.0	0	0.193533204936	1.27060619863	15	0
34.0	0	0.178000022611	1.32508379831	15	0
34.0	0	0.328169374723	1.35731613468	15	0
73.0	0	0.697275597844	1.293714381	15	0
73.0	0	0.685389535319	1.25312663519	16	0
94.0	0	0.576184577167	1.31373000242	16	0
94.0	0	0.439090941051	1.26996615902	16	0
88.0	0	0.258662208364	1.22464667277	16	0
88.0	0	0.174764351673	1.21467037376	16	0
88.0	0	0.152554918771	1.18168912503	16	0
95.5	0	0.124649339225	1.19928655199	16	0
35.5	0	0.314319925374	1.21776505734	16	0
95.5	0	0.340743096514	1.25607565024	16	0
95.5	0	0.284888766161	1.26911530698	17	0
35.5	0	0.56120369787	1.25498934042	18	0
