orf_length_med	shannon_slope	at_skew	gc_skew	max_direction	status
-59.0	0	1.70964443715	3.43719851128	18	0
-29.0	0	1.80820325396	4.4636506101	18	0
-15.5	0	1.76451513526	5.1858884884	18	0
-29.0	0	1.73889620045	4.39838535411	18	0
-15.5	0	1.84909571858	5.46664293833	18	0
16.0	0	1.92922492023	5.75040200979	18	0
16.0	0	1.86254084564	4.41498364435	18	0
16.0	0	1.79836114859	2.41943414319	18	0
-45.5	0	1.79056724843	1.805879513	18	0
16.0	0	1.76814399165	1.43766902765	18	0
16.0	0	1.77958002766	3.04259940507	17	0
16.0	0	1.85123453604	4.70992678412	17	0
16.0	0	1.9790470326	5.94977786506	17	0
23.5	0	2.07646894004	5.59608877869	17	0
2.5	0	2.0933092974	5.34584213848	17	0
2.5	0	2.10653920959	5.26738222183	17	0
2.5	0	2.22100062162	6.80864841919	17	0
-45.5	0	2.19909470292	6.15709203948	16	0
-45.5	0	2.03892772654	4.96435874459	16	0
2.5	0	1.98129898735	3.57269325389	16	0
23.5	0	1.77198734014	2.48060534518	16	0
23.5	0	1.70128598213	2.20414407744	15	0
76.0	0	1.6461916905	2.16231718452	14	0
139.0	0	1.56310663425	1.65626117436	13	0
167.5	0	1.47239814365	0.699546404658	13	0
181.0	0	1.33989348148	0.606891828095	13	0
181.0	0	1.30409858947	0.988592896983	13	0
181.0	0	1.23965955808	0.180504362899	13	0
220.0	0	1.23116938393	0.548257493119	13	0
181.0	0	1.27615135573	0.832865358849	13	0
181.0	0	1.22725463161	0.41114750786	13	0
181.0	0	1.14315049434	1.0015474309	13	0
220.0	0	1.03669099552	0.906688353812	13	0
181.0	0	0.911806715628	2.6043426489	13	0
181.0	0	0.985781927073	2.5489310512	13	0
181.0	0	0.972405025498	2.28457554298	13	0
146.5	0	0.930729867656	2.65347670274	14	0
146.5	0	0.827317695148	3.42482717635	15	0
118.0	0	0.726840799159	4.51470839828	16	0
146.5	0	0.626460238079	5.36123918452	17	0
181.0	0	0.605783562014	5.79739014008	18	0
146.5	0	0.629970685692	5.33935843065	19	0
155.5	0	0.667458143735	4.20359028468	20	0
190.0	0	0.648832193707	2.83098290649	21	0
190.0	0	0.669084736986	2.45736723392	22	0
190.0	0	0.518804751099	2.82675057492	23	0
220.0	0	0.567845898776	2.40145567887	24	0
220.0	0	0.695749705239	1.50277860288	25	0
295.0	0	0.782848355267	0.962241847874	25	0
295.0	0	0.782876353152	0.697392520307	25	0
220.0	0	0.726203739739	2.60446500099	25	0
190.0	0	0.618453433802	4.64859993679	25	0
155.5	0	0.576303132592	4.91091499929	25	0
155.5	0	0.582772279768	4.43001756732	24	0
155.5	0	0.55088430648	2.33933002583	23	0
155.5	0	0.525114867212	2.44676197539	23	0
155.5	0	0.405497578738	2.04211673238	24	0
161.5	0	0.463428652494	1.35262103594	25	0
161.5	0	0.569473412003	0.521141129491	26	0
127.0	0	0.737630876663	0.729014481742	26	0
110.5	0	0.879472918445	2.23842529058	26	0
110.5	0	0.835264817013	2.75788438178	26	0
79.0	0	0.676505479704	4.71106543406	26	0
34.0	0	0.693500517161	5.31915170674	26	0
5.5	0	0.732985171682	5.49212033995	26	0
5.5	0	0.80263463207	4.07776712259	26	0
5.5	0	0.756975745621	3.92194832576	26	0
4.0	0	0.828451021196	4.46559016561	26	0
-6.5	0	0.81555036696	4.62090066605	26	0
-6.5	0	0.84669568307	4.75133131621	26	0
-15.5	0	0.87554717873	5.41151680007	26	0
-15.5	0	0.96660468422	4.58665424242	25	0
-15.5	0	1.00624980851	4.08437970286	24	0
-23.0	0	1.11454488662	2.84231860851	23	0
-15.5	0	1.14369435031	2.48011495631	22	0
-15.5	0	1.1086832954	3.29827927738	21	0
-15.5	0	1.10515734709	3.5572871327	20	0
-15.5	0	1.14481758936	3.20704912399	19	0
-6.5	0	1.24165595897	2.31771985688	18	0
-6.5	0	1.28694608418	2.57572511365	18	0
-66.5	0	1.22200264403	2.63317286092	18	0
-68.0	0	1.22505270685	4.13129956195	18	0
-116.0	0	1.22164418093	5.4178391379	18	0
-129.5	0	1.26777391751	6.21457815612	18	0
-129.5	0	1.22683162737	6.98821424398	18	0
-146.0	0	1.27211815681	7.82189823755	18	0
-149.0	0	1.22336701383	9.08639693568	18	0
-149.0	0	1.07908666783	9.24603505228	18	0
-149.0	0	0.987706173432	10.5267368784	18	0
-165.5	0	0.878205120725	11.2502757039	18	0
-165.5	0	0.859006192857	11.6356727325	19	0
-165.5	0	0.893548562735	11.4107764921	20	0
-149.0	0	0.884386417342	12.1138442847	21	0
-137.0	0	0.891811223761	12.135418948	22	0
-137.0	0	0.902592913619	13.7949616581	23	0
-137.0	0	0.965478547907	13.1412884117	24	0
-137.0	0	1.0651042571	13.0794524159	25	0
-149.0	0	1.05899154139	13.7079531913	26	0
-137.0	0	1.05638460972	14.091715009	27	0
-129.5	0	0.894376302442	13.0380153025	28	0
-129.5	0	0.873618930474	10.663963318	29	0
-129.5	0	0.873101037423	9.5542422907	30	0
-116.0	0	1.00427643682	8.20836599535	31	0
-81.5	0	1.01381659876	7.90457199287	32	0
-116.0	0	1.00565268951	8.04990504141	33	0
-116.0	0	0.954950104028	9.08569813956	34	0
-129.5	0	0.967286785814	8.86843976199	35	0
-129.5	0	0.914653585299	9.59960111476	36	0
-129.5	0	0.908454129887	9.90135708936	37	0
-137.0	0	0.863300836846	10.9459439532	38	0
-137.0	0	0.859564174826	11.4477604001	38	0
-158.0	0	0.849199153998	12.0665895592	38	0
-191.0	0	0.790103626025	12.6747304638	38	0
-210.5	0	0.788202331801	14.2529447517	38	0
-210.5	0	0.754176845108	14.9451732204	38	0
-228.5	0	0.708371861293	14.9273376423	38	0
-251.0	0	0.664195280705	15.5015920332	38	0
-251.0	0	0.602511082291	16.5886554714	39	0
-272.0	0	0.517224396187	18.0924647905	40	0
-272.0	0	0.472213843023	18.9791831393	40	0
-291.5	0	0.516307200497	20.3678002154	80	0
-272.0	0	0.422602492754	20.304829964	80	0
-272.0	0	0.335397268625	20.767965855	80	0
-272.0	0	0.307269127341	21.7294153998	80	0
-294.5	0	0.25912124749	22.1067213546	80	0
-294.5	0	0.290384391393	21.3348489639	80	0
-294.5	0	0.276709554442	19.9000804295	80	0
-294.5	0	0.269894744454	20.3357058978	80	0
-294.5	0	0.240343072146	20.6293133573	80	0
-294.5	0	0.26075423704	20.5693635217	80	0
-294.5	0	0.242002738803	21.0320445385	80	0
-282.5	0	0.20487602779	20.9494402223	80	0
-294.5	0	0.229516929389	20.8746030843	80	0
-294.5	0	0.193166709864	21.1925380336	80	0
-294.5	0	0.222784425141	21.0056778281	40	0
-282.5	0	0.221824488667	20.628567387	40	0
-270.5	0	0.0756304718896	21.3843269271	40	0
-270.5	0	0.0621556649952	20.9142263283	40	0
-270.5	0	0.00811866029334	21.0997990716	40	0
-270.5	0	0.00875588082493	20.3267951183	40	0
-251.0	0	0.0229666970186	19.8619492628	40	0
-234.5	0	0.0912959198043	20.1178845428	40	0
-234.5	0	0.193595208704	19.4241997188	40	0
-234.5	0	0.248870760548	18.8408335061	40	0
-201.5	0	0.262123805829	17.5587276856	40	0
-201.5	0	0.259037835846	17.0761613148	40	0
-167.0	0	0.16129111085	17.9295026469	40	0
-150.5	0	0.167667665261	17.5943236718	40	0
-150.5	0	0.276823999725	16.9149850866	40	0
-140.0	0	0.325609584543	15.430910135	40	0
-140.0	0	0.115779685619	16.2714590588	39	0
-128.0	0	0.0743134000398	16.3355453681	38	0
-87.5	0	0.114431007813	16.2894276782	37	0
-74.0	0	0.166469217795	14.2946163229	36	0
-54.5	0	0.274103144971	12.702696681	35	0
-8.0	0	0.231866072723	12.1758258944	34	0
53.5	0	0.281417134138	11.0142801987	33	0
83.5	0	0.400962383768	9.52936625971	32	0
83.5	0	0.344284767108	9.47779382677	31	0
83.5	0	0.284813459138	9.4438438039	30	0
98.5	0	0.295230899334	8.78786219026	29	0
110.5	0	0.310752123063	8.37408568774	28	0
98.5	0	0.38620896169	8.96928195765	27	0
98.5	0	0.39185085803	8.97972544072	26	0
98.5	0	0.33734997498	9.03621330129	25	0
110.5	0	0.411206311823	7.61575991483	24	0
110.5	0	0.483560169186	6.08187697152	23	0
110.5	0	0.553981480314	5.95456358005	22	0
98.5	0	0.516425900383	5.9563418874	21	0
110.5	0	0.610444318335	4.79246730272	20	0
127.0	0	0.778811299073	2.5331468408	20	0
127.0	0	0.747354157183	2.50438440374	20	0
127.0	0	0.736566322848	2.89784722746	20	0
110.5	0	0.754093714739	3.7559409564	20	0
127.0	0	0.782135807452	3.11466801288	19	0
127.0	0	0.807580492789	2.99939459846	18	0
127.0	0	0.871333279097	2.44384876967	17	0
127.0	0	0.931715293513	1.6955315541	16	0
110.5	0	0.906352961168	2.66720255128	15	0
127.0	0	0.916374556803	2.91151072658	14	0
148.0	0	0.925480668218	2.93330393859	13	0
148.0	0	0.864388786683	3.72773649909	12	0
169.0	0	0.810345545928	3.80961138453	11	0
148.0	0	0.814575909728	4.16882496153	10	0
148.0	0	0.834992546115	4.41643204084	9	0
127.0	0	0.825405610586	5.37094374357	8	0
115.0	0	0.960525733418	7.14170944239	7	0
148.0	0	0.95947636123	6.60282336087	8	0
169.0	0	0.964167391297	5.71682376922	8	0
148.0	0	0.963409178322	5.72282080198	8	0
169.0	0	1.07863192363	4.16544196878	8	0
169.0	0	1.11047439989	3.44794286814	8	0
196.0	0	1.121125454	2.96867285264	9	0
196.0	0	1.02565072594	3.63575168123	10	0
169.0	0	0.970767206493	5.19989132588	11	0
169.0	0	1.10738207584	4.14420213047	11	0
148.0	0	1.107505381	4.21257700171	11	0
97.0	0	1.00881452419	5.49224470912	11	0
97.0	0	1.05278986845	5.78100644211	11	0
97.0	0	1.16651679124	5.02649840875	11	0
55.0	0	1.15415060152	4.94989211628	11	0
32.5	0	1.06886304187	4.04674465472	11	0
55.0	0	0.993131543971	2.73757112439	11	0
55.0	0	0.857349148599	2.46573158586	11	0
55.0	0	0.861240636016	2.29850887451	11	0
32.5	0	0.792450086379	3.04267060615	12	0
55.0	0	0.750024244289	4.09266068405	13	0
55.0	0	0.750379001493	2.95801177813	14	0
112.0	0	0.828350258464	2.09911266951	15	0
38.5	0	0.745823631549	4.36800854688	16	0
-6.5	0	0.674571271872	6.61951879506	17	0
-6.5	0	0.751829079685	5.99113569583	18	0
38.5	0	0.64838277409	5.30685734303	19	0
38.5	0	0.693779184764	4.07615579767	20	0
23.5	0	0.649186015867	5.41984300748	21	0
5.5	0	0.516786413102	6.35091416123	22	0
-17.0	0	0.483839089536	6.82274760486	23	0
-42.5	0	0.446541805501	7.97642651214	24	0
-42.5	0	0.543665939923	8.08716294471	25	0
-42.5	0	0.41479714011	8.68039115688	26	0
-42.5	0	0.256626635506	9.9147707368	27	0
-42.5	0	0.137395082534	9.98098452014	28	0
-69.5	0	0.0651187230338	9.78836669831	29	0
-69.5	0	0.0950064330182	9.62145724893	30	0
-69.5	0	0.120539198179	10.5510280349	30	0
-69.5	0	0.0183004490684	10.0091497872	30	0
-42.5	0	0.00867696391161	6.48136693381	30	0
-42.5	0	0.0414862354937	6.57307082665	30	0
-69.5	0	0.112824294557	7.68912635642	29	0
-87.5	0	0.0456628009889	7.47891477703	29	0
-87.5	0	0.0953980629584	6.46327328682	30	0
-96.5	0	0.10558214368	5.61189133	31	0
-96.5	0	0.133135007347	5.07709899128	32	0
-96.5	0	0.117835715164	5.40250485412	32	0
-87.5	0	0.0901727411793	4.87979487995	32	0
-96.5	0	0.0206261012002	7.25339393079	32	0
-96.5	0	0.00150032567885	8.04906579547	32	0
-87.5	0	0.0280342070973	7.12728538697	32	0
-69.5	0	0.0958171297192	5.61795630366	32	0
-30.5	0	0.0477875546767	4.90144676781	32	0
13.0	0	0.0377799066792	4.75515820977	32	0
26.5	0	0.139668930314	4.28928590533	31	0
26.5	0	0.188830244274	4.39610851255	30	0
37.0	0	0.338893335009	3.63078485112	29	0
46.0	0	0.494195666243	2.95458330275	28	0
61.0	0	0.562602015787	2.50349508123	27	0
46.0	0	0.488801494799	3.74330531538	26	0
61.0	0	0.485684087288	3.59466429095	25	0
61.0	0	0.430618273745	3.31631981473	24	0
61.0	0	0.473503032945	1.52753926516	23	0
61.0	0	0.485825465103	0.203361163504	22	0
61.0	0	0.507149598994	0.572272564699	21	0
49.0	0	0.651070071681	2.2418517317	20	0
49.0	0	0.476943068464	0.627570227334	19	0
61.0	0	0.480668239457	2.5276787831	18	0
88.0	0	0.578951023754	3.34066645954	17	0
88.0	0	0.500594457573	3.47293550886	16	0
88.0	0	0.446243247628	3.64581806364	15	0
104.5	0	0.477765847011	5.78564730808	14	0
88.0	0	0.58922581715	5.52985567084	13	0
88.0	0	0.749339688075	5.85252872575	13	0
88.0	0	0.785339878902	5.99485760797	13	0
88.0	0	0.879063597225	4.40050897493	13	0
88.0	0	0.968651672412	3.51587843875	13	0
61.0	0	0.946315222047	3.5138475751	12	0
61.0	0	0.837244667523	2.40532174471	12	0
49.0	0	0.782149240212	1.02353682997	12	0
46.0	0	0.831243334227	0.759162456759	11	0
46.0	0	0.887401203831	1.13854161046	10	0
46.0	0	0.786365203051	0.465561749588	10	0
35.5	0	0.637406906741	1.94449846404	10	0
49.0	0	0.616876475947	3.13667511909	10	0
35.5	0	0.607428359063	3.93294020277	10	0
20.5	0	0.651689372645	4.1822147354	10	0
5.5	0	0.490515236811	4.34312613097	10	0
5.5	0	0.602094134243	2.84030344026	10	0
20.5	0	0.59848480766	2.66066561248	10	0
20.5	0	0.584219920204	3.22208168643	10	0
20.5	0	0.540144881708	3.56191807977	10	0
20.5	0	0.523397352528	4.8615409879	10	0
14.5	0	0.546777908865	3.66105177916	10	0
1.0	0	0.537386165444	3.04875425365	10	0
1.0	0	0.563634103174	3.61090954905	10	0
1.0	0	0.446141895695	4.0782374203	10	0
-26.0	0	0.350344976651	3.68369626499	10	0
-53.0	0	0.29641230484	4.07283280915	10	0
-66.5	0	0.466361294995	2.44332798933	11	0
-66.5	0	0.46846129785	2.33904929019	11	0
-129.5	0	0.614804472931	2.34581722541	11	0
-194.0	0	0.698477052736	2.26213338446	11	0
-194.0	0	0.636515475107	2.86798185725	11	0
-200.0	0	0.476465457023	4.18357651246	11	0
-200.0	0	0.321521207807	6.64319853717	11	0
-194.0	0	0.41985707711	5.70217937742	11	0
-200.0	0	0.502504003685	6.37330856657	11	0
-200.0	0	0.476703737411	6.75266761837	11	0
-194.0	0	0.546309379496	6.64040546303	11	0
-194.0	0	0.566316413109	6.64284282392	11	0
-194.0	0	0.512771739303	7.57377143721	11	0
-194.0	0	0.495291478161	7.33599848902	11	0
-194.0	0	0.444153070394	6.90255744084	11	0
-194.0	0	0.526708646617	6.45055546025	10	0
-191.0	0	0.429631962099	5.50017397009	9	0
-116.0	0	0.447658357189	4.86340375929	9	0
-116.0	0	0.507550178288	4.21006333526	9	0
-26.0	0	0.599218484961	2.36379381432	9	0
-95.0	0	0.508575719759	3.00947291302	9	0
-95.0	0	0.456969572257	3.92415285908	9	0
-95.0	0	0.354718605872	4.29412105703	9	0
-17.0	0	0.410484348274	4.84959397663	9	0
46.0	0	0.519776988097	3.70363453645	10	0
-17.0	0	0.520278367959	3.5930558366	11	0
46.0	0	0.536434403547	2.68713631315	12	0
95.5	0	0.561036646612	1.53209834401	12	0
95.5	0	0.710592862646	1.57075334417	12	0
127.0	0	0.698726407223	0.981942619995	12	0
127.0	0	0.678882072435	0.473670105669	12	0
95.5	0	0.670863188078	0.422835623734	12	0
46.0	0	0.70566255278	0.838252852288	12	0
-17.0	0	0.775472761712	0.0621452037535	12	0
19.0	0	0.888367448029	0.423552513788	12	0
53.5	0	0.876798864363	1.18293607129	12	0
53.5	0	0.870046445475	0.270197960537	12	0
53.5	0	0.966827023973	0.203215052984	12	0
85.0	0	0.870020115585	1.41691566771	12	0
85.0	0	0.95509504691	1.73092957047	12	0
85.0	0	0.838698664368	4.24397741727	12	0
53.5	0	0.712071260832	5.03871764923	12	0
85.0	0	0.654600149398	5.38268747942	13	0
85.0	0	0.497576478254	7.19770412266	14	0
85.0	0	0.494991770332	7.84141831665	14	0
85.0	0	0.614631196036	8.52959340819	14	0
85.0	0	0.71214476401	7.98513308542	14	0
53.5	0	0.861937592888	7.39392257542	14	0
53.5	0	0.78466086239	9.00358100245	14	0
53.5	0	0.761215659352	10.6301131716	14	0
13.0	0	0.943702821484	10.4727654214	14	0
-47.0	0	0.954459980741	11.6346532596	15	0
-47.0	0	1.05943072685	10.9797222564	16	0
-47.0	0	1.12332217537	9.60813508419	17	0
-117.5	0	1.12056623592	7.60967258561	18	0
-117.5	0	1.13020315926	7.67504521787	19	0
-47.0	0	1.1105374022	7.83149559774	19	0
-47.0	0	1.11934042444	7.10330619967	19	0
13.0	0	1.04489238319	6.86339903484	19	0
13.0	0	0.957796184876	7.60147170956	19	0
38.5	0	1.07113195111	6.56857868469	19	0
38.5	0	0.978848560955	6.76193794662	19	0
38.5	0	0.908738702223	7.59066671003	19	0
38.5	0	0.784431160809	8.52495632391	19	0
13.0	0	0.581310121683	9.14462063562	19	0
38.5	0	0.601248317795	9.13560752208	19	0
38.5	0	0.47750629587	9.92896643582	19	0
38.5	0	0.416817204594	10.5577289971	19	0
55.0	0	0.483806605156	9.43435539598	19	0
38.5	0	0.490016172794	9.5430047152	19	0
38.5	0	0.530332500545	8.95568988756	19	0
38.5	0	0.405749477966	9.44012622323	19	0
55.0	0	0.371453871632	9.47351360686	19	0
73.0	0	0.340078673449	9.4547514841	19	0
77.5	0	0.342249725109	9.42357703232	19	0
77.5	0	0.325067654407	10.3827739926	19	0
55.0	0	0.351204943224	9.92914025707	19	0
55.0	0	0.323097248392	10.489204183	18	0
26.5	0	0.42698200937	9.91548777826	18	0
55.0	0	0.378689055763	9.08469127877	18	0
76.0	0	0.290181783316	7.69605162412	18	0
76.0	0	0.435942524627	6.79229022125	18	0
55.0	0	0.508522829781	6.96056171235	18	0
76.0	0	0.556287799184	5.28616876637	18	0
76.0	0	0.686798257216	4.62742106985	17	0
76.0	0	0.681557193198	3.62020301916	16	0
119.5	0	0.590203850624	4.14313749525	15	0
169.0	0	0.492190957427	3.11944176196	14	0
169.0	0	0.446416149223	2.71408147852	13	0
199.0	0	0.426701689689	1.9579434359	12	0
199.0	0	0.356729043325	2.36224322324	11	0
233.5	0	0.358086555619	1.28945461624	11	0
233.5	0	0.286726031911	1.40081680853	11	0
233.5	0	0.193765365706	3.36872985549	12	0
268.0	0	0.180582336275	6.12775373473	13	0
233.5	0	0.108519587587	7.30782384001	14	0
233.5	0	0.103683136201	6.60692677046	15	0
199.0	0	0.127445361257	8.35884319901	16	0
233.5	0	0.151974520656	9.19045637465	17	0
233.5	0	0.0570051200354	9.83497158982	18	0
271.0	0	0.0149762747482	10.5045485549	19	0
295.0	0	0.112851775052	9.25044682096	20	0
295.0	0	0.209326405859	8.42316289308	21	0
286.0	0	0.249994277176	7.97607352255	22	0
322.0	0	0.431587241018	7.44344275326	23	0
322.0	0	0.415223483139	7.38537390602	24	0
322.0	0	0.397574934162	7.28606702045	25	0
286.0	0	0.267993840322	6.27858071132	26	0
250.0	0	0.206700115341	6.94323028952	27	0
286.0	0	0.172050558807	7.20501140425	28	0
250.0	0	0.00325938298588	8.59375862849	29	0
286.0	0	0.125834086491	7.70537170902	30	0
286.0	0	0.134252961987	7.24854096795	31	0
350.5	0	0.125313337505	6.97863080974	31	0
350.5	0	0.0950162740288	7.43022572985	32	0
350.5	0	0.0813939891037	6.45115418039	32	0
350.5	0	0.0807317946976	6.5992295997	32	0
398.5	0	0.0516378842205	6.8354377096	32	0
398.5	0	0.0623561816265	6.13125139982	32	0
350.5	0	0.128029846819	7.44956944903	32	0
274.0	0	0.016975702549	6.44222259783	32	0
299.5	0	0.0776300813785	6.25419170193	32	0
299.5	0	0.146816918975	6.39147657708	31	0
299.5	0	0.239156737713	6.74185386927	30	0
350.5	0	0.337166140543	6.07571763849	31	0
350.5	0	0.349673411347	6.03265610943	32	0
350.5	0	0.21260333023	5.12179345855	33	0
299.5	0	0.210607986334	6.64155265061	34	0
299.5	0	0.12133524579	6.50657580154	34	0
263.5	0	0.151863108527	6.30238658165	34	0
263.5	0	0.15030079398	5.49030859344	34	0
220.0	0	0.136876211252	5.5350797855	34	0
199.0	0	0.152661257372	5.87601764663	34	0
199.0	0	0.142491090868	5.10192262976	34	0
199.0	0	0.0749812553697	3.85449823107	33	0
199.0	0	0.0146538127913	2.52546242232	32	0
187.0	0	0.0620644191279	3.02698595225	31	0
199.0	0	0.0637805519972	1.82137506826	30	0
199.0	0	0.136842447057	1.44894061037	29	0
199.0	0	0.278646668329	0.668658921745	28	0
199.0	0	0.336091869889	0.0387214576793	27	0
187.0	0	0.465885774053	0.373145807356	26	0
187.0	0	0.464352765263	0.181328336272	25	0
187.0	0	0.437940094351	0.395223192215	24	0
187.0	0	0.460137033625	1.28410452378	23	0
157.0	0	0.454414572789	1.48203816723	22	0
157.0	0	0.542749718457	1.68222194914	21	0
187.0	0	0.685680605721	1.0950841009	20	0
187.0	0	0.616621021203	1.03856474693	21	0
187.0	0	0.634388653306	1.30067133229	21	0
221.5	0	0.72949765849	1.76440026814	21	0
187.0	0	0.693098010964	1.45746777414	21	0
157.0	0	0.674992404964	1.39393260139	21	0
157.0	0	0.695102739696	0.161205983658	21	0
187.0	0	0.68807340897	0.115790341637	21	0
187.0	0	0.669485140577	1.09544711019	21	0
187.0	0	0.630297549454	1.73785106753	21	0
157.0	0	0.755581971942	2.02292887254	21	0
136.0	0	0.828001804033	2.38735292617	21	0
134.5	0	0.825904893151	2.59462704931	21	0
134.5	0	0.792612426687	3.81248247302	21	0
124.0	0	0.68465968291	4.89295851663	20	0
110.5	0	0.82131392477	4.50826456793	19	0
98.5	0	0.98864289802	3.6337202122	18	0
98.5	0	1.01260397717	3.77294080975	17	0
71.5	0	1.09191529684	3.58425712194	16	0
58.0	0	1.07995292916	4.04634612102	17	0
98.5	0	1.10669474941	3.97505415453	18	0
119.5	0	1.2139022617	3.02360898871	19	0
119.5	0	1.25346447618	3.33135137305	20	0
119.5	0	1.21959796322	4.36297892569	21	0
121.0	0	1.2682549008	3.89147276885	22	0
121.0	0	1.28610358694	4.11737668345	23	0
121.0	0	1.31994476013	5.03698843817	24	0
121.0	0	1.28320562919	5.91278820997	24	0
170.5	0	1.33397566891	6.22235259013	24	0
155.5	0	1.32595823727	6.46616345918	24	0
155.5	0	1.31928230511	7.1091602588	24	0
65.5	0	1.26143215494	8.10625473667	24	0
-2.0	0	1.23526456043	9.32545629697	24	0
-2.0	0	1.24621889438	9.77567645804	24	0
-2.0	0	1.12961996331	10.3345095403	24	0
-30.5	0	1.2438562775	9.10373737721	25	0
-86.0	0	1.12660159949	8.93678430649	25	0
-86.0	0	1.16211636749	9.44072427235	25	0
-86.0	0	1.14467993267	10.274862965	25	0
-153.5	0	1.15403189053	11.2896885626	25	0
-153.5	0	1.19509763145	12.6784119765	25	0
-174.5	0	1.29520095448	14.1726236181	25	0
-174.5	0	1.30743969275	15.1411100683	25	0
-185.0	0	1.35262960498	15.5930652699	25	0
-189.5	0	1.3877753831	15.7899813121	25	0
-212.0	0	1.48568809392	16.5226312722	25	0
-239.0	0	1.47519887971	16.9664309022	26	0
-239.0	0	1.47677076689	16.6805777579	27	0
-249.5	0	1.44930346748	15.8775610759	27	0
-264.5	0	1.44276008492	15.4747607201	27	0
-264.5	0	1.52069289664	16.2540774844	27	0
-264.5	0	1.40851537453	16.5152315065	26	0
-249.5	0	1.40798807969	16.8736481702	25	0
-249.5	0	1.36162438486	16.5336038706	24	0
-249.5	0	1.38919230257	16.4485855112	23	0
-239.0	0	1.30065406133	16.8882260951	22	0
-239.0	0	1.17418228373	18.2862480159	21	0
-239.0	0	1.14411896896	18.2449916002	20	0
-225.5	0	1.1115241474	17.5539703798	20	0
-239.0	0	1.14498432136	17.0767457668	20	0
-248.0	0	1.06482480651	16.4917238371	20	0
-248.0	0	0.951955075239	16.3022926106	20	0
-248.0	0	0.978612659103	14.7989059509	20	0
-231.5	0	0.919810172987	13.7320934856	20	0
-231.5	0	0.899875654449	13.4225654003	20	0
-231.5	0	0.920980327462	12.7392556245	20	0
-248.0	0	0.794419462302	11.5526204357	20	0
-252.5	0	0.707539055036	11.3320207141	19	0
-252.5	0	0.566635134457	11.6732812078	18	0
-252.5	0	0.459866103674	11.6470008776	17	0
-252.5	0	0.43663053508	10.8778756348	17	0
-248.0	0	0.481339463173	9.13909737949	17	0
-231.5	0	0.458178030342	8.15655076796	17	0
-231.5	0	0.45429577015	7.4193962243	17	0
-203.0	0	0.510464786543	6.32200336495	17	0
-203.0	0	0.359989831585	7.42855393987	17	0
-183.5	0	0.470121361244	6.8401123907	17	0
-183.5	0	0.371530898412	6.76429946535	16	0
-173.0	0	0.467983296586	5.46397106605	15	0
-162.5	0	0.477926764212	4.71320886458	14	0
-173.0	0	0.525571908793	2.35485294592	13	0
-162.5	0	0.556837254016	1.30555196811	12	0
-162.5	0	0.528729129489	0.808360939102	11	0
-102.5	0	0.55951032475	0.457593528916	11	0
-42.5	0	0.541359639721	0.836287756477	11	0
-27.5	0	0.34229705568	2.08961997348	11	0
-27.5	0	0.357042027217	2.95637088215	11	0
-42.5	0	0.423739092946	3.85044967441	11	0
-27.5	0	0.559931699435	3.95146429436	11	0
-27.5	0	0.647089555165	4.56216693037	10	0
-3.5	0	0.574927633466	4.72290526292	10	0
-3.5	0	0.581976453328	4.07770120836	10	0
-3.5	0	0.595518275061	4.2777062631	10	0
28.0	0	0.598140564909	4.49700867908	10	0
76.0	0	0.583223184159	4.96678858977	10	0
28.0	0	0.736734760905	4.4191196106	10	0
28.0	0	0.827809675686	5.34213556569	10	0
76.0	0	0.857729998526	5.89228463304	10	0
124.0	0	0.843268996456	5.58024041209	10	0
124.0	0	0.692647661086	5.26973372246	10	0
124.0	0	0.674790083939	5.47677644312	10	0
124.0	0	0.700487984227	5.16014274058	11	0
124.0	0	0.622299751261	4.64713838977	12	0
124.0	0	0.700246886168	4.19509178111	13	0
124.0	0	0.577922648393	4.35441499887	14	0
124.0	0	0.433716941549	4.19966635658	15	0
124.0	0	0.571103180937	4.60818339502	16	0
124.0	0	0.636813677844	5.12040598172	17	0
124.0	0	0.764700429682	5.69221317496	17	0
103.0	0	0.907670512959	5.98440436922	17	0
103.0	0	0.879578967682	5.23409117752	17	0
103.0	0	0.799806845787	4.3927225906	17	0
103.0	0	0.838064844322	4.81422477302	17	0
73.0	0	0.822848073556	4.33415120706	18	0
73.0	0	0.775318565679	3.14530363181	19	0
103.0	0	0.822738725705	3.34180210161	19	0
73.0	0	0.841479179067	1.7946371137	19	0
55.0	0	0.867180667251	1.63229247916	19	0
55.0	0	0.817524051715	1.18189756221	19	0
55.0	0	0.827853036072	1.16216098948	19	0
103.0	0	0.859902734083	0.820574589905	19	0
103.0	0	0.728134428415	2.62585521076	19	0
89.5	0	0.711023083583	3.1070529756	19	0
44.5	0	0.723183280715	2.92642074134	19	0
41.5	0	0.758130067411	3.12858914016	19	0
1.0	0	0.916553587476	2.7690077499	19	0
1.0	0	0.958539374909	3.85847889485	19	0
41.5	0	0.990150242157	4.66774181874	20	0
41.5	0	0.949364914369	5.15118239523	21	0
41.5	0	0.950853635507	4.96069123735	22	0
76.0	0	0.943860679799	7.35197377064	23	0
76.0	0	0.934624489802	9.08978978786	24	0
76.0	0	0.96228886502	10.8620182335	25	0
76.0	0	0.922480958813	11.6725700825	26	0
41.5	0	0.94810390304	11.6679043034	27	0
41.5	0	0.960973934052	12.3088411636	28	0
41.5	0	0.969420783606	12.606805052	28	0
5.5	0	0.981084581465	12.1307417496	28	0
5.5	0	0.992623194121	12.090971041	28	0
41.5	0	1.1046631219	12.8360839971	28	0
41.5	0	1.16818940926	11.9448328047	27	0
41.5	0	1.09957726626	11.6592151	27	0
41.5	0	1.11572433588	11.486903504	27	0
5.5	0	1.15472140063	12.4968561199	27	0
5.5	0	1.23542421055	12.1130922302	27	0
41.5	0	1.26289042681	11.8112755457	27	0
76.0	0	1.13303368165	10.9060795056	27	0
76.0	0	1.12521789568	10.9309075288	28	0
76.0	0	1.05245746925	10.2592137243	29	0
86.5	0	0.942466637306	9.65590542115	29	0
76.0	0	0.970349318319	9.56102390905	29	0
76.0	0	0.989122529732	9.66097388694	29	0
76.0	0	1.00585775843	10.1270369648	29	0
86.5	0	1.00098266475	10.3872222549	29	0
116.5	0	0.968219824652	9.99682103024	29	0
86.5	0	1.02985296417	11.0855091026	29	0
116.5	0	1.0512017916	12.0489694325	29	0
116.5	0	1.1172528536	13.0975060591	29	0
119.5	0	1.16134522226	13.57526254	29	0
86.5	0	1.35309675617	16.0340467524	29	0
80.5	0	1.24713471297	13.5695186292	28	0
76.0	0	1.33584820501	12.2185220157	27	0
41.5	0	1.38157018185	11.5292539643	26	0
77.5	0	1.35685178152	11.461909673	25	0
46.0	0	1.40721354454	11.3564060531	24	0
86.5	0	1.39105278417	11.6368498609	23	0
86.5	0	1.33900430386	10.9934269079	22	0
71.5	0	1.2686846327	9.64011365711	21	0
71.5	0	1.25631268915	9.47787184322	20	0
86.5	0	1.1975829964	9.87048136833	19	0
86.5	0	1.13305927442	9.5736308495	18	0
92.5	0	1.25061798122	9.2955931651	19	0
119.5	0	1.33986955407	9.45762367863	20	0
118.0	0	1.47196337831	8.34203040473	21	0
148.0	0	1.46437475497	8.36277955935	22	0
172.0	0	1.43755140798	9.37256772165	23	0
172.0	0	1.44982132697	9.6049823059	24	0
172.0	0	1.32445419198	10.5355522634	25	0
148.0	0	1.38766126224	10.8764743376	26	0
118.0	0	1.40324664651	10.3738777914	27	0
148.0	0	1.44781433223	11.1093862214	26	0
118.0	0	1.47950076696	10.6002146975	25	0
86.5	0	1.55905265295	9.43823845511	24	0
118.0	0	1.55353195173	7.39120460142	23	0
86.5	0	1.51326891494	6.01250025923	23	0
71.5	0	1.68416161738	5.01271915782	24	0
23.5	0	1.7628058207	4.39837196641	25	0
23.5	0	1.75559758594	3.2960923075	26	0
23.5	0	1.86811886512	5.01573447828	27	0
23.5	0	2.01514107936	6.19393071717	28	0
23.5	0	2.008405885	5.26714830126	29	0
46.0	0	2.08184833844	5.51971450914	30	0
8.5	0	2.03940079839	4.13605743852	31	0
-26.0	0	2.07079787116	4.42192146741	32	0
-45.5	0	2.17493917541	4.80515980519	33	0
-65.0	0	2.08982411424	2.76598312402	34	0
-110.0	0	2.05808503214	1.79225845858	35	0
-110.0	0	1.98482034925	1.76402837375	35	0
-144.5	0	1.94821253696	2.31133979886	35	0
-144.5	0	1.75348441814	1.32935174767	35	0
-149.0	0	1.81434282599	3.98077980013	35	0
-182.0	0	1.82413039295	4.98947915494	35	0
-147.5	0	1.78853850604	5.46383335883	34	0
-147.5	0	1.81385236763	5.83296953147	33	0
-110.0	0	1.76871789519	6.61861394331	32	0
-123.5	0	1.74650218282	6.48324443892	31	0
-123.5	0	1.74390156479	6.21426378254	30	0
-123.5	0	1.70161626767	5.47846620744	29	0
-123.5	0	1.68456351868	5.01937855025	28	0
-123.5	0	1.64606111209	3.23790066142	27	0
-123.5	0	1.75136473809	2.03352025669	26	0
-147.5	0	1.76647885624	0.8984387695	26	0
-147.5	0	1.68669947741	0.425466252343	26	0
-147.5	0	1.63139651496	0.915737962143	26	0
-182.0	0	1.5914185331	0.661898647388	26	0
-215.0	0	1.54488604618	1.41174853119	27	0
-215.0	0	1.46399735906	3.03865062091	28	0
-182.0	0	1.51364700629	4.64813941282	29	0
-182.0	0	1.49243095784	4.34164456311	29	0
-182.0	0	1.44957251912	4.97597681473	29	0
-233.0	0	1.46592293479	4.54246113807	28	0
-203.0	0	1.46981964461	3.06544248858	27	0
-201.5	0	1.5225270453	0.414376253595	26	0
-225.5	0	1.54006300188	1.4291899064	25	0
-225.5	0	1.64372704918	3.66637855473	24	0
-176.0	0	1.55206936788	3.667360824	23	0
-128.0	0	1.57270194396	3.67827900313	22	0
-96.5	0	1.62824877471	4.76501377977	21	0
-128.0	0	1.59942605583	3.34469374008	21	0
-128.0	0	1.54029385418	3.06475924938	21	0
-128.0	0	1.40582023015	4.83508071705	21	0
-128.0	0	1.51659569362	5.05949542	21	0
-96.5	0	1.52777426608	5.93700132479	21	0
-96.5	0	1.49440474014	5.58613027503	21	0
-96.5	0	1.39973216878	5.60851913619	21	0
-77.0	0	1.4638363185	6.65436534239	21	0
-60.5	0	1.52554268542	7.75261602877	22	0
-60.5	0	1.49083603607	6.25910430926	22	0
-53.0	0	1.47995103734	5.37779905947	22	0
-18.5	0	1.54726370819	4.46494700778	22	0
-18.5	0	1.62314942519	4.75580708849	22	0
28.0	0	1.49803713449	2.87407069897	22	0
28.0	0	1.51833887979	2.91749749229	22	0
28.0	0	1.47921691276	2.21413208955	22	0
28.0	0	1.36796480149	1.62016965896	22	0
28.0	0	1.37253611943	1.71992725125	22	0
28.0	0	1.35957538462	1.86449626639	21	0
28.0	0	1.37136346524	1.90331128307	20	0
28.0	0	1.35992955852	1.20385409592	19	0
-18.5	0	1.42693610748	2.31943712741	18	0
-18.5	0	1.3263355333	2.513745149	17	0
28.0	0	1.32385282344	3.0838508923	16	0
28.0	0	1.3617917325	3.06836903236	15	0
47.5	0	1.35803330934	3.87424565505	15	0
47.5	0	1.25783491584	3.78072439969	15	0
65.5	0	1.15941873584	5.33340376735	15	0
47.5	0	1.08409268259	5.46203217021	15	0
28.0	0	1.02424061078	4.64312968681	15	0
28.0	0	1.06868516707	4.43736567419	15	0
47.5	0	1.08963343859	5.30682312047	15	0
65.5	0	1.04377589282	4.90732221562	15	0
65.5	0	1.02342596318	3.77915649467	15	0
65.5	0	1.01593207291	2.11194921769	15	0
65.5	0	1.00568845897	0.776725646136	15	0
65.5	0	0.988854458405	0.089452455873	15	0
65.5	0	0.998485792392	1.23090197459	15	0
65.5	0	0.983677683313	2.02310803711	16	0
91.0	0	0.940008546934	1.0021061969	16	0
103.0	0	0.888519031675	0.257000317205	16	0
91.0	0	0.874304845718	0.855531580695	16	0
103.0	0	0.990378721364	1.76397647584	16	0
91.0	0	0.88139030678	1.78467889173	16	0
65.5	0	0.851209792789	2.82364150612	17	0
65.5	0	0.749433924755	4.44287131825	18	0
65.5	0	0.658948727767	6.02310523102	19	0
91.0	0	0.549158671387	6.69016561118	20	0
46.0	0	0.57524867928	6.19765803006	21	0
26.5	0	0.543930253788	6.12800849976	22	0
26.5	0	0.438216738347	6.04490170366	23	0
-27.5	0	0.325432627502	6.42252661753	24	0
26.5	0	0.17833915213	7.74512538706	25	0
26.5	0	0.275261252527	7.15312813528	26	0
26.5	0	0.313311227735	7.08029926715	27	0
26.5	0	0.320699156506	7.25637814242	28	0
26.5	0	0.469370025201	5.8663362355	28	0
26.5	0	0.425194643544	7.15712209875	28	0
17.5	0	0.416299198368	7.88185878344	28	0
17.5	0	0.374558055117	8.36348679903	28	0
-27.5	0	0.34543995272	7.05706662106	28	0
-27.5	0	0.248038680521	6.49680619797	28	0
-27.5	0	0.370330123766	5.71544370023	28	0
-69.5	0	0.322723516277	4.88024860442	27	0
-69.5	0	0.316032144572	4.27146719178	28	0
-134.0	0	0.283803741729	6.32591347765	28	0
-69.5	0	0.404538645294	7.03911341352	28	0
-134.0	0	0.479270625368	7.30209368751	28	0
-134.0	0	0.562102046714	7.87837310606	28	0
-134.0	0	0.570827804582	7.47760844324	28	0
-134.0	0	0.350419940312	9.71607148967	29	0
-134.0	0	0.333798110309	9.19413347707	29	0
-134.0	0	0.326004249568	9.68118175245	29	0
-134.0	0	0.350769297699	9.22187503647	28	0
-69.5	0	0.241270923562	8.39453909451	27	0
-27.5	0	0.13320079649	8.86395518484	26	0
-27.5	0	0.0471689858007	10.0098875411	25	0
-27.5	0	0.126812568424	10.5755722757	24	0
-50.0	0	0.192789581612	11.6586516302	23	0
-50.0	0	0.152491505476	11.523086284	22	0
-50.0	0	0.264735722281	11.6132043739	21	0
-50.0	0	0.302762717617	10.6980504676	20	0
-50.0	0	0.280665923393	10.3691220163	19	0
-2.0	0	0.323038088947	11.2297228991	18	0
38.5	0	0.275481649465	10.1274864183	17	0
56.5	0	0.219336018662	9.20693982985	16	0
56.5	0	0.0918767079808	7.17225410903	15	0
56.5	0	0.0421240735658	6.46218400796	14	0
56.5	0	0.0594679204899	7.09357244985	13	0
56.5	0	0.0393194665633	6.53846245122	12	0
38.5	0	0.126217200952	6.74047670361	13	0
38.5	0	0.153214965	6.62337011719	14	0
-12.5	0	0.208823073483	7.14216777832	15	0
-12.5	0	0.17748887698	6.74550357986	16	0
-12.5	0	0.159187097643	7.24259675293	17	0
-12.5	0	0.128181270338	7.43671243497	18	0
-60.5	0	0.0916809800059	9.69773869273	19	0
-12.5	0	0.133935815964	8.36713754414	20	0
-12.5	0	0.159561275372	7.38714583219	21	0
-12.5	0	0.280363130705	5.44486280708	21	0
-12.5	0	0.171393037773	6.2254338694	21	0
-12.5	0	0.319833509389	6.3603237285	21	0
38.5	0	0.318167399156	6.32043169435	21	0
58.0	0	0.314955331743	6.83196039802	21	0
58.0	0	0.308600944924	8.21688431958	21	0
58.0	0	0.227717132124	7.19874467588	21	0
58.0	0	0.245143522016	6.62916549051	21	0
71.5	0	0.299288771245	5.99582133066	21	0
71.5	0	0.374220437187	3.81578373652	21	0
91.0	0	0.387387382072	2.41109164804	21	0
91.0	0	0.522940555637	0.762425582344	21	0
71.5	0	0.455675111542	0.79308814153	21	0
58.0	0	0.504220111702	2.05712359005	21	0
38.5	0	0.550068362316	2.55797820528	22	0
5.5	0	0.638132694001	2.26640821866	23	0
-32.0	0	0.690317241663	3.23666763901	24	0
5.5	0	0.855373973076	3.95098750204	25	0
5.5	0	0.947283491852	4.58224858379	26	0
5.5	0	1.03093631708	4.91789592797	26	0
5.5	0	0.96286329036	4.39185711206	26	0
5.5	0	1.06203147494	5.24481984548	26	0
5.5	0	1.09754905104	5.52863972581	26	0
-12.5	0	1.03803967319	5.15548025292	26	0
-12.5	0	1.1149967598	6.63048158514	26	0
-12.5	0	1.15032119385	6.46546857968	25	0
-12.5	0	1.19538448288	7.96859873166	24	0
-12.5	0	1.22486207416	8.02765681845	23	0
-12.5	0	1.25974787724	8.90850802969	22	0
-12.5	0	1.26970582084	10.2422427074	21	0
26.5	0	1.22128570521	10.227459462	20	0
71.5	0	1.10968513597	9.9548264981	19	0
71.5	0	1.11170267892	8.76078096266	18	0
80.5	0	1.05266625769	8.66274346346	18	0
89.5	0	1.11257584391	8.78389407201	18	0
80.5	0	1.02072816923	8.02744793908	18	0
34.0	0	1.02443387459	8.39764249639	18	0
34.0	0	0.991950109195	9.18886801829	18	0
-12.5	0	0.983147282911	9.51889935082	18	0
-20.0	0	0.996829519226	9.92928821348	19	0
-20.0	0	0.907042016165	8.08417449815	20	0
-12.5	0	1.0310343859	8.49592098552	20	0
-12.5	0	0.998587022015	7.54155135101	20	0
-12.5	0	0.963367554263	7.13549488784	20	0
-12.5	0	0.968335287368	6.69020017178	20	0
-12.5	0	0.910515541761	6.41064166588	20	0
26.5	0	1.0061784966	5.48779064306	20	0
26.5	0	1.02522424536	6.24832692003	20	0
26.5	0	1.04205478229	6.55888048892	19	0
73.0	0	1.08399256257	6.2307121851	18	0
26.5	0	1.21131031935	6.78132713376	18	0
73.0	0	1.19958371576	4.57781055683	19	0
73.0	0	1.30695208876	3.43656331519	20	0
89.5	0	1.35553893901	3.58850747349	20	0
109.0	0	1.33765711645	2.90615165849	20	0
167.5	0	1.33605269877	3.25891635172	20	0
167.5	0	1.38642449619	3.6419789426	20	0
109.0	0	1.37008115607	3.83811675177	20	0
167.5	0	1.38377026448	4.09335656588	20	0
167.5	0	1.44227659391	4.36409398224	20	0
109.0	0	1.50273463633	5.33782540744	20	0
109.0	0	1.48457338513	5.28424147337	20	0
167.5	0	1.51719429	4.71375810112	20	0
167.5	0	1.55590633174	4.63474934729	20	0
167.5	0	1.50121959266	4.34676058527	20	0
167.5	0	1.44284648966	5.21351343304	20	0
199.0	0	1.44914070803	4.56263075733	20	0
199.0	0	1.41181771544	4.59026115987	20	0
170.5	0	1.36143302521	2.74038463383	20	0
170.5	0	1.38581658751	2.73740001644	20	0
52.0	0	1.46827879316	3.56411494901	20	0
52.0	0	1.59977071034	4.23242375044	20	0
143.5	0	1.63074770797	5.46850709206	19	0
52.0	0	1.71280656998	5.99388753648	18	0
52.0	0	1.70549963006	5.67629067177	17	0
52.0	0	1.71291712027	5.55042299555	18	0
52.0	0	1.6655492322	5.01099009748	19	0
52.0	0	1.71147092284	3.61703810948	20	0
52.0	0	1.70306658106	1.47288034157	21	0
52.0	0	1.65655535036	0.809378720985	22	0
52.0	0	1.63598094775	1.18493300699	23	0
34.0	0	1.63705808923	2.20670339328	24	0
34.0	0	1.54619907957	2.46419133908	24	0
4.0	0	1.50567457679	4.10997881489	24	0
-33.5	0	1.40914265659	5.64333458748	24	0
-78.5	0	1.42225803328	5.92676761983	24	0
-78.5	0	1.48406461014	3.95029519756	24	0
-78.5	0	1.39940330204	5.31084933266	23	0
-78.5	0	1.37401960074	5.09242163421	23	0
-78.5	0	1.29884448296	5.0386954463	23	0
-41.0	0	1.21180504823	6.95680781969	23	0
-41.0	0	1.18638482996	6.89164592407	23	0
-27.5	0	1.18986534459	7.39968889168	23	0
-41.0	0	1.12813886002	8.6963114055	23	0
-41.0	0	1.07251362144	9.01183419716	23	0
-41.0	0	1.00890343605	9.42353870433	24	0
-41.0	0	0.944375192196	9.53420567017	25	0
-27.5	0	1.00288781626	9.05453501736	25	0
-27.5	0	0.950311822899	9.99580792742	25	0
4.0	0	0.926968194026	8.98229673246	25	0
4.0	0	0.849737765686	8.96184657624	25	0
4.0	0	0.771483754332	9.73667744993	25	0
-27.5	0	0.745656532002	10.454619182	25	0
-27.5	0	0.671887442545	10.0986469143	25	0
-41.0	0	0.651291504778	10.3278521574	25	0
-27.5	0	0.666860204645	11.1723876264	25	0
-27.5	0	0.638168032478	11.7803131964	25	0
-27.5	0	0.618513000057	12.92147622	25	0
-27.5	0	0.635420136933	12.5763362063	25	0
-27.5	0	0.57982251427	14.6693259948	24	0
-27.5	0	0.53631006837	15.9762555016	23	0
-41.0	0	0.476665825415	16.1762725492	22	0
-54.5	0	0.438934444842	16.1879154367	21	0
-72.5	0	0.317610145152	17.3530641506	20	0
-72.5	0	0.280146019828	16.9772352734	19	0
-72.5	0	0.321211088317	15.8890717984	18	0
-48.5	0	0.313162978562	16.8764882468	17	0
-48.5	0	0.336663299459	15.3965321523	16	0
-48.5	0	0.276245329301	13.6720776792	15	0
-48.5	0	0.366708525558	12.0491919705	14	0
-21.5	0	0.437003581052	10.4721203274	15	0
-21.5	0	0.510472473415	9.19055751461	15	0
-21.5	0	0.559984239777	9.57855777599	15	0
-21.5	0	0.614919703575	8.84097411902	15	0
-21.5	0	0.79817861005	7.21174225224	15	0
-21.5	0	0.919571203753	5.46589164529	15	0
-21.5	0	0.921475501072	5.6119381759	15	0
-48.5	0	1.07428819102	4.47864031685	15	0
-72.5	0	1.09268499719	4.38576391907	16	0
-86.0	0	1.08621875136	4.99408313129	17	0
-86.0	0	1.16464116867	4.11230281699	18	0
-86.0	0	1.28263785562	2.59489540828	19	0
-86.0	0	1.29584906284	1.84216759115	19	0
-86.0	0	1.24183644991	1.36107120227	19	0
-96.5	0	1.24563852169	1.41890708959	19	0
-128.0	0	1.28730874328	1.99403057062	19	0
-159.5	0	1.26046031038	2.94137220707	19	0
-176.0	0	1.20118303919	3.77187443879	19	0
-186.5	0	1.36793478886	2.18026910682	19	0
-186.5	0	1.3801339023	2.16388107818	19	0
-206.0	0	1.49738016562	0.20669779513	19	0
-206.0	0	1.65608775297	1.17680409177	20	0
-206.0	0	1.80144722763	3.75246095026	21	0
-206.0	0	1.87139821332	3.43429209686	21	0
-221.0	0	1.93714573271	3.79857700665	21	0
-221.0	0	1.88722640876	2.80174364482	21	0
-227.0	0	1.8927143449	3.17460550277	21	0
-227.0	0	1.94020498579	4.52641707551	21	0
-227.0	0	1.87524667306	3.95026779715	21	0
-227.0	0	1.94437323489	5.71501464933	21	0
-227.0	0	1.97930364129	7.27341420307	21	0
-221.0	0	1.8966671174	6.28063686141	21	0
-201.5	0	1.98478392973	6.87650941884	21	0
-186.5	0	1.97863325469	7.99252113905	21	0
-186.5	0	2.08754168893	8.6366314927	21	0
-186.5	0	2.07098843845	9.3006349553	21	0
-186.5	0	2.16911085844	10.8002334473	21	0
-186.5	0	1.98489579443	11.131970684	21	0
-168.5	0	2.01454687749	10.8799200042	21	0
-134.0	0	2.0068275827	11.3136222194	21	0
-134.0	0	2.01682346742	11.6355657535	21	0
-105.5	0	1.95979716103	11.1776983121	20	0
-72.5	0	1.93900885693	11.7200883519	19	0
-72.5	0	1.81821371187	12.6562645638	18	0
-72.5	0	1.76420274961	13.2041868617	17	0
-72.5	0	1.6738833402	13.1602785481	16	0
-72.5	0	1.63428964203	12.6800466245	15	0
-26.0	0	1.54024282287	12.5946786764	15	0
-26.0	0	1.41789606322	10.5198549975	15	0
19.0	0	1.40346581252	10.6242068778	15	0
20.5	0	1.32691562753	10.3166476155	15	0
-26.0	0	1.07768358803	9.45804969281	16	0
-48.5	0	0.909122801852	8.57905443721	17	0
20.5	0	0.907437044093	8.06642582127	17	0
37.0	0	0.880558908596	8.52725519552	17	0
37.0	0	0.863090676849	8.36768159221	17	0
37.0	0	0.991910945875	8.35897645814	17	0
52.0	0	0.9417546369	8.60113928739	17	0
68.5	0	0.800746726953	7.59107116754	18	0
68.5	0	0.739986725476	6.99207979383	19	0
110.5	0	0.704828221767	4.80591584969	20	0
68.5	0	0.582395397924	3.50860154989	21	0
110.5	0	0.469489842763	1.79001621238	22	0
110.5	0	0.490720310955	2.43119287663	23	0
152.5	0	0.403646348591	1.03548893079	23	0
179.5	0	0.46804799773	2.42027600504	23	0
179.5	0	0.411118681103	1.75428422106	23	0
200.5	0	0.408519709606	1.69901681713	23	0
179.5	0	0.452354276454	3.50744404634	23	0
140.5	0	0.358270058186	2.45746769192	23	0
140.5	0	0.310716272163	1.06596530943	23	0
98.5	0	0.443752430287	1.56070284101	23	0
91.0	0	0.342372466001	0.340681366361	22	0
140.5	0	0.457885527803	0.501019427531	21	0
140.5	0	0.446707117405	0.453472511727	21	0
91.0	0	0.455898539159	0.389364683389	21	0
46.0	0	0.411634474432	0.502435393016	22	0
46.0	0	0.546148933467	1.54624686949	23	0
-27.5	0	0.539389183921	2.50320331823	24	0
-27.5	0	0.530222521357	2.73171308755	25	0
-90.5	0	0.494634193221	4.21153072614	26	0
-27.5	0	0.472385486943	4.09294865234	26	0
-144.5	0	0.411302187194	3.39550701806	26	0
-27.5	0	0.513675577038	3.3882505487	26	0
46.0	0	0.426464943866	4.47612315198	26	0
91.0	0	0.318524762476	5.19887110621	26	0
91.0	0	0.343216638566	4.91334966588	25	0
46.0	0	0.386475013619	4.05912701618	24	0
46.0	0	0.546148626369	2.47795811883	23	0
-27.5	0	0.58476667788	2.66741018904	22	0
-132.5	0.0873191525576	0.607464434569	3.50768668758	21	0
-132.5	0.0872995455775	0.750512447259	4.88827389622	20	0
-108.5	0.0872332074708	0.90323171363	4.53185815466	20	0
-155.0	0.08775367509	0.914390099897	4.31673313461	20	0
-191.0	0.0879454305816	0.987259861406	5.66856395648	20	0
-191.0	0.0878908179863	1.02458671451	4.80024852359	20	0
-155.0	0.0875417887611	0.995573569597	3.63710868677	20	0
-155.0	0.0873782373234	1.08820711397	3.93844148813	20	0
-191.0	0.0882279767593	1.193225826	3.2111265952	20	0
-224.0	0.0886009730444	1.2298651996	3.43324101354	20	0
-224.0	0.0887288195236	1.27072983159	2.84498771235	20	0
-191.0	0.0885783326586	1.39555829864	1.32566803573	20	0
-224.0	0.0888818531142	1.32404130278	1.33990700452	20	0
-224.0	0.0885738113955	1.35740791291	1.03562991005	20	0
-245.0	0.0890947835743	1.36100235649	0.391839222424	20	0
-245.0	0.0887104445968	1.36460594313	0.458945479224	20	0
-245.0	0.0886327653589	1.46892531942	0.0499231811859	20	0
-258.5	0.089461103347	1.3918444273	1.65516315011	20	0
-258.5	0.089461103347	1.3975434379	1.41512370853	20	0
-258.5	0.0894312521598	1.49231362966	0.591580847799	20	0
-258.5	0.0896779227716	1.56412972363	0.361573266319	20	0
-258.5	0.0896270417863	1.63395663261	1.43375986725	20	0
-245.0	0.089461103347	1.76319596356	3.75278557599	20	0
-258.5	0.0897496312733	1.61353746527	4.66132878523	20	0
-245.0	0.0895010565626	1.61319492852	3.20134279098	20	0
-245.0	0.089461103347	1.64396218982	2.42306921524	20	0
-245.0	0.0894760654348	1.73609529602	1.77992871309	20	0
-245.0	0.0895010565626	1.75491776864	1.38552304581	20	0
-245.0	0.0895562775323	1.88821024265	2.94210243647	20	0
-245.0	0.0895663534472	1.88790322524	1.87047041481	20	0
-245.0	0.0895010565626	1.88696967479	2.10119328911	20	0
-258.5	0.0900103728957	1.91742924839	2.19628268791	20	0
-245.0	0.0899313764363	2.05129102329	2.05233423861	20	0
-245.0	0.0901919595419	2.05540644027	1.48347382208	20	0
-245.0	0.0903387269476	2.09005640284	2.28471091719	19	0
-258.5	0.0907933667542	2.29200766044	2.88348245654	18	0
-258.5	0.0912771043654	2.30891835328	1.73508324821	17	0
-258.5	0.0911987484417	2.27490341487	0.263076348209	17	0
-258.5	0.0912650074999	2.19711906937	1.38376141886	18	0
-258.5	0.0911807576865	2.31073637462	0.155240451105	18	0
-258.5	0.0909032708767	2.40386831341	2.3189655957	18	0
-239.0	0.0908800265504	2.43731725347	4.87512857811	18	0
-239.0	0.0905998410853	2.42292656418	5.3824291287	18	0
-200.0	0.0904434083639	2.47291345291	5.59815917865	18	0
-183.5	0.0898530478987	2.47340019797	7.93006222396	18	0
-152.0	0	2.53584031329	8.67344018449	18	0
-152.0	0	2.54580060071	8.96054842687	18	0
-152.0	0	2.49595494756	9.54928203027	19	0
-152.0	0	2.40038223491	8.62937011133	20	0
-152.0	0	2.38812217848	8.57398911069	20	0
-152.0	0	2.31280801864	7.89292600983	20	0
-152.0	0	2.1914925329	6.45316960357	20	0
-122.0	0	2.25535887339	6.94129943756	20	0
-122.0	0	2.27353612156	7.78672590121	20	0
-113.0	0	2.28027427504	8.42217858201	20	0
-113.0	0	2.28360862836	7.50860198758	20	0
-113.0	0	2.2620978455	7.07415500443	20	0
-108.5	0	2.33031863105	9.23105462002	20	0
-108.5	0	2.48290157542	9.01652272537	20	0
-108.5	0	2.45800183222	8.89089292785	20	0
-93.5	0	2.39522170919	8.27785214129	20	0
-77.0	0	2.30689092165	6.95056650064	20	0
-62.0	0	2.24872603182	5.62650144035	20	0
-44.0	0	2.40067149606	4.90378399096	20	0
-44.0	0	2.39010765012	5.81420446584	20	0
-17.0	0	2.37453932187	6.94810731513	20	0
-17.0	0	2.26060253076	7.31922092546	20	0
23.5	0	2.25295403126	8.65084308949	20	0
47.5	0	2.1707203175	8.02463556174	20	0
52.0	0	2.12803548029	8.79790428112	19	0
52.0	0	2.15099200639	9.01514914677	18	0
77.5	0	2.04054837652	7.89344374283	18	0
109.0	0	2.01844953238	7.96034490744	18	0
109.0	0	2.11730371091	9.2094345303	18	0
154.0	0	2.13697233557	8.8313583642	18	0
154.0	0	1.92285566174	8.56919602543	18	0
166.0	0	1.89435863117	9.42755164586	18	0
194.5	0	1.93057802204	10.5846873179	18	0
218.5	0	1.95915186324	11.669135706	18	0
218.5	0	1.77861330648	9.57772582807	17	0
218.5	0	1.66467970843	7.71736818348	16	0
218.5	0	1.7098166256	6.50875995501	16	0
218.5	0	1.72901881468	7.06116116674	16	0
218.5	0	1.71110949962	7.66406903092	16	0
194.5	0	1.58957681346	6.83484601804	16	0
179.5	0	1.45443925981	4.59447789668	16	0
155.5	0	1.39946522265	2.55199988999	16	0
130.0	0	1.32475506288	3.01916099387	16	0
130.0	0	1.17661239947	3.70755955175	16	0
155.5	0	1.16154479907	3.71710963276	16	0
184.0	0	1.20706058831	3.81321143245	16	0
203.5	0	1.29968737136	4.57272172375	16	0
203.5	0	1.30983643707	4.22986864015	15	0
203.5	0	1.26484075561	2.37087346891	15	0
172.0	0	1.16289221056	1.86596757999	15	0
206.5	0	1.14068148261	2.77727836024	15	0
197.5	0	1.12413456623	2.6504769423	15	0
197.5	0	1.13692678019	2.36183302315	15	0
197.5	0	1.0633578603	2.80158298253	15	0
172.0	0	1.03970118494	2.84826961549	15	0
155.5	0	1.05841429349	3.61857935762	14	0
155.5	0.086101127791	1.05246380044	4.30672779749	13	0
155.5	0.0862629895272	1.00209611698	3.50682993808	14	0
155.5	0.086060286449	0.977574593288	2.28396116378	14	0
130.0	0.0863433237776	0.954805037526	1.84540513836	14	0
130.0	0.0867345525266	0.927664597139	0.807405678083	14	0
130.0	0.0866396125526	0.985786390238	0.226633204954	14	0
130.0	0.0867088893624	0.987420522428	0.684828248224	14	0
73.0	0.0869051083914	1.01504266836	2.16923108686	14	0
-2.0	0.0872799822712	0.931942745841	3.34512436086	15	0
-2.0	0.0872643629527	0.95494157881	3.37932310185	16	0
-8.0	0.0876511730166	1.06464532408	2.81775082385	17	1
-11.0	0.0879075861743	1.11637665549	2.96633199835	17	1
-23.0	0.0881284954152	0.952579670616	4.57086016561	16	1
-53.0	0.0887380210083	0.983456849779	5.31893151176	15	1
-99.5	0.088909957166	1.14292178709	6.48043167052	15	1
-128.0	0.0890327564955	1.11140172441	7.73280053832	15	1
-128.0	0.0891717088865	1.05023040427	7.8201052509	15	1
-128.0	0.089051796777	0.995143665699	8.97148442783	15	1
-105.5	0.0885287230826	1.06780938718	7.94861340908	15	1
-105.5	0.0887242222898	1.11604716657	7.88637992275	15	1
-105.5	0.0887426252636	1.06551181201	7.76175479407	15	1
-128.0	0.0890232512747	1.004586977	8.67826907601	15	1
-128.0	0.0889381485121	1.02390405294	9.6238737264	15	1
-128.0	0.0887980598461	1.20080586611	8.80685202732	15	1
-128.0	0.0887472318637	1.30530954733	7.55718432522	15	1
-128.0	0.0887887971408	1.28400753728	6.88787695558	15	1
-105.5	0.0887012711202	1.36448428486	7.87727619223	15	1
-128.0	0.0888865310816	1.58483744226	8.87272857001	15	1
-128.0	0.0895462126466	1.60045218568	8.4874629949	15	1
-143.0	0.0899261338678	1.6433703305	8.17669694645	15	1
-162.5	0.0902569044961	1.66725649207	7.94860510329	16	1
-162.5	0.090696106206	1.69080654852	7.82584811553	16	1
-162.5	0.0900156633283	1.69371983678	7.92739388072	16	1
-162.5	0.089806367134	1.74073229738	8.65837276441	16	1
-162.5	0.0898011949044	1.75938492434	9.61512263666	16	1
-162.5	0.0898999654459	1.80350355839	9.37438303356	16	1
-162.5	0.0898478494939	1.77531135133	10.3882751193	16	1
-182.0	0.0899418704816	1.72099303947	11.4173933911	16	1
-182.0	0.0899628942917	1.70774206623	11.8800467244	16	1
-182.0	0.0899628942917	1.67694512476	12.6447427043	17	1
-162.5	0.0893128101454	1.77714546027	11.8702615436	18	1
-152.0	0.089162057659	1.90780603395	10.6884870757	19	1
-162.5	0.089863453481	1.72324130299	9.93492474534	18	1
-162.5	0.0898842998198	1.79878546948	9.06905772079	17	1
-182.0	0.090273211684	1.82846566939	8.24204838336	17	1
-182.0	0.0902352058494	1.87954382742	7.04917791901	17	1
-213.5	0.0903496909956	1.92617223877	6.10413952013	17	1
-213.5	0.0903277757557	1.85438657964	4.40173297904	17	1
-182.0	0.0900103728957	1.89370521265	2.9647841202	17	1
-182.0	0.0900900476875	1.78193390515	3.46350051951	17	1
-182.0	0.0901381825811	1.78496695152	3.4375460751	17	1
-159.5	0.0899261338678	1.70147237184	3.3743024103	17	1
-159.5	0.0899104239427	1.79133885125	3.17434331888	17	1
-132.5	0.0897342181723	1.74761490901	2.03156106086	17	1
-101.0	0.0895110720866	1.71421793148	0.80936023751	17	1
-84.5	0.0891813703335	1.703420916	0.537603061403	18	1
-99.5	0.0893373595712	1.63119688423	0.366665883312	19	1
-99.5	0.0896219691126	1.6696515263	0.714082053801	20	1
-99.5	0.089496052893	1.67307124607	1.23274702972	20	1
-99.5	0.0897702221898	1.69045602269	1.35852209057	20	1
-78.5	0.0895210985419	1.66846640535	0.958617796812	20	1
-78.5	0.0894860537253	1.72654549435	1.59775220919	20	1
-99.5	0.08987387078	1.57644851784	1.98279526853	20	1
-119.0	0.0900527810317	1.47931409633	1.20878105722	20	1
-99.5	0.0899628942917	1.3945347715	1.13158861661	20	1
-99.5	0.0900634134011	1.48267281068	2.20926613298	20	1
-119.0	0.0901489131418	1.53973167952	2.62698540872	20	1
-95.0	0.0898115422601	1.45943389774	3.18230113217	20	1
-95.0	0.0898530478987	1.38503075561	2.33567138183	20	1
-72.5	0.0897496312733	1.26141265623	0.927435979746	20	1
-72.5	0.089806367134	1.1807254807	0.639215667905	20	1
-93.5	0.0899104239427	1.13689269901	2.27731144598	20	1
-119.0	0.0907531965439	1.16095373106	2.28628917983	19	1
-119.0	0.0907360330518	1.20315396114	1.6880627475	18	1
-119.0	0.0907818720624	1.20511932554	1.05683642599	18	1
-119.0	0.0907933667542	1.18189214973	0.298066599397	18	1
-119.0	0.0908858322694	1.10606875412	0.36768588188	18	1
-119.0	0.0910321467295	1.00072813797	1.0998127117	18	1
-135.5	0.0912107612362	1.07891888322	0.339820305421	18	1
-135.5	0.0905773331379	1.12907815806	0.116892046799	18	0
-135.5	0.0906733667224	1.07678433341	0.420968956835	18	0
-96.5	0.0900847147189	0.980232433907	1.03120769079	18	0
-68.0	0.0896575366446	1.18046682399	0.5181059988	18	0
-53.0	0.0893324444155	1.13415105524	0.707514410421	18	0
-35.0	0.0891524166315	1.16826829514	0.667596677147	18	0
-24.5	0.0888166137271	1.09826171209	0.767553278874	18	0
-24.5	0.0888678336704	1.00773021133	0.164664831644	18	0
-20.0	0.0886966878712	0.99143924304	0.757689681294	19	0
-20.0	0.0887150348285	1.00249793322	0.127344263075	18	0
-20.0	0	1.07962263969	0.516363492656	17	0
-20.0	0	1.0594163612	0.864953237978	17	0
-20.0	0	1.08542526867	0.143528576157	17	0
-12.5	0	1.0744600837	1.12496706915	17	0
-12.5	0	1.09575947457	1.09327646871	17	0
-12.5	0	1.0430048071	1.14061445773	17	0
-20.0	0	1.00103140946	0.911001620647	17	0
-12.5	0	1.09053961633	0.569368701157	17	0
-12.5	0	1.11529379778	1.2445815568	17	0
-20.0	0	1.12031262376	0.471036731889	17	0
-12.5	0	1.07755693845	0.58729025511	17	0
-20.0	0	1.11314556199	1.09887851909	17	0
-20.0	0	0.970127794356	0.834762034174	17	0
-20.0	0	1.07380788337	0.893077744357	17	0
-12.5	0	1.05968339298	0.640815591871	17	0
-20.0	0	1.14734924717	1.21819307113	17	0
-20.0	0	1.15104980954	1.0346354287	17	0
-12.5	0	1.08013706511	0.888612992213	17	0
-12.5	0	1.02105565728	0.161342443388	16	0
-20.0	0	1.02764266256	0.399846103442	15	0
-20.0	0	1.0355767268	0.473159491254	15	0
-20.0	0	1.0873440552	0.708831638406	15	0
-20.0	0	1.12205892422	0.0294388153976	15	0
-12.5	0	1.07659606862	0.797897120786	16	0
-12.5	0	1.10762678043	0.839658092536	17	0
-20.0	0	1.10428699367	1.21560149131	17	0
-20.0	0	1.01976937504	0.46850467027	17	0
-20.0	0	0.980120580078	0.172681414808	17	0
-20.0	0	1.15973004172	1.47688953898	17	0
-12.5	0	1.1189893961	1.18485853881	17	0
-12.5	0	1.10942850029	0.983310071616	16	0
-12.5	0	1.09661875287	0.800656808123	15	0
-12.5	0	1.10623456823	1.10937604757	14	0
-12.5	0	1.13032959721	1.06127606292	14	0
-12.5	0	1.12611907278	0.953110856204	14	0
-12.5	0	1.08453352964	0.868346905816	15	0
-20.0	0	1.06020360932	2.15741854423	16	0
-20.0	0	1.02700980539	1.6428216149	17	0
-12.5	0	1.05702742288	0.107366332512	17	0
-12.5	0	1.11817612736	1.02512634481	17	0
-12.5	0	1.0825790471	1.31999297702	17	0
1.0	0	1.09489799581	0.829658265058	17	0
25.0	0	1.10224217535	1.66315049617	17	0
25.0	0	1.07532873997	0.955759110827	17	0
35.5	0	1.05804555459	0.604865311499	17	0
-6.5	0	1.0724819089	1.81671282626	17	0
-6.5	0	0.964550536573	2.41790004444	17	0
-20.0	0	1.00928919399	2.07748985155	17	0
-30.5	0	1.02200920498	2.31847881623	17	0
-53.0	0	0.988945702352	1.19141350573	17	0
-93.5	0	0.912132752812	1.95030426811	17	0
-93.5	0	0.880526487286	2.62250317114	17	0
-93.5	0	0.999507255955	3.24471657042	17	0
-134.0	0	1.0602336136	3.78055792732	17	0
-206.0	0	1.12856402939	4.31611871961	17	0
-134.0	0	1.10792982537	4.74941677888	17	0
-134.0	0	1.00840535602	5.18338296382	17	0
-134.0	0	1.07575672778	4.5749089923	16	0
-153.5	0	1.18552054603	3.44205198769	16	0
-206.0	0	1.30624908827	1.474200824	17	0
-153.5	0	1.20269513558	1.17592335652	17	0
-72.5	0	1.19537745855	0.557868021262	17	0
-72.5	0	1.09861058457	1.25263626869	17	0
-72.5	0	1.07106223186	1.10478625298	17	0
-72.5	0	1.04744927989	1.07603143356	17	0
-153.5	0	1.02604765845	1.1425136722	17	0
-66.5	0	1.18238923664	1.6536180614	17	0
-66.5	0	1.24248159965	1.65215489981	17	0
-66.5	0	1.26212903385	1.9821425534	17	0
-66.5	0	1.2469925455	1.94439152343	16	0
-132.5	0	1.19452034555	1.15072256721	15	0
-132.5	0	1.21469273441	1.37218836688	15	0
-182.0	0	1.22488221132	1.01009582821	15	0
-203.0	0	1.23197898234	1.29692101941	15	0
-203.0	0	1.22793173431	0.936399393286	15	0
-206.0	0	1.22278045626	1.0107091411	15	0
-203.0	0	1.1949041255	0.179276598691	15	0
-203.0	0	1.24505117069	1.29256656665	15	0
-203.0	0	1.26151126519	1.20866676521	15	0
-203.0	0	1.15773185726	2.06401980921	15	0
-203.0	0	1.20988091984	2.25205070511	15	0
-203.0	0	1.21650731615	2.68696509854	15	0
-203.0	0	1.23912007577	2.83186345918	14	0
-203.0	0	1.30941387784	0.807806294294	13	0
-203.0	0	1.33626084455	1.53107074774	12	0
-182.0	0	1.37194456386	0.468077214627	12	0
-182.0	0	1.58959873143	0.899420210102	12	0
-132.5	0	1.56798970642	1.5149049913	12	0
-80.0	0	1.50159452656	0.934746372622	12	0
-80.0	0	1.48787955836	0.211707701852	12	0
-80.0	0	1.53409678292	1.26634610672	12	0
-42.5	0	1.51309500964	1.0408858632	12	0
-23.0	0	1.51836585506	1.30546865298	11	0
-8.0	0	1.43667408289	1.28700133285	10	0
10.0	0	1.39719271417	2.12554859927	9	0
-8.0	0	1.36852658092	3.02324663694	8	0
10.0	0	1.49002510774	4.10095828107	8	0
10.0	0	1.39254738792	2.80478484912	8	0
10.0	0	1.24907454599	1.05009645542	8	0
10.0	0	1.20864985313	0.265109282477	8	0
1.0	0	1.36485143192	0.491478302595	8	0
-8.0	0	1.32214758021	0.513515499771	8	0
1.0	0	1.4347443056	1.50691424969	9	0
1.0	0	1.46507884127	0.156429742631	9	0
10.0	0	1.45675264079	0.196107342649	9	0
23.5	0	1.54689113557	0.592404500584	9	0
23.5	0	1.48766643141	0.200807656973	9	0
40.0	0	1.53802530174	0.652608626844	9	0
40.0	0	1.53295513615	0.298863911002	9	0
23.5	0	1.50922694651	0.396740009286	9	0
40.0	0	1.56474937417	1.13041080513	10	0
23.5	0	1.52794460275	0.205303255655	11	0
23.5	0	1.47993105544	0.858219911201	12	0
23.5	0	1.45303802843	1.76320528214	13	0
10.0	0	1.44013237546	1.79658667915	14	0
23.5	0	1.41525286166	2.60213639901	15	0
23.5	0	1.43181007849	2.72592302039	16	0
23.5	0	1.42349173141	2.78251030332	17	0
14.5	0	1.48267423572	2.79775680085	18	0
1.0	0	1.4524229684	1.67666808526	19	0
1.0	0	1.28022399691	2.05106588683	19	0
14.5	0	1.16031762801	0.905578417238	19	0
14.5	0	1.16304542548	0.287992202376	19	0
40.0	0	1.16145167478	0.621779259312	19	0
40.0	0	1.12837120885	0.718779222692	19	0
40.0	0	1.00124166952	0.311039002835	19	0
119.5	0	0.931170850676	0.379175841447	19	0
119.5	0	0.887216134326	1.81181360162	19	0
214.0	0	0.919784000758	0.93386045952	19	0
265.0	0	0.944562504216	0.32115755263	19	0
265.0	0	1.02080538507	0.254006969147	19	0
265.0	0	1.02864589251	1.03150119128	19	0
265.0	0	0.919944027916	1.28308668462	19	0
289.0	0	0.990360652976	1.88647966103	19	0
265.0	0	1.00248677078	1.88533424865	20	0
265.0	0	0.899622192573	1.03476693458	20	0
265.0	0	0.790678060801	2.01321826479	20	0
265.0	0	0.825866193422	1.93186462407	20	0
298.0	0	0.912895621702	1.35023347345	20	0
322.0	0	0.882980484761	1.09832028599	20	0
322.0	0	0.878872428845	0.50495784688	20	0
322.0	0	0.954206377311	0.649093028406	20	0
298.0	0	0.855433491062	2.07375242913	20	0
298.0	0	0.832116991043	1.36622526617	20	0
265.0	0	0.730169414414	2.66791203236	20	0
274.0	0	0.691096930012	2.47934897867	20	0
203.5	0	0.715605361949	1.67645144009	19	0
158.5	0	0.658644922771	2.3856025814	18	0
158.5	0	0.456257426131	2.83216729361	17	0
158.5	0	0.508721611022	2.92745322059	16	0
158.5	0	0.515985220663	3.02187452439	15	0
158.5	0	0.537234523206	2.38027683592	15	0
158.5	0	0.560062730985	1.40875482977	14	0
236.5	0	0.515685829357	1.5922076975	13	0
236.5	0	0.464857311553	1.55514117501	13	0
236.5	0	0.477489539811	0.552580526206	13	0
158.5	0	0.516206714126	0.473187259177	13	0
158.5	0	0.535087300586	0.0951079597648	13	0
158.5	0	0.51528355346	1.06721696969	13	0
236.5	0	0.618262690404	0.665441551102	14	0
236.5	0	0.694840889045	1.17163670961	14	0
158.5	0	0.77487284373	0.420366035008	14	0
158.5	0	0.754413540222	0.516490167414	14	0
158.5	0	0.701380580684	1.27385027828	14	0
158.5	0	0.601978523301	1.55935926587	14	0
151.0	0	0.690026885673	1.08464087467	14	0
121.0	0	0.689176683624	1.89210629008	14	0
88.0	0	0.762299482784	0.181145778425	14	0
77.5	0	0.678968953915	0.184155653894	14	0
77.5	0	0.575110552742	0.163540648768	14	0
77.5	0	0.545278610018	0.682574514936	14	0
43.0	0	0.598021726521	0.496753383838	14	0
43.0	0	0.669518960174	1.10779250774	14	0
2.5	0	0.651237674256	1.09757149107	14	0
43.0	0	0.663324878149	1.24460638514	14	0
77.5	0	0.747217898003	0.691294938752	14	0
77.5	0	0.805214397689	1.38416679443	14	0
77.5	0	0.871612964549	2.4724930086	14	0
55.0	0	0.959717737406	4.04162485386	14	0
28.0	0	0.88385209572	3.48144947649	14	0
28.0	0	0.8886997326	2.50497323939	14	0
55.0	0	0.904057066448	3.10978061344	14	0
55.0	0	0.96572962691	2.82293849999	14	0
55.0	0	1.10572809225	3.24464893495	14	0
55.0	0	1.18097556924	4.90626176069	14	0
28.0	0	1.13203173028	3.85600256676	13	0
10.0	0	1.0704068033	3.80152532922	12	0
10.0	0	1.12104083637	4.36241294483	12	0
10.0	0	1.19721800501	2.90466520684	12	0
55.0	0	1.16510839872	2.60269240247	12	0
10.0	0	1.04431919886	2.85574059377	12	0
55.0	0	1.04396816031	3.18311721164	12	0
77.5	0	1.05222560813	3.58823279827	12	0
55.0	0	1.09288029148	2.9298178577	11	0
55.0	0	1.12403578683	3.05983278747	10	0
55.0	0	1.15801078542	2.44197607687	10	0
77.5	0	1.17267680598	2.32310251112	10	0
55.0	0	1.22121998678	2.4668732027	10	0
55.0	0	1.16539173483	1.96488221095	10	0
55.0	0	1.18660976288	2.74362778316	10	0
83.5	0	1.22787136209	2.93800647013	10	0
83.5	0	1.26185905783	2.17652388266	10	0
83.5	0	1.27332843584	3.01989524673	10	0
55.0	0	1.37495153	3.29936290487	10	0
55.0	0	1.434867961	3.19051863931	10	0
55.0	0	1.3677970528	2.73039012421	10	0
55.0	0	1.48937594576	3.0942765951	10	0
83.5	0	1.44839696377	2.91189020793	10	0
103.0	0	1.54260508246	2.82517253495	10	0
124.0	0	1.6912190179	2.20603566339	10	0
160.0	0	1.70664686788	3.22360505836	10	0
160.0	0	1.61771203308	1.2807656378	10	0
160.0	0	1.66377649749	3.31875498239	10	0
218.5	0	1.7337671052	3.77386583175	10	0
218.5	0	1.64583062589	3.88049464277	10	0
218.5	0	1.64211706674	4.20325263098	10	0
163.0	0	1.62450967918	3.70765790811	10	0
142.0	0	1.55229451423	2.93571105762	10	0
142.0	0	1.45679965181	2.22291419735	10	0
163.0	0	1.55194788325	2.85186809103	10	0
218.5	0	1.58752407551	4.00778924907	10	0
163.0	0	1.64300514779	3.7909821364	10	0
142.0	0	1.65472201801	5.57933327793	10	0
142.0	0	1.51441901063	5.76519271979	10	0
163.0	0	1.56129087331	5.1092328527	10	0
163.0	0	1.62306721313	5.59900140637	10	0
214.0	0	1.65357221351	5.81608869392	10	0
251.5	0	1.67874485553	5.97950058109	10	0
295.0	0	1.74191414264	6.91577086464	10	0
251.5	0	1.72689604217	5.93561858491	10	0
295.0	0	1.8098571401	5.08805507688	10	0
251.5	0	1.85424267356	5.67314017288	10	0
251.5	0	1.8763614398	6.01535388251	10	0
251.5	0	1.92834923981	6.76377907119	10	0
214.0	0	1.98665222761	6.71650523622	10	0
163.0	0	1.99501696983	6.91624061252	10	0
142.0	0	2.03899992229	6.11141139901	10	0
142.0	0	2.01782408433	6.846692643	10	0
163.0	0	2.08974188612	7.10844454517	10	0
163.0	0	2.07485907664	5.35448045694	10	0
70.0	0	2.1851034825	5.50797506583	10	0
70.0	0	2.27926977121	6.02494861285	10	0
70.0	0	2.26590586669	5.84981788563	10	0
158.5	0	2.14672248234	5.7197258472	10	0
158.5	0	2.14086457778	5.86936433435	10	0
158.5	0	2.21623957583	6.06111797883	10	0
209.5	0	2.1213227208	5.29663742841	11	0
209.5	0	2.11558141482	4.89947542218	11	0
158.5	0	2.11599456315	5.30561878464	11	0
158.5	0	2.06192183887	5.37975482502	11	0
158.5	0	2.04021016004	5.07897207306	11	0
158.5	0	2.09570904809	5.96112438854	11	0
158.5	0	2.0739998237	4.26576385174	11	0
158.5	0	2.02323097699	4.17342535578	11	0
158.5	0	1.99160393483	3.28696452344	11	0
82.0	0	1.98528607002	2.9043064209	11	0
7.0	0	1.8904372724	1.15735500843	11	0
7.0	0	1.92517409896	1.16516684458	11	0
35.5	0	1.89187571794	0.119836801436	11	0
35.5	0	1.88057558075	0.567533932549	11	0
7.0	0	1.74216544194	0.753851327751	11	0
7.0	0	1.63871899819	0.794977945402	12	0
7.0	0	1.52471670895	2.3259210758	13	0
-21.5	0	1.61757896439	1.87822846652	14	0
-77.0	0	1.58638438002	3.1332129341	15	0
-30.5	0	1.50731679655	3.88478373578	15	0
-30.5	0	1.49545836631	4.81573628841	15	0
-77.0	0	1.44737374323	5.02811455473	15	0
-77.0	0	1.42349238669	4.87000482317	15	0
-77.0	0	1.42670483712	4.42835818086	15	0
-77.0	0	1.44594293635	3.64908575133	15	0
-30.5	0	1.363711628	5.0466092763	15	0
-30.5	0	1.29129385546	5.69147332185	15	0
-30.5	0	1.19269854183	5.59178086238	15	0
-30.5	0	1.13312675761	5.54174462957	15	0
-2.0	0	1.11810323555	5.22956512933	15	0
35.5	0	1.11388475083	3.77723065685	15	0
74.5	0	1.12418339397	4.40239684156	15	0
74.5	0	1.07165937103	4.89404394553	15	0
107.5	0	1.09520245358	3.63382361981	15	0
125.5	0	0.921251114422	4.3172646755	15	0
125.5	0	0.753152076991	5.18100426265	15	0
125.5	0	0.747843474435	4.97684213074	15	0
125.5	0	0.755484491686	5.23178160489	15	0
107.5	0	0.857944692191	5.16348244471	15	0
107.5	0	0.744245912667	5.27266167459	15	0
107.5	0	0.72683444268	4.48648525157	15	0
74.5	0	0.775741348947	3.50604205298	15	0
107.5	0	0.785279627837	3.20692880359	15	0
107.5	0	0.674563965218	2.87920134133	15	0
100.0	0	0.681658802766	2.93347417341	15	0
100.0	0	0.670232726454	2.7642463671	15	0
110.5	0	0.707748479423	2.18158842534	15	0
100.0	0	0.671773263325	2.54151659481	15	0
74.5	0	0.811975187825	1.37682900638	15	0
74.5	0	0.838796785447	0.99538990693	15	0
100.0	0	0.954198735762	1.55651166763	14	0
110.5	0	1.00771917965	2.54815533769	13	0
110.5	0	1.18808584445	3.98985139696	12	0
110.5	0	1.2558881584	4.44557323707	11	0
110.5	0	1.34197527163	4.72370812606	10	0
125.5	0	1.40328747425	4.4941173349	9	0
163.0	0	1.47218500701	5.16364274616	9	0
236.5	0	1.41844642976	4.63227436672	9	0
236.5	0	1.39321652415	5.50539318351	9	0
236.5	0	1.40132406911	6.78274308183	9	0
307.0	0	1.3251832302	5.70244135073	9	0
343.0	0	1.35362192145	5.87588144151	9	0
343.0	0	1.35416264181	5.72267108189	9	0
343.0	0	1.33997310429	6.09994744474	9	0
307.0	0	1.40573982385	6.16823852324	8	0
307.0	0	1.49107216923	7.7753401976	7	0
307.0	0	1.433018572	6.06408143521	6	0
343.0	0	1.48176299051	6.83625320636	6	0
361.0	0	1.48779169595	7.17554965342	6	0
361.0	0	1.33934356546	5.89005518622	6	0
316.0	0	1.34693924165	5.49598227261	6	0
316.0	0	1.21297531219	4.76690407329	6	0
263.5	0	1.18151845505	4.61223603456	7	0
175.0	0	1.13499344685	4.20670159929	8	0
103.0	0	1.15463311418	3.84313740248	9	0
103.0	0	1.27010779025	5.78146115596	10	0
95.5	0	1.24906664557	4.9369354659	10	0
95.5	0	1.28092767137	5.42898411936	10	0
95.5	0	1.29334643012	4.86275038137	10	0
95.5	0	1.50610949279	5.28439542067	10	0
71.5	0	1.56524705214	4.52578801307	10	0
95.5	0	1.55241451179	3.58778817071	11	0
95.5	0	1.55983343506	2.28980848578	11	0
95.5	0	1.65374687009	1.96641804567	11	0
71.5	0	1.73871585704	0.754574127025	11	0
95.5	0	1.82341449984	1.70380596012	11	0
95.5	0	1.77837462788	1.23967811704	11	0
95.5	0	1.71916412807	0.925956942306	11	0
95.5	0	1.68137273394	0.775187609969	11	0
95.5	0	1.6806927164	1.19534832082	11	0
71.5	0	1.71299980958	0.527111624213	11	0
35.5	0	1.55322554328	0.119289469408	11	0
35.5	0	1.34213252034	1.62233769856	12	0
-18.5	0	1.29741791536	2.14184593806	13	0
-18.5	0	1.29413560261	2.29378325441	13	0
-18.5	0	1.20212455985	1.84449658364	13	0
-18.5	0	1.19710610465	1.58698241495	13	0
-83.0	0	1.14142957345	2.21628355267	13	0
-18.5	0	1.17086199271	2.17267155961	13	0
-18.5	0	1.17261923055	0.654465522939	13	0
-92.0	0	1.2383286911	1.62199586084	13	0
-141.5	0	1.13235266109	1.53623975131	13	0
-141.5	0	1.05150183255	1.71216708962	13	0
-167.0	0	1.09145993483	1.2941432907	13	0
-167.0	0	1.10987045291	0.636799508287	13	0
-141.5	0	0.966703979215	0.19029461448	13	0
-141.5	0	1.10849203601	1.70915815888	13	0
-167.0	0	1.02370059313	2.53820347262	13	0
-167.0	0	1.05195588427	2.65131499818	13	0
-167.0	0	1.20987975595	3.68860798658	12	0
-183.5	0	1.06481639307	3.94196054422	12	0
-183.5	0	1.18729021618	4.59108906862	12	0
-183.5	0	1.21421574541	4.79149695485	12	0
-183.5	0	1.21481716625	4.57453822881	12	0
-156.5	0	1.26647251783	5.1202102829	12	0
-165.5	0	1.18664852861	3.97502843587	12	0
-188.0	0	1.10890251547	5.32309069562	12	0
-188.0	0	1.07680899772	4.88730211658	12	0
-165.5	0	1.00624666029	6.3671764654	12	0
-140.0	0	0.932748900769	6.72329558643	12	0
-165.5	0	0.880024311837	8.32565584669	13	0
-165.5	0	0.795502219602	8.39734466847	14	0
-188.0	0	0.802570313859	9.57883901445	14	0
-188.0	0	0.687161209451	8.82723473531	14	0
-165.5	0	0.621332088071	8.91364968682	14	0
-165.5	0	0.561738638892	7.96535172255	14	0
-188.0	0	0.590373562774	8.01881472181	14	0
-165.5	0	0.642747386323	7.80420247525	14	0
-132.5	0	0.647515186047	7.31294071343	15	0
-60.5	0	0.507707277725	6.11606148802	16	0
-60.5	0	0.401833403235	4.4618307323	17	0
-60.5	0	0.432126297639	3.8685492513	18	0
4.0	0	0.530096628832	2.36916495209	18	0
19.0	0	0.431269341575	1.27330315076	18	0
4.0	0	0.357659674215	0.293006436819	18	0
-60.5	0	0.434857607728	0.974605513147	18	0
-60.5	0	0.361138724731	0.408553171663	18	0
-60.5	0	0.37365063314	1.35018588148	18	0
-132.5	0	0.372647564038	0.0171447477432	18	0
-132.5	0	0.380759698258	1.19557195958	18	0
-60.5	0	0.396788571951	1.60982636117	18	0
-60.5	0	0.532969722361	1.57528598571	18	0
4.0	0	0.537687547378	0.709860347411	18	0
19.0	0	0.478311808957	0.846701013915	18	0
38.5	0	0.351374575733	1.93390324418	18	0
19.0	0	0.391787180865	0.938373288989	18	0
38.5	0	0.354766822608	1.03402894602	18	0
38.5	0	0.415186150685	0.0973341076896	18	0
38.5	0	0.38304137217	0.402588514975	18	0
19.0	0	0.358496697763	0.0555259331714	18	0
19.0	0	0.347526225486	1.5019174401	18	0
4.0	0	0.293560884612	1.022057651	18	0
-30.5	0	0.290235649933	1.54854256833	18	0
4.0	0	0.349900487429	0.744759429985	18	0
4.0	0	0.376760945367	0.906641142845	17	0
19.0	0	0.491087318625	0.145890538276	16	0
41.5	0	0.602993022998	0.564076024574	16	0
41.5	0	0.636907067581	0.863808624298	16	0
41.5	0	0.674682234332	2.21743364174	16	0
19.0	0	0.560507877211	3.26822896597	16	0
41.5	0	0.554493457343	6.12010262845	16	0
19.0	0	0.583814675741	7.23632030913	16	0
19.0	0	0.526475650651	9.10532102848	15	0
4.0	0	0.653494818513	8.76993097203	14	0
-30.5	0	0.555638283361	8.94734538921	13	0
-21.5	0	0.54212109582	9.1199553833	13	0
-21.5	0	0.563265251116	9.87908632948	14	0
-90.5	0	0.532267936219	10.0111474296	15	0
-90.5	0	0.566891430754	10.2066629452	16	0
-90.5	0	0.7731936413	9.27695511568	17	0
-90.5	0	0.79625751842	6.71289744431	17	0
38.5	0	0.866566515259	5.91576191918	17	0
38.5	0	0.868432396695	6.48540275709	17	0
38.5	0	0.934087270686	6.21285957001	17	0
38.5	0	1.08335489898	5.64309991803	17	0
38.5	0	0.971347543662	6.10493360497	17	0
-90.5	0	1.06008160834	4.89482595665	18	0
38.5	0	1.10098651331	4.29998381727	19	0
136.0	0	1.14069946319	4.48147369054	20	0
115.0	0	1.12951009704	5.47728424876	21	0
115.0	0	0.94910942971	6.78719419033	22	0
115.0	0	0.883033371923	6.59065774407	23	0
68.5	0	0.948638032252	6.63729932777	24	0
17.5	0	1.00475136746	6.09125000887	25	0
-27.5	0	0.991004453122	6.65838365449	26	0
17.5	0	1.11171278901	5.73642404431	27	0
-27.5	0	1.0631076587	5.91656669872	28	0
17.5	0	1.08553290125	5.77002235491	29	0
68.5	0	1.03246111135	5.55805229073	29	0
119.5	0	1.03004463645	5.28252429959	29	0
184.0	0	1.12415144485	3.99492577449	29	0
253.0	0	1.18233904981	4.77479775371	29	0
281.5	0	1.20985383676	3.99764930118	29	0
253.0	0	1.21084056693	4.48153709164	29	0
184.0	0	1.19931145979	4.47209551456	29	0
184.0	0	1.08357729268	5.33808860848	29	0
119.5	0	1.03463097933	5.9199759125	29	0
68.5	0	0.985006941393	6.02199731476	29	0
68.5	0	0.970631661785	5.40940954078	29	0
119.5	0	1.11211738334	4.0791103646	28	0
119.5	0	1.1272853997	1.78388202043	27	0
182.5	0	1.21459719518	0.124884057313	26	0
208.0	0	1.24646481339	1.28005586607	25	0
208.0	0	1.30424691728	1.61510323819	26	0
208.0	0	1.28507858557	1.96321716048	27	0
208.0	0	1.27075755091	0.909540908773	27	0
208.0	0	1.1244354975	2.00495899532	27	0
208.0	0	1.15568183041	2.29312343952	27	0
191.5	0	1.08527910838	2.64529712612	27	0
166.0	0	1.03209653336	2.16214571312	27	0
191.5	0	1.02545667438	0.604217491611	26	0
166.0	0	0.952984801504	0.18387765963	25	0
119.5	0	0.940550926669	0.243186396151	24	0
119.5	0	0.826564017963	0.146020061136	23	0
164.5	0	0.796166274881	0.0147540732523	22	0
188.5	0	0.915446046802	0.402862920164	21	0
188.5	0	0.87322050179	0.232790236651	20	0
164.5	0	0.796959842171	1.15908374039	19	0
119.5	0	0.780207612013	1.64310285554	18	0
91.0	0	0.853371774374	1.75185409667	17	0
17.5	0	1.00715591226	0.376593477148	16	0
68.5	0	1.07394328546	1.0550572833	16	0
164.5	0	1.10729745753	2.63069396178	16	0
188.5	0	0.911782145576	1.90516819635	16	0
188.5	0	0.999933961172	1.89029878178	16	0
191.5	0	0.946534596647	1.71324006251	16	0
208.0	0	0.967547627052	2.49675461499	16	0
191.5	0	0.985612913135	2.89595521477	16	0
188.5	0	1.09092440802	3.74893272844	16	0
131.5	0	0.955619582315	1.50683581342	16	0
131.5	0	0.943930522518	1.17271379487	16	0
80.5	0	0.983261987486	0.970089282741	16	0
41.5	0	0.954396323943	0.90700532416	16	0
80.5	0	0.939456595206	0.973161234601	16	0
107.5	0	0.987502230013	1.60428345464	16	0
107.5	0	1.0667507165	2.91453770908	16	0
107.5	0	1.02574119591	3.49133991881	15	0
107.5	0	1.07579674722	2.99613276373	14	0
107.5	0	1.05550215847	2.90787540508	13	0
107.5	0	0.969167560233	1.29451601983	12	0
80.5	0	1.05207058443	0.539249928331	12	0
41.5	0	0.97339925245	0.0323497687243	12	0
41.5	0	0.894939131338	0.0593690160104	12	0
41.5	0	0.837493411744	0.518312714877	12	0
41.5	0	0.848324905079	0.139698466565	12	0
41.5	0	0.868994121701	1.87963739367	12	0
77.5	0	0.989943188755	1.98841439122	12	0
82.0	0	1.06998830402	2.57833871445	12	0
107.5	0	1.14039102604	2.22616502785	12	0
107.5	0	1.0822821529	1.83122767342	12	0
107.5	0	1.10140071355	2.30886398797	12	0
107.5	0	1.12047191244	1.4020483198	12	0
107.5	0	1.04744343391	0.466399711103	13	0
82.0	0	1.16930452159	0.21081126654	14	0
77.5	0	1.12727302077	0.384004729529	15	0
41.5	0	1.07230672121	1.3083299114	15	0
77.5	0	1.10894179742	2.04257216427	15	0
77.5	0	1.09985067807	3.44114907592	16	0
77.5	0	1.13912372551	0.75358779192	16	0
77.5	0	1.06994564172	0.896095418287	16	0
77.5	0	1.07437156943	2.6404900324	16	0
77.5	0	0.996653629878	3.06567840286	16	0
46.0	0	0.786854551074	3.97666842639	16	0
46.0	0	0.903811193731	3.9865114567	16	0
46.0	0	0.914350033318	3.51691208505	16	0
46.0	0	0.930346535561	3.09997392442	16	0
46.0	0	1.04063370287	3.79109487471	16	0
77.5	0	1.02937409821	4.03898084858	16	0
82.0	0	0.914176488946	6.13472880402	16	0
82.0	0	1.00374301233	4.92758483024	16	0
82.0	0	0.887719104181	5.33280077232	16	0
65.5	0	0.855565680055	5.28291659584	16	0
65.5	0	0.704614187295	6.37293900049	16	0
34.0	0	0.641436384385	6.89349115128	16	0
34.0	0	0.575902395742	7.77333148758	16	0
34.0	0	0.514189597151	8.80740642005	16	0
34.0	0	0.570613621907	9.35794733147	16	0
56.5	0	0.533981372856	9.33328100315	16	0
56.5	0	0.44844503901	10.5241635936	16	0
34.0	0	0.496322499262	10.2494421944	16	0
56.5	0	0.415206662676	10.4022405072	16	0
56.5	0	0.388508603075	11.2377126163	16	0
56.5	0	0.441104063809	12.0597522338	16	0
70.0	0	0.447572835066	11.6224710805	16	0
56.5	0	0.56994571263	11.2728114847	16	0
34.0	0	0.50967271822	12.3222414721	16	0
-17.0	0	0.474744200144	12.4626197534	16	0
-17.0	0	0.364053593088	14.2957603203	15	0
-17.0	0	0.360952618412	13.2324099006	14	0
-17.0	0	0.385344225835	13.7558221901	13	0
-54.5	0	0.404137869882	14.8100646881	12	0
-54.5	0	0.368065011533	14.5182926083	11	0
-17.0	0	0.442365457554	13.676345522	10	0
-15.5	0	0.484617646345	12.9665100114	10	0
34.0	0	0.377372628552	12.4086399656	10	0
56.5	0	0.410735277412	11.3852873087	10	0
34.0	0	0.456763566905	9.5345159636	10	0
34.0	0	0.560564903023	8.85976394482	10	0
8.5	0	0.527181490537	9.03082253618	10	0
8.5	0	0.373677120652	8.25876314675	11	0
8.5	0	0.351065110858	7.68027071396	12	0
8.5	0	0.386862270538	7.53275081975	13	0
56.5	0	0.596941247435	7.18269330079	13	0
56.5	0	0.63119710255	6.38420252392	13	0
86.5	0	0.564061770185	7.08292329959	13	0
86.5	0	0.564127566476	6.69232271877	13	0
56.5	0	0.5113019777	6.3053490172	13	0
56.5	0	0.521003888344	6.26078575516	13	0
8.5	0	0.555007941267	5.32170183216	13	0
56.5	0	0.641564599191	4.67677091097	13	0
56.5	0	0.741319343979	4.94957697233	13	0
86.5	0	0.778947212732	4.1600728134	13	0
103.0	0	0.942198377753	3.16324045911	13	0
137.5	0	0.985138148391	2.01751240102	13	0
103.0	0	0.943627604651	2.12015558738	13	0
103.0	0	0.972195257181	2.14637320251	14	0
137.5	0	0.961816776495	2.79872529033	15	0
172.0	0	0.962272697344	2.48948547719	16	0
172.0	0	1.07850801667	0.597107709356	16	0
199.0	0	1.07041230116	0.158816430208	16	0
172.0	0	1.06526307746	0.629924923327	16	0
199.0	0	1.09328190692	1.08986173755	16	0
172.0	0	0.974007569098	0.647908777097	16	0
137.5	0	1.00028536039	0.647908777097	16	0
137.5	0	0.972912100748	0.203915377972	16	0
137.5	0	0.984198507967	0.442914945739	16	0
137.5	0	0.93048741031	1.7810222909	16	0
128.5	0	0.987323332125	0.487985437744	16	0
88.0	0	0.932978642972	0.368964193052	16	0
88.0	0	0.924953424986	0.903911477006	16	0
128.5	0	0.93621927534	1.94527968351	16	0
128.5	0	1.02214822648	2.7860913626	16	0
128.5	0	0.998652160278	3.05114695921	16	0
128.5	0	0.946084186631	3.69931236342	16	0
128.5	0	0.934105902518	3.69160041238	16	0
88.0	0	0.854441469143	2.62744243956	16	0
106.0	0	0.777237342774	1.81146828351	16	0
140.5	0	0.767672638657	1.91693220495	16	0
140.5	0	0.724031409169	0.555097128342	16	0
140.5	0	0.782192414103	0.331421516321	16	0
140.5	0	0.828941169191	1.82350341931	16	0
140.5	0	0.92578184152	2.43324726389	16	0
149.5	0	0.901352099441	2.7125599095	16	0
149.5	0	0.86532565928	2.23738992142	16	0
149.5	0	0.861221890836	1.97459608745	16	0
110.5	0	0.846897254249	1.42581545963	16	0
110.5	0	0.840312526137	0.630906925729	16	0
110.5	0	0.684387284224	1.27322580922	16	0
149.5	0	0.700583944756	1.20493626544	16	0
149.5	0	0.586566381622	2.10137039987	16	0
110.5	0	0.633995510193	2.14436912505	15	0
110.5	0	0.558321488053	2.94117009494	14	0
110.5	0	0.516495513217	3.18528532524	13	0
110.5	0	0.399992113019	4.01127287681	14	0
149.5	0	0.446218320326	2.96234912197	14	0
110.5	0	0.485601027118	2.0400194408	14	0
92.5	0	0.510936256055	1.90997539715	14	0
82.0	0	0.465036116568	1.93333233645	14	0
82.0	0	0.470028821842	3.23332653298	14	0
67.0	0	0.343839530081	3.14378801112	14	0
82.0	0	0.298359859662	4.21614045766	14	0
67.0	0	0.205165549244	4.53502200025	14	0
67.0	0	0.333210092645	4.64469583073	14	0
82.0	0	0.349520132599	3.90939991486	14	0
82.0	0	0.317228602694	3.51474668825	14	0
92.5	0	0.373903297612	2.51007483776	14	0
110.5	0	0.445577720818	2.21882624207	14	0
110.5	0	0.430276511852	3.0868761431	13	0
110.5	0	0.409397320359	3.76055258142	12	0
121.0	0	0.455440036052	3.18716525904	11	0
110.5	0	0.473159882033	2.6648071374	10	0
110.5	0	0.442500456546	2.85723641683	11	0
44.5	0	0.441504830776	3.26643845338	12	0
44.5	0	0.459315906806	4.82520152269	13	0
-24.5	0	0.505073781065	5.26652444717	14	0
44.5	0	0.574534696073	4.75197993589	15	0
-24.5	0	0.539438043107	4.28841986718	16	0
-24.5	0	0.568197932108	4.88379302553	17	0
-24.5	0	0.685660429563	3.66866664717	18	0
-24.5	0	0.784850370137	3.9252084592	18	0
-24.5	0	0.757533015198	5.1448374314	18	0
-36.5	0	0.733757916423	6.15098582277	18	0
-41.0	0	0.761275376419	6.04727256933	18	0
-54.5	0	0.794843518085	6.66176075687	18	0
-74.0	0	0.739128818465	5.99870788675	18	0
-128.0	0	0.650667268194	5.76364984059	18	0
-74.0	0	0.63087827967	4.21651843398	18	0
-126.5	0	0.7378138698	4.226250882	18	0
-126.5	0	0.721832160224	4.70884578963	19	0
-126.5	0	0.795879082735	4.2153556654	19	0
-126.5	0	0.736508172003	3.49861701687	19	0
-171.5	0	0.696957106112	3.4958611566	19	0
-195.5	0	0.737455162442	3.27926151485	19	0
-195.5	0	0.8844973367	3.70404785878	19	0
-228.5	0	0.883354370546	5.49948133718	19	0
-195.5	0	0.892317892574	6.1543741039	19	0
-195.5	0	0.822432107616	5.93731102061	19	0
-195.5	0	0.976443690879	4.45109511889	19	0
-228.5	0	0.82065057204	5.0925166962	19	0
-228.5	0	0.960342359334	5.71233849424	19	0
-240.5	0	1.00664092665	6.26062327476	19	0
-251.0	0	1.09496747282	7.2386706908	19	0
-251.0	0	1.13556679237	6.72270711119	19	0
-263.0	0	1.18369198056	5.95020810711	19	0
-281.0	0	1.18390989178	6.71955063722	19	0
-297.5	0	1.1766427053	6.53557193055	20	0
-297.5	0	1.22033021515	5.56147097166	21	0
-281.0	0	1.20656506149	5.65059038712	21	0
-297.5	0	1.13836823572	5.32773514004	21	0
-300.5	0	1.09168786849	6.25646184186	21	0
-297.5	0	1.0631683164	6.81732119405	21	0
-278.0	0	1.09947505674	7.15405274115	21	0
-278.0	0	1.11919523989	7.51632948369	22	0
-278.0	0	1.04942411452	7.85686839317	23	0
-251.0	0	1.12165062682	6.97219393739	24	0
-251.0	0	1.10189548791	6.37917626684	24	0
-240.5	0	1.17171475836	6.50309692755	24	0
-240.5	0	1.12798605821	6.16543942821	24	0
-251.0	0	1.04377980126	6.15294152884	24	0
-240.5	0	1.07203684568	5.33277752149	24	0
-237.5	0	1.07011965822	5.59278098496	24	0
-237.5	0	0.940194904339	6.90821398617	24	0
-233.0	0	0.773797032724	8.33361430813	24	0
-233.0	0	0.764444810189	8.47136588022	24	0
-225.5	0	0.806915197301	9.13478403619	24	0
-194.0	0	0.863563082316	9.26952210191	24	0
-197.0	0	0.830128292758	9.66125313504	24	0
-197.0	0	0.857070746454	8.96730054591	24	0
-225.5	0	0.829057450151	7.84998834295	24	0
-225.5	0	0.844228601054	7.32471680685	23	0
-204.5	0	0.838350607845	7.93764267641	22	0
-140.0	0	0.744834412295	8.3544846732	22	0
-32.0	0	0.697533297945	8.81483787473	22	0
-78.5	0	0.645574306652	8.76125576716	22	0
-47.0	0	0.686040144707	6.61437489414	22	0
-47.0	0	0.591105339535	7.57795569082	22	0
-0.5	0	0.699522830392	6.61884389269	22	0
-47.0	0	0.689311562099	6.95464909643	22	0
-35.0	0	0.84144929468	4.9911690911	21	0
-47.0	0	0.877933030423	4.07862520238	20	0
-35.0	0	0.937196305205	2.26109343813	19	0
-35.0	0	0.968470023484	0.393931008126	19	0
-35.0	0	0.951007200396	0.480693755225	19	0
5.5	0	0.823701081823	0.363685705403	19	0
5.5	0	0.891606602983	1.44570502642	19	0
103.0	0	0.879861880923	1.6555149664	19	0
103.0	0	0.732304201383	2.10719138336	19	0
5.5	0	0.74804090465	2.56808497603	19	0
103.0	0	0.844292776806	2.78918421873	19	0
193.0	0	0.897354019506	3.90404786617	19	0
244.0	0	0.867669642259	4.7223304687	20	0
317.5	0	0.860885574382	5.61246823851	21	0
317.5	0	0.886792626658	6.41471737528	21	0
317.5	0	0.981804105579	6.57450647654	21	0
244.0	0	0.986907867202	5.8958126579	21	0
244.0	0	0.998161918414	5.46583161815	21	0
193.0	0	1.13686257263	6.4369845133	21	0
238.0	0	1.13772901719	6.81458037858	21	0
262.0	0	1.15758281564	7.00174119577	21	0
238.0	0	1.13162898338	7.09369564277	21	0
238.0	0	1.16207527555	6.80218095412	20	0
238.0	0	1.1200584201	7.74683378041	20	0
238.0	0	1.26248000518	8.87942818977	20	0
250.0	0	1.28002430112	10.0575183933	20	0
274.0	0	1.32907081987	10.9412082933	21	0
274.0	0	1.25512305317	10.997674636	22	0
274.0	0	1.27512719334	12.2531583005	23	0
274.0	0	1.27159807696	11.7414018416	24	0
340.0	0	1.3242314807	11.0724683978	25	0
340.0	0	1.21932085989	10.5810908589	25	0
274.0	0	1.2285705381	10.6844033353	25	0
250.0	0	1.34090428482	11.0654034962	25	0
205.0	0	1.3991632962	11.3474477795	25	0
205.0	0	1.29857059723	11.1372269021	25	0
205.0	0	1.17933579201	9.00436655986	25	0
205.0	0	1.25318483949	10.6616505127	25	0
205.0	0	1.23106775604	9.97689818003	24	0
205.0	0	1.20438947002	9.51752945343	23	0
205.0	0	1.05298933917	8.44758933871	22	0
250.0	0	1.02924614563	8.88480085012	21	0
205.0	0	0.992316958223	8.30398956589	20	0
205.0	0	0.961244863315	8.23057518429	19	0
163.0	0	0.966548961025	8.02366033552	18	0
89.5	0	1.03812926742	7.20280273848	17	0
89.5	0	0.998144765191	5.76810131016	16	0
1.0	0	0.996909948531	4.7081276273	17	0
1.0	0	1.11721670687	4.27343209283	18	0
89.5	0	1.0903052802	3.91932028076	18	0
1.0	0	1.09986372004	2.94273975989	18	0
-26.0	0	1.06549232666	2.34015678592	18	0
-26.0	0	1.04148167796	1.1203426682	18	0
-66.5	0	1.04409564854	1.67524863677	18	0
-123.5	0	1.0494083716	1.85454442828	18	0
-66.5	0	1.04599087074	3.00512833765	18	0
-26.0	0	1.09380790923	4.1390610432	18	0
-66.5	0	1.13781274557	4.28017190352	18	0
-26.0	0	0.980870214876	3.13635912722	18	0
-66.5	0	0.898467134429	3.26626905384	18	0
-105.5	0	0.92205529498	2.00545627773	18	0
-105.5	0	0.955062520779	2.05300149651	18	0
-105.5	0	0.937296357577	2.61561671011	17	0
-66.5	0	1.0497737078	2.92235802668	16	0
-66.5	0	1.06419192808	3.28135861064	15	0
-66.5	0	1.10123945608	3.12220471204	14	0
-66.5	0	1.01576493949	2.8040354551	14	0
-105.5	0	1.09330407309	2.72436919711	14	0
-66.5	0	1.08882437917	2.57122683474	14	0
-66.5	0	1.07111267268	2.78837442892	15	0
-105.5	0	1.06138946646	3.87564985649	16	0
-66.5	0	1.15249673943	4.70567679868	17	0
-66.5	0	1.15811933518	4.92943658023	18	0
-62.0	0	1.16812530052	5.66570324669	18	0
-62.0	0	1.15414135691	6.1729993654	18	0
-35.0	0	1.27928967716	6.48338197912	18	0
-35.0	0	1.38517941698	7.59288971179	18	0
-35.0	0	1.40214297214	7.73010366693	18	0
-62.0	0	1.38054161805	7.27470236258	18	0
-62.0	0	1.2706284865	6.17740203994	18	0
-35.0	0	1.31785407961	5.16128460377	17	0
-62.0	0	1.14889433486	2.98623722577	16	0
-35.0	0	1.17167162066	3.68328091049	15	0
-35.0	0	1.17019858403	3.72242048301	14	0
-35.0	0	1.2044491558	2.28682294256	14	0
-35.0	0	1.22274184928	1.58957918982	14	0
-35.0	0	1.28682107757	1.61880810713	14	0
-62.0	0	1.0916091657	1.74518379864	14	0
-93.5	0	1.16168693754	1.01304748867	14	0
-93.5	0	1.17699868475	0.479129465479	14	0
-101.0	0	1.2436837558	0.529494884024	14	0
-101.0	0	1.23398175671	0.213883113155	14	0
-101.0	0	1.29766231024	1.29182707293	14	0
-62.0	0	1.31528098687	0.437525931815	14	0
-62.0	0	1.32644738622	0.730849061201	14	0
-101.0	0	1.26478115886	0.197463223721	14	0
-101.0	0	1.24524586711	0.274205389534	14	0
-62.0	0	1.18447267015	0.075214615159	14	0
-62.0	0	1.18540486002	0.00210159454233	14	0
-27.5	0	1.2589476592	0.93349006491	14	0
-27.5	0	1.27370626998	0.850560783352	14	0
-62.0	0	1.27154230504	0.250031074096	14	0
-125.0	0	1.24496358327	0.96629459876	14	0
-125.0	0	1.2643094444	1.93022251267	14	0
-125.0	0	1.200056774	0.76351562896	13	0
-125.0	0	1.09296497354	0.467103137627	12	0
-167.0	0	1.15796245061	0.554684333573	11	0
-167.0	0	1.25136558994	0.179855667003	10	0
-167.0	0	1.3131781407	0.324816001647	10	0
-167.0	0	1.38331545174	0.341161668305	10	0
-167.0	0	1.37854765201	1.41339511936	10	0
-173.0	0	1.3708624104	1.78814144194	11	0
-203.0	0	1.33597592065	0.159640476152	12	0
-203.0	0	1.3577360682	0.494085775689	13	0
-203.0	0	1.24693075794	0.709197019055	14	0
-203.0	0	1.24371125936	0.0746131148149	15	0
-173.0	0	1.24368386902	1.21061578531	16	0
-173.0	0	1.19000491727	0.476245455803	17	0
-167.0	0	1.21025509519	1.20529514931	18	0
-167.0	0	1.25781146489	2.24197435328	18	0
-173.0	0	1.31283011599	4.20092477174	18	0
-167.0	0	1.39772148228	4.54839626194	18	0
-167.0	0	1.41812019549	4.81353148244	18	0
-155.0	0	1.38744520295	3.04020530515	18	0
-155.0	0	1.26960277715	3.45346002142	18	0
-117.5	0	1.1969018498	4.48972081135	18	0
-33.5	0	1.1212171689	4.70948976982	18	0
34.0	0	1.34334284842	5.23752003298	18	0
34.0	0	1.23934417866	5.65262025817	19	0
34.0	0	1.26281853676	7.04556848308	20	0
34.0	0	1.1657373076	6.53818352589	21	0
49.0	0	1.15880114255	7.01737314428	22	0
49.0	0	1.11723400101	5.64550309101	23	0
49.0	0	1.04060334709	5.17673594147	24	0
49.0	0	0.97891059795	3.62747901731	25	0
49.0	0	1.01451629771	3.26024865996	26	0
34.0	0	0.839607094441	2.25318539903	27	0
34.0	0	0.741943429459	1.74537516151	28	0
-33.5	0	0.622644559868	1.31845228625	29	0
-114.5	0	0.630538855977	1.82128031012	30	0
-114.5	0	0.458493252736	0.880451401294	31	0
-33.5	0	0.479464271032	0.982656257465	32	0
-33.5	0	0.453313831513	0.709314852215	32	0
-33.5	0	0.484507697011	0.915846419564	32	0
-38.0	0	0.471011578755	0.303211142108	32	0
14.5	0	0.563005335773	2.02853646786	32	0
34.0	0	0.593468129369	2.0778583198	31	0
34.0	0	0.632449117068	1.76971404224	30	0
34.0	0	0.644508958869	1.951007386	29	0
14.5	0	0.618691047237	1.94301914533	28	0
14.5	0	0.638218737595	3.16965167329	27	0
34.0	0	0.533186953806	2.92400802415	26	0
34.0	0	0.501561919938	0.883275880156	25	0
14.5	0	0.547931121068	1.82424815196	24	0
14.5	0	0.582849578093	0.793340058643	24	0
-20.0	0	0.589676679654	1.23792625602	24	0
-60.5	0	0.589491972686	1.10877094571	24	0
-87.5	0	0.591249061506	1.70211467071	24	0
-87.5	0	0.56760591766	1.9794789942	24	0
-87.5	0	0.581057924024	2.16048574744	24	0
-78.5	0	0.658443167532	2.09827536005	25	0
-95.0	0	0.68061135585	2.8446143705	26	0
-95.0	0	0.499814195251	1.36885092598	27	0
-95.0	0	0.461712337513	2.13461444052	27	0
-78.5	0	0.522472609725	2.7246370701	26	0
-78.5	0	0.552090334745	2.69765517274	25	0
-78.5	0	0.591778060493	2.82865890222	24	0
-78.5	0	0.570476719334	3.4244824264	23	0
-60.5	0	0.544108287022	2.53386038239	22	0
-60.5	0	0.565360379969	1.60009324183	21	0
-60.5	0	0.638207780681	2.37523830101	20	0
-60.5	0	0.634247285327	2.27428490352	19	0
-60.5	0	0.529388681046	2.51079974627	18	0
-60.5	0	0.571426600327	2.9901014784	17	0
-60.5	0	0.62818941796	4.58461428589	16	0
-60.5	0	0.673112231254	4.79052103526	15	0
-29.0	0	0.747175192742	4.954508504	14	0
-60.5	0	0.827858181255	5.67408583382	14	0
-60.5	0	0.990154820192	6.33916948928	14	0
-29.0	0	1.02264637657	6.39835576062	14	0
-6.5	0	1.11530386499	6.4759586446	15	0
-6.5	0	1.11320692397	6.96074201167	16	0
-6.5	0	1.19493451572	7.81790630897	17	0
-6.5	0	1.17289781278	7.41780743212	17	0
-29.0	0	1.25771550473	7.16566492321	17	0
-29.0	0	1.21487551615	5.89497667103	17	0
-29.0	0	1.23315004982	6.13507956444	17	0
-6.5	0	1.12838002803	5.45654880075	17	0
47.5	0	0.901822437114	4.31809999233	17	0
112.0	0	0.741787740723	3.36710956982	17	0
112.0	0	0.759386359689	3.38370160081	17	0
91.0	0	0.911029470808	4.4714704857	17	0
112.0	0	1.08224799905	5.450675576	17	0
112.0	0	1.03702341796	3.38476790393	17	0
124.0	0	1.12415285487	4.51323049589	17	0
124.0	0	1.12904020345	4.67399650856	16	0
137.5	0	1.19214648141	4.80451789225	16	0
196.0	0	1.17720804386	3.80627738597	16	0
236.5	0	1.15725325441	2.70732371678	16	0
236.5	0	1.14427563614	2.8323004884	16	0
236.5	0	1.09467985388	1.61813380915	16	0
236.5	0	1.02155507612	2.10906398731	16	0
236.5	0	1.06568591937	3.03667258242	16	0
265.0	0	1.18166398692	4.23810220752	16	0
290.5	0	1.10529741282	4.56931309959	16	0
290.5	0	1.10575870894	4.86580431744	16	0
290.5	0	1.08506383756	4.39411713997	16	0
260.5	0	1.08603906932	4.685939982	17	0
260.5	0	1.0851368413	5.61305870611	18	0
260.5	0	1.10125919425	6.40294238946	19	0
290.5	0	1.03103222304	6.19028291631	19	0
290.5	0	1.03383192503	5.40934814705	19	0
260.5	0	1.10515978316	4.15160896556	19	0
178.0	0	1.11040051308	4.53032692404	19	0
178.0	0	1.04377071818	2.45561797408	19	0
178.0	0	0.970500826156	2.14272775068	19	0
103.0	0	1.10102307537	2.25350426335	19	0
103.0	0	1.12345606942	2.34125473572	19	0
103.0	0	1.01201530005	2.52812439032	19	0
82.0	0	1.00285904732	2.19890130703	19	0
82.0	0	1.05714874473	2.68990883733	19	0
80.5	0	1.06104372071	2.11492769556	19	0
80.5	0	1.02531576299	2.55227923613	20	0
47.5	0	0.959510124429	1.98178605337	21	0
80.5	0	0.754698870839	0.451204180982	22	0
80.5	0	0.705564981223	1.50689006754	22	0
47.5	0	0.692015810257	1.33430589023	22	0
47.5	0	0.574880079774	0.639263822241	22	0
34.0	0	0.712187710631	0.797641420863	22	0
34.0	0	0.769971270334	1.65442752186	22	0
34.0	0	0.796427896322	2.19618389901	22	0
11.5	0	0.761808028775	1.68982812023	22	0
-3.5	0	0.732471224468	2.01392942315	22	0
11.5	0	0.721269238017	3.56420818206	22	0
11.5	0	0.733375442	4.64525224225	22	0
11.5	0	0.730366044792	4.460236733	22	0
-3.5	0	0.67050076261	2.54873193466	22	0
-23.0	0	0.654081748127	2.6385228521	22	0
-23.0	0	0.667601887797	3.45606040234	22	0
-23.0	0	0.718911102253	3.60400393292	21	0
-3.5	0	0.66282106569	3.9873502774	21	0
11.5	0	0.768751960037	3.86539545119	21	0
-3.5	0	0.866733363659	3.59776459835	21	0
-23.0	0	0.877222523052	3.59201276254	21	0
-23.0	0	0.960495834597	3.46214176496	21	0
-35.0	0	1.03587474823	3.28757356838	21	0
-54.5	0	1.02485648362	3.86352915698	21	0
-54.5	0	0.980119661539	2.14163450588	21	0
-54.5	0	1.04176814857	2.199734741	21	0
-57.5	0	0.966303128796	2.03460546972	21	0
-57.5	0	1.0008553493	1.83687219553	21	0
-74.0	0	0.971206166828	2.72216946394	21	0
-57.5	0	1.00932370485	4.22829321928	21	0
-41.0	0	0.899425312399	3.68883217309	21	0
-41.0	0	0.914169720794	5.08846313711	20	0
-26.0	0	0.93578112678	5.02407904758	19	0
-15.5	0	0.875876202887	5.62322083818	18	0
-15.5	0	0.878320272659	5.62055221916	17	0
-41.0	0	1.00774439495	5.51797369436	17	0
-41.0	0	1.06751328867	5.8642448165	17	0
-41.0	0	1.19227071478	6.10543132784	17	0
-11.0	0	1.14623426262	6.08296646573	17	0
34.0	0	1.16633553525	6.23071226935	17	0
59.5	0	1.16997078454	6.83668010115	17	0
34.0	0	1.3587448936	7.59552518991	17	0
34.0	0	1.34433556574	6.99434756804	17	0
59.5	0	1.24998203172	5.84793007614	17	0
59.5	0	1.34128633869	6.53012833791	17	0
70.0	0	1.24402322432	6.92487744174	17	0
70.0	0	1.33138125603	6.67374397405	16	0
70.0	0	1.29374258156	6.07693102001	15	0
70.0	0	1.32759365755	5.86298941912	14	0
83.5	0	1.26009318104	5.24164502376	13	0
83.5	0	1.2977051045	5.07855278863	13	0
83.5	0	1.26411046845	4.69484106325	14	0
17.5	0	1.16500839434	4.27974264038	15	0
83.5	0	1.19904741402	5.1229862082	15	0
103.0	0	1.1959909614	4.61846637992	15	0
83.5	0	1.09984746376	3.44593180871	15	0
70.0	0	1.04165147234	2.54258081582	15	0
14.5	0	1.03830568609	2.40856144468	15	0
14.5	0	1.04037374513	2.53154240037	15	0
14.5	0	0.978130912715	1.8223716856	14	0
11.5	0	0.819876637268	0.162010206721	14	0
11.5	0	0.809373334519	0.366576220586	14	0
70.0	0	0.72339274142	0.590009494185	14	0
83.5	0	0.696100058191	0.868406266897	14	0
98.5	0	0.810515508213	0.43014159657	14	0
83.5	0	0.799064328214	0.847453256122	15	0
83.5	0	0.736560490766	0.0736135423333	15	0
83.5	0	0.706852116051	0.288148334028	15	0
83.5	0	0.779159079306	0.608204173247	15	0
70.0	0	0.8145412899	1.25490734779	15	0
4.0	0	0.971963036321	2.26786288612	15	0
11.5	0	1.14848809917	3.64929200394	15	0
11.5	0	1.21468897699	5.28112299085	15	0
-51.5	0	1.31725316157	5.02596295453	15	0
-51.5	0	1.35594614065	5.41448833272	15	0
11.5	0	1.32243016506	5.3639709823	15	0
11.5	0	1.1747928896	6.13554103365	15	0
11.5	0	0.962094032088	4.26014577402	15	0
-51.5	0	0.929374926055	3.19641778806	15	0
-63.5	0	0.867360704863	2.92307729725	15	0
-63.5	0	0.935443341866	3.0233082437	15	0
-51.5	0	0.964015839492	3.52415157372	15	0
-51.5	0	1.07953682221	4.16976652502	15	0
-63.5	0	1.08089978177	4.75398257193	15	0
-75.5	0	1.12225799756	4.81495404157	15	0
-75.5	0	1.25727752991	4.69667475961	14	0
-84.5	0	1.22432168605	2.78765067511	15	0
-84.5	0	1.24440503024	2.17309541139	16	0
-84.5	0	1.22156390664	0.998431122469	17	0
-90.5	0	1.3067023727	0.469657778616	18	0
-90.5	0	1.25289706602	1.1444097974	19	0
-84.5	0	1.31510422627	1.76193676427	20	0
-84.5	0	1.36965307119	2.95655913076	21	0
-90.5	0	1.30442569982	4.17984487642	22	0
-90.5	0	1.39242083108	3.72787918841	23	0
-90.5	0	1.49986815141	3.78063757671	24	0
-95.0	0	1.53308018873	2.94909136592	25	0
-120.5	0	1.56120889697	3.2595069994	26	0
-120.5	0	1.61811442044	3.85053343512	27	0
-134.0	0	1.60711175389	4.74875334729	28	0
-134.0	0	1.6888113583	4.44780442661	29	0
-224.0	0	1.71481085731	4.03904160943	30	0
-288.5	0	1.7074867186	5.27918809596	31	0
-303.5	0	1.77365792694	5.21208866839	32	0
-303.5	0	1.65001894693	6.83133941062	33	0
-303.5	0	1.64287771307	7.19550238883	33	0
-302.0	0	1.77244342584	7.08544923582	33	0
-302.0	0	1.78326381055	6.31785328976	33	0
-288.5	0	1.78288012575	5.9120545676	32	0
-302.0	0	1.73435425105	6.51877312304	31	0
-303.5	0	1.56008144286	7.95500117519	30	0
-303.5	0	1.42383313149	10.0824790664	30	0
-303.5	0	1.24224549848	11.362101752	30	0
-302.0	0	1.17408763424	11.0134781604	30	0
-288.5	0	1.15295269306	11.3875396235	30	0
-288.5	0	1.08210850277	10.961946083	29	0
-288.5	0	1.00179274924	11.3341528758	30	0
-288.5	0	1.09887627647	10.2512426467	30	0
-288.5	0	1.08290959305	9.56299878468	30	0
-251.0	0	1.02882486493	10.4302906617	29	0
-288.5	0	1.05089641034	10.6314849433	28	0
-288.5	0	0.968704503517	10.659294573	27	0
-288.5	0	0.940071563192	10.5559808939	26	0
-251.0	0	1.03332192161	9.81469276909	26	0
-288.5	0	1.06608131971	8.75561276569	26	0
-303.5	0	0.988324919627	7.13086167115	26	0
-288.5	0	1.04857987795	4.66569861827	26	0
-288.5	0	1.10692650986	3.69325655047	26	0
-288.5	0	0.960743318852	3.41234371455	25	0
-264.5	0	0.874902535704	2.52147836079	24	0
-240.5	0	0.884153487806	2.928607216	23	0
-264.5	0	0.857680664339	3.63381765857	22	0
-240.5	0	0.839328520465	4.10938032527	21	0
-167.0	0	0.816091156052	3.33851823228	20	0
-167.0	0	0.77536298394	3.93714024406	19	0
-98.0	0	0.736015845271	3.81096761632	18	0
-77.0	0	0.677323762585	5.32943017772	17	0
-53.0	0	0.701683511843	3.97180981519	16	0
-53.0	0	0.672083138093	2.939114517	15	0
-53.0	0	0.738640710479	2.06147670365	14	0
