orf_length_med	shannon_slope	at_skew	gc_skew	max_direction	status
-120.5	0	0.237357634569	8.39635220664	30	0
-120.5	0	0.233606014224	8.36972301116	29	0
-120.5	0	0.344271660285	8.19268618575	28	0
-93.5	0	0.211777727764	8.00542093994	27	0
-71.0	0	0.146532410693	7.13251105496	26	0
-44.0	0	0.238449389967	6.96171257227	25	0
-44.0	0	0.337940618488	6.110975926	24	0
-44.0	0	0.404607126092	5.04632240486	23	0
-44.0	0	0.334219863563	4.43676426569	22	0
-71.0	0	0.344851985999	5.31197627667	21	0
-98.0	0	0.325402828866	5.2742975252	20	0
-71.0	0	0.390484305592	3.72866097525	19	0
-44.0	0	0.314174789881	2.93767384135	18	0
-8.0	0	0.40298246433	1.49188268922	17	0
-8.0	0	0.443595533171	1.27060918095	16	0
-8.0	0	0.408890242688	2.40011029757	15	0
-8.0	0	0.336106414672	3.21275342764	14	0
37.0	0	0.446100926232	2.50746418303	14	0
110.5	0	0.556459473231	2.03235303903	14	0
110.5	0	0.57935918062	2.38100299257	14	0
53.5	0	0.67797974692	2.82815016377	14	0
53.5	0	0.847129150456	1.81543767153	14	0
95.5	0	0.884305310248	0.944405126694	14	0
95.5	0	0.921478819074	1.41332898932	14	0
95.5	0	0.965472467152	1.65904551866	14	0
146.5	0	0.91820566906	1.60471468621	14	0
146.5	0	0.85992135191	2.53606001303	14	0
167.5	0	0.991015974852	2.11722641677	13	0
167.5	0	0.997787915903	1.70194225155	12	0
226.0	0	0.912829018322	1.63316686188	12	0
226.0	0	1.04312815793	1.14138925438	12	0
226.0	0	1.0688745542	1.31224269924	12	0
167.5	0	0.95588021502	2.57319872091	12	0
146.5	0	0.914719051426	3.50537120019	11	0
146.5	0	0.76643631477	3.83988286924	10	0
167.5	0	0.816488957762	2.78425342416	9	0
167.5	0	0.941654892951	2.08233002587	8	0
167.5	0	0.983976420379	1.30689402501	7	0
167.5	0	0.85552577191	0.326055271745	8	0
226.0	0	0.862834963117	0.827539021586	9	0
226.0	0	0.837740895292	0.646598303514	10	0
293.5	0	0.843137963157	0.342906401397	11	0
226.0	0	0.890651736975	0.295241771559	12	0
241.0	0	1.07741631536	0.895757967141	13	0
167.5	0	1.16013233227	0.956078247091	14	0
146.5	0	1.15961730877	0.696010934758	15	0
125.5	0	1.15642003991	0.830007505674	16	0
125.5	0	1.04395737859	0.173849008509	17	0
146.5	0	1.09358760089	0.484399638996	18	0
146.5	0	1.07373520967	0.0490223610736	19	0
235.0	0	1.12202486372	0.322755384329	20	0
146.5	0	1.08267220275	0.709395078124	21	0
131.5	0	1.10241945997	0.0768839697064	21	0
125.5	0	1.03773100635	0.618767146292	21	0
125.5	0	0.984437424514	1.23736298189	21	0
125.5	0	1.02179353037	0.369153687108	21	0
125.5	0	1.0501019121	0.361008597733	21	0
109.0	0	0.891858711113	1.9179661108	21	0
97.0	0	0.801499334529	2.73461058937	22	0
109.0	0	0.829276769841	2.75956247158	23	0
109.0	0	0.761827061882	2.81750589912	24	0
109.0	0	0.698463877374	3.90113729263	25	0
97.0	0	0.628034531304	4.92070017078	26	0
97.0	0	0.60089756959	4.19456530773	27	0
97.0	0	0.559749577811	3.58711817017	28	0
97.0	0	0.530269803754	3.62422884127	29	0
82.0	0	0.474483648744	4.26373960107	30	0
52.0	0	0.365136787339	5.4501911716	31	0
19.0	0	0.341662594738	6.36988589836	32	0
-26.0	0	0.41029702967	6.94529901694	33	0
-56.0	0	0.324610504145	7.99750071046	34	0
-56.0	0	0.22588699776	9.0477459225	35	0
-89.0	0	0.204852157142	8.90196783855	36	0
-129.5	0	0.18494547642	8.98379718842	37	0
-129.5	0	0.348958982812	8.9358045729	38	0
-141.5	0	0.261695370299	10.1117524284	38	0
-152.0	0	0.182050198831	10.8001021015	38	0
-168.5	0	0.182394709279	11.3824049069	38	0
-203.0	0	0.262042880172	11.4771552914	38	0
-203.0	0	0.258087695469	12.1180472081	38	0
-236.0	0	0.270270282562	12.8476889159	38	0
-252.5	0	0.205033127954	13.0599466969	38	0
-252.5	0	0.131154864264	13.3035997948	38	0
-272.0	0	0.0757413758356	14.0689504849	38	0
-272.0	0	0.0394824715698	14.8021140765	38	0
-272.0	0	0.0139799248209	14.6671943133	38	0
-272.0	0	0.033763852191	15.7556630586	38	0
-272.0	0	0.0546240887612	16.3336280575	38	0
-284.0	0	0.0582678429274	16.6162644017	38	0
-287.0	0	0.111029184538	16.2397465698	37	0
-299.0	0	0.0981233409782	16.2027024291	36	0
-287.0	0	0.0995446754582	15.6439876902	37	0
-284.0	0	0.122479856554	16.4673688592	38	0
-272.0	0	0.147783063412	16.4494656747	39	0
-284.0	0	0.212480949615	15.8773988373	39	0
-284.0	0	0.233362593056	15.8178555318	39	0
-296.0	0	0.225461231393	15.6313626951	39	0
-308.0	0	0.223472228896	15.6569188159	39	0
-296.0	0	0.261540374669	15.4528109196	39	0
-296.0	0	0.311058887613	15.0548078234	39	0
-306.5	0	0.355362108931	15.0985494242	39	0
-306.5	0	0.328632163921	15.5476702896	39	0
-296.0	0	0.323370072868	15.487433194	39	0
-273.5	0	0.30321334075	15.6585364863	39	0
-252.5	0	0.288849551813	16.2639511272	39	0
-273.5	0	0.316493070145	16.6721661747	39	0
-273.5	0	0.393208323215	15.688101086	39	0
-273.5	0	0.444029441709	14.6635179815	39	0
-273.5	0	0.460238021885	14.2326711151	39	0
-273.5	0	0.525478356158	14.2326711151	39	0
-273.5	0	0.489954722032	13.3978885075	38	0
-252.5	0	0.558511488684	12.7460781899	37	0
-225.5	0	0.669764699983	11.9032998242	36	0
-230.0	0	0.74463817604	11.1336014199	35	0
-212.0	0	0.741542378072	10.2939158467	34	0
-192.5	0	0.79879190979	10.1720264123	33	0
-159.5	0	0.784936770255	9.74382896309	32	0
-134.0	0	0.756643849728	9.02073393972	31	0
-117.5	0	0.774641904003	8.60977909821	30	0
-117.5	0	0.8107135596	8.32163315146	29	0
-117.5	0	0.820484459765	8.31086138891	29	0
-93.5	0	0.850631059401	8.22148969163	29	0
-93.5	0	0.83664664463	8.51568026761	29	0
-93.5	0	0.898965177393	7.91520999068	29	0
-93.5	0	0.880543103806	7.8241796957	29	0
-93.5	0	0.937129202836	7.08540292443	29	0
-117.5	0	0.851008340594	5.63338026546	29	0
-117.5	0	0.833454716857	5.17387870094	29	0
-117.5	0	0.731764214506	4.71866540095	29	0
-117.5	0	0.724771062547	4.67033985948	29	0
-117.5	0	0.694330811495	5.19573349021	28	0
-126.5	0	0.537339893326	6.49399110037	27	0
-134.0	0	0.544639810406	6.36883412856	26	0
-134.0	0	0.517181874334	6.50577158825	25	0
-126.5	0	0.529807082263	6.61771214806	24	0
-117.5	0	0.558666909261	5.94552641189	23	0
-117.5	0	0.637248630376	5.41388632552	22	0
-117.5	0	0.745538766293	4.83480355876	21	0
-126.5	0	0.843594006248	4.86680016837	20	0
-126.5	0	0.898029234879	4.81771561242	19	0
-117.5	0	0.805623756391	4.58343979047	18	0
-93.5	0	0.901098817544	3.45191701151	17	0
-93.5	0	0.919198455811	2.28826954645	16	0
-45.5	0	0.959641527213	1.33813202859	17	0
-45.5	0	0.990995466899	0.217837899433	18	0
2.5	0	1.04363361606	0.915960640237	19	0
2.5	0	1.0215640744	1.20412852485	20	0
2.5	0	0.973721297038	0.884323529747	21	0
2.5	0	0.968629878941	1.034412703	22	0
29.5	0	0.91544017389	1.74246085745	23	0
97.0	0	1.00951226902	1.67766440116	24	0
97.0	0	0.945675095022	1.19995161021	25	0
80.5	0	0.762921082031	0.21878065694	25	0
136.0	0	0.696297958382	0.225985827259	25	0
136.0	0	0.632433581414	0.804835334722	25	0
136.0	0	0.648073778754	0.0302655615961	25	0
136.0	0	0.657285647794	0.504081593889	25	0
136.0	0	0.670272827199	0.755260196423	25	0
136.0	0	0.656703853288	1.08427010319	25	0
136.0	0	0.599349171349	1.07668070975	25	0
158.5	0	0.572078483843	1.73554165778	25	0
158.5	0	0.542830827931	1.58029196022	26	0
158.5	0	0.5922551518	2.0516114071	27	0
175.0	0	0.434878024769	1.37778638265	27	0
175.0	0	0.457771955707	0.812821533844	27	0
169.0	0	0.50770220632	0.855983424685	27	0
169.0	0	0.588292181651	0.526124169431	27	0
169.0	0	0.689261805469	0.590939081899	27	0
169.0	0	0.828234684517	0.977877681199	27	0
169.0	0	0.89496610011	1.49281604443	27	0
169.0	0	0.870457269172	1.85447306415	27	0
169.0	0	0.994731858167	1.12929033912	27	0
187.0	0	1.03466138465	0.641641693429	27	0
188.5	0	1.11606230024	0.427302245403	27	0
188.5	0	1.10414356569	1.42915708017	27	0
188.5	0	1.07657247319	1.14504511755	27	0
259.0	0	0.976998097068	1.37864454944	26	0
334.0	0	0.987720683008	1.53259506045	25	0
334.0	0	0.868396143443	1.57721650516	24	0
277.0	0	0.742265940859	1.36929781889	23	0
206.5	0	0.910275402757	1.85842266061	22	0
188.5	0	0.825629590711	1.20589598692	21	0
187.0	0	0.838253178804	0.740821904095	20	0
175.0	0	0.880387687366	0.419257283615	19	0
175.0	0	0.911568780005	1.14027882488	18	0
158.5	0	1.01625426569	1.73778092908	17	0
136.0	0	1.02272813435	1.14634986262	16	0
136.0	0	1.01657966497	0.821557710958	15	0
158.5	0	1.02521639233	0.48091675598	15	0
142.0	0	1.04548049687	0.0810210436046	15	0
116.5	0	0.981103001837	0.80210807311	15	0
142.0	0	0.984106047353	0.705658165363	15	0
139.0	0	1.11227543649	0.672317546632	15	0
139.0	0	1.12531550797	0.856168544925	15	0
100.0	0	1.1509977983	0.893404873781	15	0
79.0	0	1.14481969202	0.768265471643	14	0
79.0	0	1.16383163444	0.646634533757	13	0
100.0	0	1.18211895689	0.586714114611	13	0
79.0	0	1.10942951457	1.73094181708	13	0
70.0	0	1.16561552744	2.25909294541	13	0
70.0	0	1.20237025551	2.27033847578	13	0
38.5	0	1.14014845208	2.79535438498	13	0
38.5	0	1.07801687661	3.29350195962	13	0
5.5	0	1.24311615268	2.26881384753	13	0
-9.5	0	1.26917428545	1.189435798	13	0
5.5	0	1.17421379554	1.17175183612	13	0
5.5	0	1.25663206551	0.492205235505	12	0
38.5	0	1.17381800138	0.0445956755197	12	0
70.0	0	1.12863148103	0.421684245902	12	0
70.0	0	1.04411471357	0.378138662054	12	0
70.0	0	0.970116896022	0.0942358068929	12	0
79.0	0	0.95437855689	0.172979069037	12	0
79.0	0	0.909106282138	0.637542676783	13	0
79.0	0	0.82928309633	1.14968795686	14	0
70.0	0	0.853664104598	1.7296774572	15	0
35.5	0	0.926751796578	1.50975365376	16	0
-9.5	0	1.07281302458	1.41014971257	17	0
-24.5	0	1.11077819737	0.854967179907	18	0
-35.0	0	1.19492420376	0.272431887166	19	0
-35.0	0	1.36045110887	0.592926758651	19	0
-35.0	0	1.38041110269	0.950186105148	19	0
-54.5	0	1.49892043948	1.23697629457	20	0
-71.0	0	1.55189566754	1.1834312774	21	0
-71.0	0	1.55951751817	0.586207221539	22	0
-54.5	0	1.46200924674	0.792133370745	22	0
-54.5	0	1.40212621285	1.0195388783	22	0
-35.0	0	1.41580121589	0.562128425938	22	0
-35.0	0	1.49831918106	0.720026973294	22	0
-35.0	0	1.51726792241	0.177743758946	22	0
-24.5	0	1.39217052811	0.0135630011323	22	0
-9.5	0	1.47423863055	0.718194089749	22	0
-9.5	0	1.55168114367	1.32241553323	22	0
-24.5	0	1.63050901406	2.23252857646	22	0
-24.5	0	1.71755481922	3.32185488327	22	0
-24.5	0	1.83536899247	4.84976716953	22	0
-24.5	0	1.83056304141	4.81882986929	22	0
-24.5	0	1.81147655971	4.24631219883	22	0
-24.5	0	1.76134350772	3.69048898918	22	0
-24.5	0	1.85253188183	4.37731295494	21	0
16.0	0	1.87600198847	5.4636598014	21	0
16.0	0	1.89518461565	5.04784967184	21	0
13.0	0	1.92823781919	4.56977632806	21	0
107.5	0	2.00249646276	4.79115528449	21	0
166.0	0	1.95549826492	4.45734155357	21	0
205.0	0	1.94933320698	4.33022408683	21	0
208.0	0	1.85865008277	3.49876665164	21	0
268.0	0	1.84577389544	2.72929508734	21	0
208.0	0	1.71377090651	2.48666186338	20	0
166.0	0	1.70197298118	2.87778124518	19	0
166.0	0	1.81554640419	3.63293299738	18	0
166.0	0	1.90694974626	3.92766808764	17	0
166.0	0	1.98669066453	4.18902548892	16	0
142.0	0	1.9902613924	4.43534909234	15	0
88.0	0	1.96248080906	3.66159712509	14	0
88.0	0	1.91216230918	2.30808994815	13	0
88.0	0	1.84383538534	1.62745240107	12	0
88.0	0	1.74669188931	0.773959384238	11	0
88.0	0	1.61113877099	0.693149271761	11	0
88.0	0	1.60763044645	1.8196552029	11	0
88.0	0	1.57935842341	2.57454650245	11	0
88.0	0	1.47872984422	3.47620256189	12	0
88.0	0	1.4445882415	3.96390452582	13	0
88.0	0	1.37557580484	5.17228905692	14	0
88.0	0	1.31079519741	5.37891392904	15	0
-14.0	0	1.40209582064	5.71237244222	16	0
-14.0	0	1.40893812744	6.13153679078	17	0
-120.5	0	1.38798737123	6.53254235084	18	0
-123.5	0	1.38850710647	6.95521850229	19	0
-179.0	0	1.385081352	8.21794589687	20	0
-234.5	0	1.50653810887	8.17857870761	21	0
-234.5	0	1.4783585265	8.25169068467	22	0
-234.5	0	1.45616559271	8.38282704336	23	0
-179.0	0	1.38858214544	8.46509696474	23	0
-179.0	0	1.36433081523	9.00746820854	24	0
-123.5	0	1.33550143319	9.53010564456	25	0
-179.0	0	1.24397976743	9.96753737016	26	0
-179.0	0	1.21475696193	10.3480333979	26	0
-179.0	0	1.20120385779	11.0667126319	26	0
-131.0	0	1.20085554443	10.7460173519	26	0
-141.5	0	1.19345584577	10.4059656795	26	0
-221.0	0	1.23147965426	10.1305886582	26	0
-141.5	0	1.32476839368	8.5652647477	26	0
-141.5	0	1.45152864495	7.37714293895	27	0
-141.5	0	1.49810124836	6.89334845133	28	0
-141.5	0	1.50311908194	7.00162488305	29	0
-221.0	0	1.64618770532	6.54703876655	30	0
-221.0	0	1.58621416484	6.46016848285	30	0
-219.5	0	1.64332247359	6.44966414556	30	0
-197.0	0	1.64012361368	6.70674937062	30	0
-251.0	0	1.60719364444	7.12717603087	30	0
-251.0	0	1.69536593918	6.84435622464	30	0
-251.0	0	1.63526861702	6.82362019167	30	0
-197.0	0	1.65835396874	6.64026269513	30	0
-141.5	0	1.70766468544	6.29126472273	29	0
-141.5	0	1.61086615169	6.0086501667	28	0
-132.5	0	1.53401366414	6.31599365058	28	0
-107.0	0	1.55332250628	5.93912605592	27	0
-96.5	0	1.55414224142	5.28843314564	26	0
-92.0	0	1.50043089226	4.83009621375	25	0
-92.0	0	1.36054329416	5.25088542546	24	0
-86.0	0	1.35085230403	5.20843184225	23	0
-86.0	0	1.36434916147	5.04155607371	22	0
-86.0	0	1.30850887935	3.78890481641	21	0
-86.0	0	1.28717497532	3.96926801413	20	0
-84.5	0	1.21932945855	3.01001061093	19	0
-86.0	0	1.20890734689	2.81016174631	18	0
-84.5	0	1.22371393204	2.25017330221	17	0
-77.0	0	1.19258894211	0.832616200616	16	0
-65.0	0	1.07571927164	0.0439069052985	15	0
-65.0	0	1.03836316578	0.0111946365877	15	0
-65.0	0	1.0252332515	0.179206041191	15	0
-77.0	0	0.919451231142	0.921114654109	15	0
-77.0	0	0.871370529762	1.68256612117	15	0
-77.0	0	0.744224867502	1.87022232997	15	0
-84.5	0	0.72232089323	2.41443821856	15	0
-84.5	0	0.667387537078	2.97634936591	15	0
-77.0	0	0.665653093778	2.25608819234	15	0
-65.0	0	0.728950850813	1.03998731156	15	0
-65.0	0	0.732919668728	1.09411324174	15	0
-65.0	0	0.857139802199	1.330877311	14	0
-65.0	0	0.854760350477	1.36568743087	14	0
-77.0	0	0.830008170847	1.87741116726	14	0
-77.0	0	0.663068530481	2.72793006745	14	0
-90.5	0	0.601047816273	3.944265118	15	0
-78.5	0	0.564163470607	3.91585467722	15	0
5.5	0	0.529275508034	4.54526236703	15	0
-78.5	0	0.530081676548	4.0816164096	15	0
5.5	0	0.499929831676	3.72504016641	15	0
82.0	0	0.502978637747	3.50131547322	14	0
97.0	0	0.527079658467	3.92876208832	13	0
82.0	0	0.442617169965	3.98049944152	13	0
82.0	0	0.475888072083	3.92420290145	13	0
13.0	0	0.421977970145	4.44378744784	13	0
-53.0	0	0.421630946211	4.01444461848	13	0
-53.0	0	0.606824451379	3.27221469452	13	0
13.0	0	0.660854964484	2.7420236767	13	0
13.0	0	0.654126845586	2.7714754132	13	0
82.0	0	0.670518188859	2.56236019984	13	0
13.0	0	0.799289446177	2.75706556984	13	0
13.0	0	0.928695931766	2.82427813978	13	0
13.0	0	0.988357067385	2.06759277958	13	0
13.0	0	0.936615949084	1.92398428554	13	0
13.0	0	0.989314922296	2.32903929652	13	0
13.0	0	1.04203533913	2.32319419289	13	0
13.0	0	1.08459758164	1.72289189043	12	0
43.0	0	1.06754981343	1.17620438136	12	0
68.5	0	1.07459697398	1.08819513749	13	0
40.0	0	1.09345833152	1.06450934613	14	0
40.0	0	1.10992691165	1.46084931501	14	0
68.5	0	1.0808624648	0.450490063004	14	0
52.0	0	1.05138343795	0.777835560493	14	0
68.5	0	1.06751874814	0.157222355075	14	0
52.0	0	1.12863666649	0.499381622949	14	0
52.0	0	1.14042151299	0.923620006962	14	0
68.5	0	0.951475601012	0.343160232345	14	0
68.5	0	1.06957291034	0.620703261111	14	0
52.0	0	1.09991270284	0.773802254526	14	0
26.5	0	1.13266388899	0.497299769309	13	0
-15.5	0	1.16092329335	0.710002534878	12	0
-15.5	0	1.03032483912	0.155899173973	13	0
10.0	0	0.859848715392	0.2637561826	14	0
10.0	0	0.824957313634	0.325201817249	15	0
10.0	0	0.870481664209	0.0308542813507	16	0
10.0	0	0.847161206981	0.123785629697	17	0
-5.0	0	0.83500662766	1.05373108555	18	0
-30.5	0	0.850627895637	0.102450044608	18	0
-30.5	0	0.851070305187	0.234981732288	18	0
-30.5	0	0.945963812905	0.940395929896	18	0
-30.5	0	0.980666497261	1.35318795679	18	0
-62.0	0	0.973001981799	1.49388963058	18	0
-47.0	0	1.03607001785	1.38796544042	18	0
-47.0	0	0.962241873875	1.41166322062	18	0
-5.0	0	1.03833569198	0.277992860029	18	0
10.0	0	1.05378209528	0.0544551666446	18	0
26.5	0	0.901055474661	0.077234601651	18	0
26.5	0	0.930169392904	0.462053058945	18	0
14.5	0	0.866100919864	0.780350567037	18	0
10.0	0	0.795235700682	1.023106512	19	0
10.0	0	0.640119014796	1.52899883807	20	0
10.0	0	0.616021170474	1.86803469615	21	0
10.0	0	0.576105832037	1.76517595494	22	0
10.0	0	0.561254310736	1.3831811177	22	0
14.5	0	0.564907462302	1.29286940513	22	0
26.5	0	0.584886467076	2.77541795847	22	0
26.5	0	0.571974340216	2.29717821221	22	0
26.5	0	0.559708755515	0.689117199334	22	0
26.5	0	0.591333582408	1.0409603651	22	0
26.5	0	0.577103074613	1.04898520667	22	0
26.5	0	0.543105311603	1.39811555348	22	0
26.5	0	0.45002397977	0.291251931274	22	0
44.5	0	0.505454993093	0.657115484591	22	0
44.5	0	0.629837094903	1.33834760034	22	0
77.5	0	0.568375804218	0.658805807239	22	0
44.5	0	0.714258290404	1.14260283245	22	0
10.0	0	0.90419147089	2.18882124688	21	0
44.5	0	0.967287933623	2.61124074674	20	0
77.5	0	1.01709407375	2.66241948371	19	0
77.5	0	0.951223991744	2.55391243012	18	0
77.5	0	0.906700117679	3.00328842914	18	0
122.5	0	0.916450616101	3.24068579768	18	0
122.5	0	1.02658504892	3.12821199714	18	0
122.5	0	1.00684108545	3.04822777975	18	0
217.0	0	0.882500782946	3.02320975014	18	0
217.0	0	0.954757167941	3.30537725684	18	0
217.0	0	0.992818967149	4.70763131913	18	0
278.5	0	0.979509124989	4.38607492026	18	0
289.0	0	0.884067817792	4.15159578052	18	0
278.5	0	0.866446069398	4.58046987397	18	0
217.0	0	0.89830181127	4.96938731145	18	0
278.5	0	0.935610762708	5.52646128132	18	0
217.0	0	0.856910008447	5.07575571485	17	0
217.0	0	0.960335397721	5.56737696786	16	0
217.0	0	0.951508624743	5.51393639115	15	0
217.0	0	0.884044546225	4.37936643383	14	0
217.0	0	0.952506933333	4.78304789681	13	0
217.0	0	0.948169358773	4.16025088448	12	0
278.5	0	1.03835398971	3.93555180314	12	0
278.5	0	1.12359505704	3.03195148473	12	0
278.5	0	1.1594400216	2.46654629123	12	0
278.5	0	1.15043336149	2.78833208755	13	0
278.5	0	1.09763857582	1.36348158732	14	0
254.5	0	1.04372654804	1.60186793052	14	0
211.0	0	0.947155832888	1.4199035901	14	0
211.0	0	0.884069458298	0.361878346193	14	0
140.5	0	0.93558541775	0.608144605056	14	0
140.5	0	0.934347430891	1.66102402247	14	0
172.0	0	0.901474897847	1.20319840836	13	0
172.0	0	0.876344426635	1.32994577262	14	0
130.0	0	1.00417266442	2.01296622581	15	0
46.0	0	1.16503083911	3.22011660425	16	0
-15.5	0	1.07544536303	2.53488617969	16	0
-56.0	0	1.0909956242	3.02989426019	16	0
-62.0	0	1.03345111698	3.07746452306	16	0
-30.5	0	0.857960984007	2.44130897802	16	0
-30.5	0	0.843400549119	2.70677353549	16	0
-54.5	0	0.847777171074	3.15776889571	16	0
-80.0	0	0.775560307705	2.48464255448	16	0
-126.5	0	0.873289917971	2.74132975831	16	0
-126.5	0	1.01713935063	2.61488184497	16	0
-126.5	0	1.01432323818	2.57443802753	16	0
-80.0	0	1.00362510967	2.76087162533	16	0
-54.5	0	0.968466555207	2.93700093959	16	0
-54.5	0	1.10136595543	3.43429236231	16	0
-54.5	0	1.01133106699	2.93455353499	16	0
-30.5	0	1.05016636816	2.61533090558	16	0
-54.5	0	1.04859123891	2.41715651102	16	0
-54.5	0	1.2559855049	3.43081901498	16	0
-80.0	0	1.13098832204	3.26221321034	16	0
-54.5	0	0.983023865378	3.17110526076	16	0
-80.0	0	0.794431977792	3.06530292067	16	0
-80.0	0	0.830886949514	2.72050084795	16	0
-98.0	0	0.76693559213	1.76852107785	17	0
-98.0	0	0.702400119957	0.96339517154	18	0
-98.0	0	0.741944383007	1.28172489544	19	0
-98.0	0	0.722836371147	0.62093430603	20	0
-126.5	0	0.663239826486	0.141987853197	21	0
-126.5	0	0.665142881152	0.301219597387	22	0
-126.5	0	0.675923912865	0.829753419168	23	0
-98.0	0	0.693874523065	1.455285726	24	0
-98.0	0	0.703207014366	1.4394774283	25	0
-80.0	0	0.74679585055	2.66418776636	26	0
-80.0	0	0.785054048229	2.54369065681	26	0
-80.0	0	0.957780156054	3.63309783605	25	0
-54.5	0	0.929585514368	3.17057948078	24	0
-54.5	0	0.860266661407	3.24465545878	24	0
-54.5	0	0.920515355208	2.48902153339	24	0
-90.5	0	0.939395554222	2.71457167851	24	0
-90.5	0	0.865453975466	1.7824759204	24	0
-90.5	0	0.868387285985	1.35772649686	24	0
-54.5	0	0.880295982468	0.853731921602	24	0
-14.0	0	0.952086590705	1.73309833187	24	0
28.0	0	0.898914187853	1.61837429341	23	0
53.5	0	0.994004412559	2.40748583103	22	0
28.0	0	1.00021289918	2.25641113966	23	0
53.5	0	1.0047333153	1.91060769926	24	0
53.5	0	0.902705832698	2.24293556237	25	0
53.5	0	0.933841828571	2.45946266501	26	0
53.5	0	0.841450390294	1.80249899119	27	0
64.0	0	0.770617691327	1.80623268942	28	0
53.5	0	0.791381671934	1.91497902134	29	0
28.0	0	0.866155685456	2.29289220575	30	0
-30.5	0	0.930330672062	2.08256309358	31	0
-98.0	0	0.798492753438	0.876342138745	31	0
-20.0	0	0.802120337048	0.88623038347	31	0
-20.0	0	0.768386134415	1.20160315515	30	0
-20.0	0	0.766293196927	1.64316305689	29	0
-111.5	0	0.697531081155	1.02973218801	28	0
-111.5	0	0.90447774999	1.85148642375	27	0
-111.5	0	1.00018470779	1.93753921788	26	0
-20.0	0	1.12033278541	2.16080444771	25	0
-18.5	0	1.12660732967	2.3077763312	24	0
47.5	0	1.16225166639	3.28644871708	23	0
-18.5	0	1.17404056021	3.35408674014	22	0
-86.0	0	1.22387007823	4.33080410028	21	0
-86.0	0	1.26346423379	4.57051829373	20	0
-18.5	0	1.31566725852	5.79375174831	19	0
-18.5	0	1.2940087603	4.76152804976	18	0
-18.5	0	1.40409552802	4.89867923136	17	0
-86.0	0	1.45061457649	4.47754091134	17	0
-111.5	0	1.49480243084	3.96896196127	17	0
-143.0	0	1.40868510491	4.50762395809	17	0
-156.5	0	1.31771771294	4.21747429449	17	0
-168.5	0	1.25601789061	3.95590128572	17	0
-168.5	0	1.35177358725	5.20276365183	17	0
-156.5	0	1.23120324061	3.66740433726	17	0
-150.5	0	1.1155746081	3.34310597682	17	0
-156.5	0	1.01682355916	1.90759027607	17	0
-156.5	0	1.05644831798	2.4996409057	17	0
-150.5	0	1.10085727491	2.98080876897	17	0
-156.5	0	1.08118041936	2.68257371629	16	0
-156.5	0	1.080796802	2.18363948378	15	0
-156.5	0	1.0642757095	1.76031251402	14	0
-156.5	0	1.03245838284	1.29115253994	13	0
-150.5	0	1.12424148242	1.86378570674	12	0
-156.5	0	1.11432607382	2.58094151206	11	0
-150.5	0	1.17787716929	1.85334086152	10	0
-119.0	0	1.17306833373	2.46260972516	10	0
-119.0	0	1.18763662474	3.23798647665	10	0
-119.0	0	1.07386935482	2.79718004738	11	0
-86.0	0	1.0648767928	2.60196715275	12	0
-60.5	0	1.0022620213	2.18619826895	13	0
-29.0	0	0.998880526721	1.83668711948	13	0
-11.0	0	1.07559994122	2.65292539016	13	0
-11.0	0	1.146559759	3.77477960628	13	0
-29.0	0	1.12700270452	2.68319686861	13	0
-11.0	0	1.0973579631	2.24163696687	13	0
-11.0	0	1.11178899772	2.32966080756	13	0
29.5	0	1.09287181609	2.33056042585	13	0
29.5	0	1.12271057194	2.89896753172	13	0
-11.0	0	1.1753344839	3.16445923996	13	0
-11.0	0	1.18364013443	4.1179433223	14	0
-29.0	0	1.07921882063	2.77368434415	14	0
-11.0	0	1.07025022836	2.63866673168	14	0
-11.0	0	1.03953520799	1.71364849291	14	0
-11.0	0	1.00087091996	1.57432482367	14	0
-11.0	0	0.980803294066	1.13011874446	14	0
-29.0	0	0.979829527361	1.29379512826	14	0
-29.0	0	0.886299652596	1.29620128934	14	0
-29.0	0	0.86466559477	1.54870544245	14	0
-29.0	0	0.818022506562	2.32434340973	14	0
-29.0	0	0.894656635806	1.57466926955	15	0
-11.0	0	1.03353072315	2.53714413789	16	0
-11.0	0	1.05850280904	2.61040690009	16	0
-11.0	0	1.05880538454	2.02855477127	16	0
-11.0	0	1.16292125599	3.13316894626	16	0
29.5	0	1.24375042393	4.51799194497	16	0
29.5	0	1.22157023607	4.46770317839	16	0
29.5	0	1.25353841384	4.05603458282	16	0
-18.5	0	1.18050402932	3.22083906518	16	0
8.5	0	1.143411323	3.03423692488	16	0
-18.5	0	1.06324267567	3.13836700899	16	0
-18.5	0	1.06877324997	2.89871540724	16	0
-18.5	0	1.10318225772	3.07417927624	15	0
-68.0	0	1.10320765042	3.18908702985	14	0
-18.5	0	1.03129538141	2.70500544683	13	0
8.5	0	1.05666749177	2.89227823784	12	0
8.5	0	1.04541167685	2.62560623062	13	0
91.0	0	1.04679881856	2.32310089313	14	0
91.0	0	0.998573303717	1.81319061774	15	0
113.5	0	0.977399327881	1.44011731444	16	0
-41.0	0	0.955248621084	1.49413983275	16	0
-41.0	0	1.00232454269	1.95186036542	16	0
-107.0	0	0.992023952606	2.66717618648	16	0
-114.5	0	0.988913004561	2.33461428761	16	0
-107.0	0	1.01238366361	3.59838446743	16	0
-107.0	0	1.08556805701	3.71860766944	16	0
-41.0	0	1.05062980799	3.59104857919	16	0
-107.0	0	1.08426619138	4.09343006103	17	0
-122.0	0	1.11942797994	3.66496500383	17	0
-122.0	0	1.12007506604	2.95201448072	17	0
-107.0	0	1.11378471307	2.33909986715	17	0
-41.0	0	1.20987029167	3.53867093354	17	0
-41.0	0	1.23395896005	4.35957623964	17	0
28.0	0	1.26287894676	4.92302065434	17	0
28.0	0	1.27449262151	5.19811606943	17	0
28.0	0	1.25686789998	5.63800164004	17	0
28.0	0	1.26981446245	5.96257297889	17	0
28.0	0	1.25925629432	6.7556436711	17	0
98.5	0	1.10960894444	7.18137326156	17	0
197.5	0	1.08438278209	7.46007415209	18	0
197.5	0	1.15993645865	8.37628901278	19	0
161.5	0	1.10128893688	8.28795369892	20	0
200.5	0	1.09383359114	8.14856592618	21	0
161.5	0	1.08765265025	8.70708430447	22	0
200.5	0	1.16429826485	9.09119874331	23	0
161.5	0	1.18009701426	8.69453192522	24	0
161.5	0	1.30978280131	10.1727399021	25	0
161.5	0	1.38426520344	10.7631952704	26	0
200.5	0	1.46082556175	11.4334411548	27	0
257.5	0	1.45983715033	11.1589487963	27	0
257.5	0	1.55275120142	11.8536522497	27	0
200.5	0	1.54842882285	11.5407526654	26	0
200.5	0	1.48761371132	11.0821323759	26	0
257.5	0	1.37352643249	10.0544691222	26	0
257.5	0	1.40121053261	9.33402992004	26	0
227.5	0	1.38428984067	9.19971062306	26	0
227.5	0	1.4040190625	9.23179673348	26	0
191.5	0	1.37872528916	8.77745742151	26	0
191.5	0	1.47428313031	9.1001660841	26	0
191.5	0	1.44577635599	9.67359984698	26	0
191.5	0	1.42325356369	9.08088051371	25	0
227.5	0	1.24242907526	8.08820783552	24	0
227.5	0	1.19433455277	6.34853299448	23	0
311.5	0	1.16041301928	6.10255884565	22	0
302.5	0	1.14251901269	4.82963677976	23	0
302.5	0	1.1252287433	5.0941493599	23	0
191.5	0	1.1175630583	5.12917449982	23	0
191.5	0	1.03933161762	4.2043836753	23	0
302.5	0	0.966457599912	4.3767098991	23	0
376.0	0	0.929268214829	5.10983986879	23	0
376.0	0	0.895315165203	5.45140344663	23	0
292.0	0	0.885815467317	5.32770720479	22	0
191.5	0	0.871170953055	4.7028359972	21	0
148.0	0	0.775061859285	4.09839694361	20	0
50.5	0	0.769809656951	3.53310231232	19	0
4.0	0	0.802030615352	2.83736558177	18	0
4.0	0	0.816502432219	2.87056465386	18	0
4.0	0	0.797218859808	1.63136338951	18	0
-39.5	0	0.808648618027	1.35514951158	18	0
-39.5	0	0.815120608507	0.802250199637	18	0
4.0	0	0.795145463012	0.109551131952	18	0
-39.5	0	0.851326564518	0.715852828579	18	0
-39.5	0	0.885457410441	1.11961015254	18	0
-39.5	0	0.853989635399	1.63462683447	18	0
-39.5	0	0.869395817675	1.98139545038	19	0
-39.5	0	0.792186248438	2.90403900919	20	0
-51.5	0	0.733477062518	4.31367139532	21	0
-5.0	0	0.677308272844	5.29282438549	22	0
-5.0	0	0.605007611415	5.71062636142	23	0
-51.5	0	0.661026323421	5.56184497868	24	0
-83.0	0	0.576182149039	6.13154988687	25	0
-150.5	0	0.544641800176	6.6893390942	26	0
-204.5	0	0.632048639462	6.56292688116	27	0
-204.5	0	0.662146318697	6.44447398745	27	0
-221.0	0	0.66627956217	6.68160346997	27	0
-225.5	0	0.729150665957	6.2981388221	27	0
-225.5	0	0.718370239842	6.43283419815	27	0
-221.0	0	0.754115159068	5.64357735995	27	0
-221.0	0	0.803731730433	5.47033376213	27	0
-228.5	0	0.74073556951	5.71400512116	27	0
-228.5	0	0.783495474977	5.2021836343	28	0
-228.5	0	0.894865955539	4.19983134186	28	0
-221.0	0	0.873955293586	2.93910334169	28	0
-221.0	0	0.913842160316	2.55745676611	28	0
-204.5	0	0.92627696095	1.85849600456	28	0
-221.0	0	0.788624239543	1.96783658541	28	0
-221.0	0	0.704711542039	2.0414370486	28	0
-204.5	0	0.600545578263	2.30766105649	28	0
-204.5	0	0.494107145306	2.58613354051	28	0
-204.5	0	0.515684941252	2.67842687619	28	0
-176.0	0	0.57188826634	2.84076681152	28	0
-161.0	0	0.541331416985	3.18202726491	27	0
-161.0	0	0.587996978962	2.79423177367	26	0
-161.0	0	0.691068119162	1.54403114364	25	0
-161.0	0	0.646051899767	0.952803181109	24	0
-171.5	0	0.588919274723	0.442803655454	23	0
-171.5	0	0.529334771689	0.660329249119	22	0
-161.0	0	0.485681613812	0.143057351457	21	0
-104.0	0	0.535043726723	0.0254991957987	20	0
-104.0	0	0.59778344431	0.328105265759	19	0
-104.0	0	0.551600792545	0.0166183058008	18	0
-104.0	0	0.577040779067	1.16276567091	17	0
-104.0	0	0.559032139868	0.624016779358	16	0
-44.0	0	0.569433212229	0.695103588977	15	0
-44.0	0	0.5341422419	1.00665742986	14	0
-29.0	0	0.539397628143	1.63335830614	13	0
13.0	0	0.457582156905	2.84128288083	12	0
13.0	0	0.466779308299	3.3841284762	11	0
13.0	0	0.526986797687	3.7634840224	11	0
13.0	0	0.551402174189	5.69323954005	11	0
74.5	0	0.678732928664	5.85155433084	11	0
74.5	0	0.756441899839	7.1866568961	12	0
74.5	0	0.689998081432	6.57950137786	12	0
26.5	0	0.729467709828	6.43125999222	12	0
26.5	0	0.74162503693	6.3730494663	12	0
74.5	0	0.629635462519	5.76621737904	11	0
122.5	0	0.625751136817	5.9226409454	11	0
122.5	0	0.665305305824	4.89291383461	11	0
122.5	0	0.634634447957	4.81026551272	11	0
143.5	0	0.732060994275	5.33124266297	11	0
172.0	0	0.716034063722	5.22116863729	11	0
143.5	0	0.630163043464	4.84210075669	10	0
122.5	0	0.637824647465	4.65354935063	11	0
101.5	0	0.64135228068	4.30559891235	12	0
122.5	0	0.538606318252	4.11725942466	13	0
143.5	0	0.645716417121	3.75143487285	14	0
172.0	0	0.648050385234	4.17273291219	15	0
143.5	0	0.633112040543	4.51115425204	16	0
122.5	0	0.775708298786	5.3008992411	17	0
101.5	0	0.740561445536	5.49294619809	18	0
101.5	0	0.692151483826	4.79124730911	18	0
101.5	0	0.734615924638	5.1510047801	18	0
71.5	0	0.724459484261	4.74146456689	18	0
101.5	0	0.662098985283	3.64434765093	18	0
101.5	0	0.672243066829	3.15348204542	18	0
122.5	0	0.711695671708	3.00789146689	18	0
122.5	0	0.78392659873	3.35529529531	19	0
101.5	0	0.765639479872	2.79227100894	20	0
101.5	0	0.811317742375	2.72823154671	21	0
101.5	0	0.758714325289	2.49286869053	21	0
53.5	0	0.713417772827	1.94929517474	21	0
101.5	0	0.749961037079	1.80725717198	21	0
53.5	0	0.70191757071	2.17525254224	21	0
-8.0	0	0.635863982475	2.10416573262	21	0
-26.0	0	0.575465850884	2.68397549851	21	0
-26.0	0	0.719369196879	3.07750943343	21	0
-39.5	0	0.80559701975	2.95938073416	21	0
-39.5	0	0.857074649445	3.40057058287	21	0
-62.0	0	0.75271621435	2.67445629936	21	0
-39.5	0	0.739302506551	1.15079084072	21	0
-62.0	0	0.627142290455	0.437707225475	21	0
-62.0	0	0.626389155787	0.271104104834	21	0
-78.5	0	0.676543178732	0.440523045169	21	0
-78.5	0	0.755074550167	0.600651900531	21	0
-78.5	0	0.812281429735	1.65333691178	21	0
-78.5	0	0.909855175857	1.52915752764	21	0
-92.0	0	0.95989057121	1.49782004852	22	0
-120.5	0	0.82021865787	1.84881594977	22	0
-120.5	0	0.848279377571	1.15974279049	21	0
-156.5	0	0.741896865292	0.153663409012	20	0
-156.5	0	0.728891884913	0.943551496097	19	0
-156.5	0	0.830684376509	1.0132274883	19	0
-156.5	0	0.986271726946	0.369236733858	19	0
-156.5	0	0.859397970833	0.426142447315	19	0
-156.5	0	0.932755303703	0.805866789909	19	0
-164.0	0	0.962495276085	1.15212217864	19	0
-164.0	0	1.06016587409	0.827757054152	19	0
-162.5	0	1.21832233436	0.778606696582	19	0
-170.0	0	1.2469492722	0.718896766671	19	0
-162.5	0	1.34787591954	1.46557626281	19	0
-156.5	0	1.39662933329	2.3780842079	19	0
-156.5	0	1.42551670799	2.61750760681	20	0
-156.5	0	1.52684639595	3.03552088378	21	0
-156.5	0	1.51060096127	4.08839658598	22	0
-162.5	0	1.49241748946	5.00972375828	23	0
-162.5	0	1.49856868414	5.4018916328	24	0
-162.5	0	1.39232890079	5.87282439707	25	0
-114.5	0	1.48467573222	6.46127851291	26	0
-114.5	0	1.54466841135	6.2827769382	27	0
-162.5	0	1.56765697649	6.73484803005	28	0
-162.5	0	1.6638595616	7.80236354177	29	0
-162.5	0	1.59372801403	7.32375922657	30	0
-162.5	0	1.61815221249	7.97978306024	31	0
-162.5	0	1.65978221302	7.42678949602	31	0
-114.5	0	1.65940156481	6.25771667584	31	0
-114.5	0	1.47463181608	5.81524378055	31	0
-114.5	0	1.41422421828	5.34516805902	31	0
-162.5	0	1.36848258724	5.65004101661	30	0
-114.5	0	1.43819873145	6.08554381482	29	0
-114.5	0	1.32915247028	6.18591665912	28	0
-36.5	0	1.27318179593	6.69640348772	29	0
4.0	0	1.19449165045	6.78034178064	30	0
40.0	0	1.08550927207	6.50502660871	30	0
40.0	0	0.983623161642	6.36734705162	30	0
40.0	0	0.963750286239	6.08035765726	30	0
4.0	0	0.916537147266	5.79231706153	30	0
4.0	0	0.813791653397	4.97314777606	30	0
40.0	0	0.92157213968	5.72321668148	30	0
74.5	0	0.895566208779	6.57798929197	30	0
85.0	0	0.953860517292	7.08484327816	30	0
74.5	0	1.03862230159	8.55356084194	30	0
74.5	0	1.01156663537	8.57472744613	30	0
40.0	0	0.964160545716	8.42154921257	29	0
40.0	0	1.10620809861	7.86330407549	28	0
40.0	0	1.15690687834	7.22409026918	27	0
40.0	0	1.1259935468	6.74742015579	26	0
4.0	0	1.11658316022	6.61509338761	25	0
50.5	0	1.09395708184	6.73903445957	24	0
50.5	0	1.10049745796	6.15126745441	23	0
49.0	0	1.04345614926	5.25337850382	22	0
34.0	0	1.01481820293	4.78527804877	21	0
34.0	0	0.987492020908	4.66614993911	20	0
74.5	0	0.894882291291	4.71239524299	19	0
74.5	0	0.912438980139	4.63856426991	18	0
91.0	0	0.883653121136	4.47480029416	18	0
118.0	0	0.919982605237	4.51562279848	19	0
116.5	0	1.05913133899	4.1526693772	20	0
116.5	0	1.0743490043	3.58775692011	21	0
146.5	0	1.01649955512	4.15987798279	22	0
170.5	0	1.03499662407	4.17240642354	23	0
170.5	0	1.02216862861	4.36518325598	24	0
146.5	0	0.924957565605	4.98843308597	25	0
116.5	0	0.997401512375	4.88626378469	26	0
116.5	0	1.03304234107	5.52753856925	26	0
116.5	0	1.09499830771	5.85767618074	25	0
74.5	0	1.14803812679	4.9471170266	24	0
74.5	0	1.29266922413	4.47919526787	23	0
74.5	0	1.22048532965	3.51778210148	22	0
22.0	0	1.21266163082	3.27707744004	23	0
-27.5	0	1.23622854177	2.45347591407	24	0
-27.5	0	1.27029078953	3.14691895509	24	0
-27.5	0	1.37244922835	3.76817953252	24	0
-47.0	0	1.46770729828	4.83187422386	24	0
-47.0	0	1.53926162161	5.97958545718	24	0
-27.5	0	1.53022317829	6.19738146262	24	0
22.0	0	1.56378005862	7.08467876632	24	0
74.5	0	1.63118395684	8.15799593992	25	0
22.0	0	1.6154500966	7.99912081204	26	0
22.0	0	1.60710688292	7.70023569948	26	0
-27.5	0	1.60244881457	7.71229436599	26	0
10.0	0	1.533731666	6.96821580368	26	0
-47.0	0	1.49018504173	6.95909140075	26	0
10.0	0	1.40506942922	5.83538417823	26	0
-48.5	0	1.35732172791	5.32608159489	26	0
-68.0	0	1.37792239365	5.3660768274	26	0
-48.5	0	1.39855421192	5.89663648115	26	0
-48.5	0	1.38885431163	6.07500057939	26	0
-68.0	0	1.41876052319	5.87362418152	26	0
-68.0	0	1.3514715543	4.90144557333	26	0
-68.0	0	1.28011676119	3.90041835317	26	0
-68.0	0	1.23153880014	3.41361369574	26	0
-72.5	0	1.26406261093	3.69681982909	25	0
-84.5	0	1.22366169027	2.94477945026	24	0
-87.5	0	1.19763720132	2.19057870747	23	0
-87.5	0	1.29313123284	2.11884705977	22	0
-98.0	0	1.31201677748	2.50409062565	21	0
-98.0	0	1.28883146376	2.76012603083	21	0
-98.0	0	1.32658534296	3.86081868825	21	0
-98.0	0	1.31553733819	2.77538326168	21	0
-98.0	0	1.25772388713	1.91368084001	21	0
-98.0	0	1.26046239865	2.03462097333	21	0
-98.0	0	1.37332417909	1.2431703211	21	0
-87.5	0	1.28993207643	0.996727923322	21	0
-87.5	0	1.16288358309	1.21629683722	21	0
-87.5	0	1.28997879724	1.32663565646	21	0
-75.5	0	1.29643136011	2.51240378828	21	0
-75.5	0	1.24097764175	3.41191118514	21	0
-75.5	0	1.26962989095	3.6099199537	21	0
-62.0	0	1.31174634358	3.71629890536	22	0
-54.5	0	1.36510057448	4.36650679828	23	0
-54.5	0	1.38383379909	3.18995778409	23	0
-54.5	0	1.33284189917	2.67051529067	23	0
-17.0	0	1.37987566665	2.15468889659	23	0
29.5	0	1.26952300397	0.600895200698	23	0
29.5	0	1.29342463671	0.628242309949	23	0
29.5	0	1.24384738721	0.0699193596486	23	0
29.5	0	1.14419164789	0.352762221036	23	0
29.5	0	1.14278273131	0.403239511584	23	0
29.5	0	1.11816430496	0.346582338314	22	0
29.5	0	1.13239751998	0.289304301081	21	0
29.5	0	1.12456192398	0.782066237562	20	0
29.5	0	1.21586570365	0.310244991204	19	0
-17.0	0	1.1625943402	0.149286054685	18	0
29.5	0	1.22266722498	0.65567847233	17	0
46.0	0	1.19624792492	1.13961364875	16	0
46.0	0	1.18160516725	1.59361694684	15	0
46.0	0	1.05933170144	1.48712246341	15	0
46.0	0	0.84773116368	0.813672494694	15	0
46.0	0	0.809763176477	1.38779372	15	0
29.5	0	0.778859249582	1.32381145089	15	0
-17.0	0	0.898055782834	2.28021794467	15	0
-17.0	0	0.908724969441	2.5852593035	15	0
29.5	0	0.935649876577	3.15431729204	15	0
46.0	0	0.979500511139	3.18751933937	15	0
46.0	0	0.956941601997	2.35565937915	15	0
46.0	0	0.937657958565	1.1246301383	15	0
46.0	0	0.932490945793	0.885694101225	15	0
46.0	0	0.872523525072	0.226521163553	15	0
76.0	0	0.852331243162	1.07976201877	15	0
76.0	0	0.86057329127	0.779459251501	16	0
76.0	0	0.831861266416	0.556870304883	16	0
101.5	0	0.787878238651	0.895060825496	16	0
76.0	0	0.845849307262	0.827399492125	16	0
76.0	0	0.912499687431	1.75915304071	16	0
34.0	0	0.667371854813	2.9438156346	16	0
-69.5	0	0.569875283216	4.2242862388	17	0
34.0	0	0.497575435554	4.90154335374	18	0
34.0	0	0.536386534662	4.56608131937	19	0
-6.5	0	0.407489732104	5.03290785632	20	0
-6.5	0	0.312931680118	4.90112155448	21	0
-93.5	0	0.30578290012	4.63541115369	22	0
-93.5	0	0.260831778225	4.54637289997	23	0
-93.5	0	0.173003656345	5.05773536749	24	0
-93.5	0	0.379056896522	3.59199826224	25	0
-116.0	0	0.361135231907	4.08913206466	26	0
-116.0	0	0.384739698733	4.17399771303	27	0
-158.0	0	0.348479462099	5.59880006765	28	0
-116.0	0	0.3936705488	4.81336062064	28	0
-158.0	0	0.360022196494	5.43824504202	27	0
-116.0	0	0.355901940103	5.69469482817	27	0
-158.0	0	0.305636862339	5.88558114332	27	0
-158.0	0	0.262884609816	5.58431125732	27	0
-158.0	0	0.289412122551	4.84881920654	27	0
-158.0	0	0.260906312512	4.58621734369	27	0
-171.5	0	0.235295288769	4.13215352986	27	0
-171.5	0	0.27497634061	4.17972970978	28	0
-167.0	0	0.358911699534	5.02532869968	28	0
-158.0	0	0.518280581783	4.85003815139	28	0
-158.0	0	0.537875871546	4.55017529533	28	0
-158.0	0	0.58353443116	4.6816491949	28	0
-134.0	0	0.505151294762	4.58259940339	28	0
-93.5	0	0.442218511228	5.83911931962	28	0
-93.5	0	0.443344124413	6.07824291081	28	0
-93.5	0	0.385379890149	5.82348002513	28	0
-134.0	0	0.393863868412	4.86108941562	27	0
-93.5	0	0.28235075142	5.26072159437	26	0
-74.0	0	0.109934992749	6.07199161403	25	0
-51.5	0	0.12469873288	6.40185254931	24	0
-51.5	0	0.0252416974061	7.04556636195	23	0
-51.5	0	0.0294044241086	6.28008305807	22	0
-20.0	0	0.021279475013	5.57946543039	21	0
-20.0	0	0.00142770076014	5.59066599546	20	0
7.0	0	0.0459196872349	5.73879986339	19	0
41.5	0	0.0361657698542	5.57788078462	18	0
41.5	0	0.0676183038453	4.55912645688	17	0
80.5	0	0.164284666189	3.41843352134	16	0
41.5	0	0.234558962953	3.28999910832	15	0
41.5	0	0.216392780603	3.59395421271	15	0
41.5	0	0.306213155881	3.1352189726	15	0
7.0	0	0.390733031328	3.08931876206	15	0
7.0	0	0.454431405023	3.21764455382	15	0
7.0	0	0.440605260955	3.37441594637	15	0
7.0	0	0.509094103162	2.9551636703	16	0
7.0	0	0.398741769284	3.87127555066	17	0
41.5	0	0.397701130889	3.39977897144	18	0
41.5	0	0.389551598054	3.10006699657	19	0
41.5	0	0.579816579401	0.988946713239	19	0
7.0	0	0.59811718454	1.45788989469	19	0
41.5	0	0.675777130624	0.421687766587	19	0
43.0	0	0.704588684942	0.470159046244	19	0
82.0	0	0.793918113067	0.812321606603	19	0
82.0	0	0.70875353735	0.217156331462	18	0
89.5	0	0.799801569583	0.516225701144	18	0
125.5	0	0.784679572849	0.665161606677	18	0
125.5	0	0.819326792227	0.811209259909	18	0
125.5	0	0.711236904954	1.12164935085	18	0
125.5	0	0.67503158268	0.435801061961	18	0
89.5	0	0.73587842683	1.31630594509	19	0
89.5	0	0.803580029986	1.7703236497	20	0
89.5	0	0.866866933319	2.75940474543	21	0
70.0	0	0.852989632753	2.0779385772	22	0
70.0	0	0.882084584227	2.42477211073	23	0
50.5	0	0.879764545852	2.54188440122	24	0
50.5	0	0.934420477794	1.87006090588	24	0
50.5	0	1.0113184191	1.39129176848	24	0
50.5	0	1.01799624777	1.41954305004	24	0
70.0	0	1.12256432002	1.87761300739	24	0
70.0	0	1.087521551	2.29476331123	24	0
50.5	0	1.16806279012	2.16780405071	24	0
31.0	0	1.17455023131	1.74512904559	24	0
31.0	0	1.22290851653	1.90318035767	24	0
50.5	0	1.22372476215	3.00086289124	24	0
13.0	0	1.26625204219	3.26602432532	23	0
13.0	0	1.32874561976	4.48970895108	22	0
13.0	0	1.34109030991	5.14777269642	21	0
13.0	0	1.3161976423	5.13487507221	20	0
50.5	0	1.1937800308	5.16670649644	19	0
70.0	0	1.14335096463	4.82438639906	18	0
79.0	0	1.13827955138	4.80614127078	17	0
79.0	0	1.09940359349	4.0533190912	17	0
79.0	0	1.0608456937	4.37097897079	17	0
79.0	0	1.09717885845	4.5544890811	17	0
58.0	0	1.05945034687	5.11871660773	17	0
13.0	0	1.07258477691	5.07831926989	17	0
-20.0	0	1.03787948643	4.24003351093	18	0
-20.0	0	1.00345032664	4.28297379186	18	0
-20.0	0	0.967989750415	3.40314099334	18	0
13.0	0	0.892330407179	3.00352660811	18	0
13.0	0	0.891286109145	2.72177680553	18	0
13.0	0	0.85573478728	1.87738385263	18	0
13.0	0	0.801560716418	1.43975749671	18	0
25.0	0	0.93498597052	1.88773058691	18	0
25.0	0	0.959142684211	2.54176815713	18	0
25.0	0	1.01112465651	2.50108730755	17	0
25.0	0	0.989861394848	2.35377305233	17	0
25.0	0	1.07880937925	1.90277280856	18	0
25.0	0	1.20437054497	0.903207288322	19	0
71.5	0	1.18420023507	0.339591099955	20	0
88.0	0	1.1636990857	0.274705316888	20	0
88.0	0	1.17114296122	0.458335323325	20	0
88.0	0	1.17938813783	0.507878288853	20	0
71.5	0	1.10497010301	0.757796884479	20	0
88.0	0	1.11552930193	0.935968326036	20	0
88.0	0	1.16333393688	1.14804156999	20	0
88.0	0	1.10066689304	1.03840627728	20	0
88.0	0	1.1120379694	1.70545934718	20	0
88.0	0	1.15540008908	1.60308983338	20	0
71.5	0	1.15885898777	0.972317846418	20	0
89.5	0	1.22932198266	2.06178836108	20	0
89.5	0	1.30022720269	2.5459735931	20	0
80.5	0	1.25470093482	3.02205995268	20	0
49.0	0	1.21933029129	1.69360873577	20	0
49.0	0	1.21288440232	2.08260014101	20	0
31.0	0	1.2213981937	1.81874941436	20	0
49.0	0	1.20411663071	1.20717759499	20	0
49.0	0	1.25144822839	1.2273948559	20	0
31.0	0	1.40260110614	1.49566873759	20	0
31.0	0	1.43202726062	1.60049261845	19	0
20.5	0	1.3905666027	0.929502900566	19	0
20.5	0	1.38704064373	0.634988784285	20	0
20.5	0	1.36384672959	0.224560105454	21	0
20.5	0	1.36322847233	0.848955455517	22	0
20.5	0	1.33710204417	2.33342083922	23	0
20.5	0	1.29885843993	2.7161895423	24	0
20.5	0	1.31102548145	2.60331464332	25	0
14.5	0	1.2884194569	3.83512454045	26	0
14.5	0	1.22049860244	4.85805148195	26	0
-3.5	0	1.24695720384	4.01067361791	25	0
-35.0	0	1.18514974732	5.1278885286	24	0
-75.5	0	1.19502206484	5.46814921014	23	0
-107.0	0	1.21315524339	4.4142331291	22	0
-122.0	0	1.17460727606	4.8622062193	21	0
-137.0	0	1.07514439095	6.38679286854	20	0
-164.0	0	0.976529561565	7.59032531527	21	0
-188.0	0	0.990531330216	8.32480926524	22	0
-188.0	0	1.01543306534	7.57518940212	23	0
-137.0	0	0.914916088951	7.8237240241	23	0
-137.0	0	0.889857687533	6.95955890495	23	0
-137.0	0	0.871726364637	6.88829348201	23	0
-122.0	0	0.799220063355	7.68025167892	23	0
-107.0	0	0.789561848793	8.0287363617	23	0
-75.5	0	0.863453641866	8.71115185119	23	0
-99.5	0	0.875770734159	9.22882711858	23	0
-72.5	0	0.809123293457	9.3181782319	23	0
-72.5	0	0.772498816404	9.33871504522	23	0
-101.0	0	0.795432930699	9.16401751456	23	0
-101.0	0	0.847240579506	8.54407725217	23	0
-101.0	0	0.963501248977	7.61082580282	23	0
-101.0	0	0.907647962789	8.35697633367	23	0
-101.0	0	0.916950076104	8.00798130819	23	0
-101.0	0	0.84656538244	8.41961659934	23	0
-108.5	0	0.880202406959	7.48045393752	23	0
-101.0	0	0.722184308302	8.75030918414	22	0
-101.0	0	0.673361413482	9.90548441937	21	0
-119.0	0	0.579934137443	10.2146317621	20	0
-119.0	0	0.57886477566	9.82874211949	19	0
-119.0	0	0.54308189201	9.75349252906	18	0
-119.0	0	0.529756841713	9.64679440006	17	0
-119.0	0	0.558339380145	9.36552439273	16	0
-101.0	0	0.603705063525	8.7217093797	15	0
-93.5	0	0.650179529354	8.96908023815	15	0
-93.5	0	0.660796950744	8.29351234973	15	0
-93.5	0	0.669555238623	7.33638555416	15	0
-93.5	0	0.637330724247	7.4503265358	15	0
-87.5	0	0.612011489749	7.02316865723	15	0
-74.0	0	0.666492560504	5.92890869219	15	0
-50.0	0	0.749148776393	4.33610188246	15	0
-24.5	0	0.763666730028	4.95778748631	15	0
-24.5	0	0.668503769477	5.18691762936	14	0
44.5	0	0.663223901089	4.81089013981	13	0
44.5	0	0.729440157739	4.73622065511	13	0
107.5	0	0.702244566787	5.36749184714	13	0
107.5	0	0.754743493977	4.28607282642	13	0
113.5	0	0.713358705532	4.13624991872	13	0
128.5	0	0.726699204843	3.34456209766	13	0
128.5	0	0.722967356939	3.40798125871	13	0
128.5	0	0.651453183194	3.63701625001	13	0
128.5	0	0.694487964481	4.0084617916	13	0
128.5	0	0.601184260711	4.33249617966	13	0
125.5	0	0.702747133062	3.43500794334	12	0
125.5	0	0.714524076554	2.58870268685	11	0
104.5	0	0.572002541991	1.7940630057	10	0
125.5	0	0.50457575918	1.47756027892	10	0
104.5	0	0.578304239816	0.843629290463	10	0
104.5	0	0.645558080021	0.36950010817	10	0
104.5	0	0.662715357692	0.469827149451	10	0
104.5	0	0.566925563238	1.14703662096	10	0
104.5	0	0.404561524839	1.27518486187	10	0
44.5	0	0.486650557593	0.346739343564	10	0
-38.0	0	0.465439618585	0.294720153027	10	0
-38.0	0	0.538013254938	0.0388129345535	10	0
44.5	0	0.535211341714	0.119757002103	10	0
23.5	0	0.633916290592	0.381640687687	10	0
80.5	0	0.61861373066	0.888577407277	10	0
80.5	0	0.552169902749	1.12980611037	11	0
80.5	0	0.429184319562	0.169095422835	12	0
80.5	0	0.404838811027	0.137945089403	12	0
80.5	0	0.383822921847	0.0549216900346	12	0
80.5	0	0.385898350097	0.153131140959	13	0
80.5	0	0.356091106137	0.24880126254	14	0
104.5	0	0.357310208289	1.01072551955	15	0
125.5	0	0.348583875869	1.43316447453	16	0
155.5	0	0.380669409291	1.35376115887	17	0
155.5	0	0.374731056642	1.65693745504	18	0
155.5	0	0.435334711547	1.60748060157	19	0
182.5	0	0.430443146146	1.58298010484	20	0
155.5	0	0.392502060741	1.57598131195	20	0
125.5	0	0.404673460604	0.815202476594	20	0
125.5	0	0.596129250708	1.35958716664	20	0
113.5	0	0.577769573683	1.89534923787	20	0
113.5	0	0.531808557353	1.99634136508	20	0
113.5	0	0.592089931858	2.98570611546	20	0
119.5	0	0.534410018214	2.49139039844	20	0
119.5	0	0.637955952886	3.68663503597	20	0
113.5	0	0.53876833176	2.73181154269	20	0
83.5	0	0.470845479478	1.7877321824	20	0
83.5	0	0.580296743843	2.19799545168	20	0
44.5	0	0.508822617202	1.44547033429	20	0
89.5	0	0.617825552412	1.42261180402	21	0
89.5	0	0.605364275903	1.48951481944	22	0
44.5	0	0.599241174448	0.957045526164	23	0
44.5	0	0.698955294147	0.53372499969	24	0
-29.0	0	0.741837182093	0.0682022390624	25	0
-29.0	0	0.657614731554	0.797672693368	26	0
-92.0	0	0.637955018534	1.11193687786	27	0
-149.0	0	0.64164157291	1.65139898167	28	0
-149.0	0	0.643173722034	1.2359125988	28	0
-149.0	0	0.626521000147	1.44089073705	28	0
-29.0	0	0.56425109557	1.87880138341	28	0
-29.0	0	0.614434619883	2.72392418747	28	0
-29.0	0	0.568884787496	3.35887837885	27	0
-110.0	0	0.486379548477	4.00117415036	26	0
-110.0	0	0.421610100377	3.82261414879	25	0
-110.0	0	0.470231185762	3.19480530272	24	0
-110.0	0	0.620757692146	3.59301258338	23	0
-56.0	0.0875136496547	0.772808573542	2.77914397484	22	0
-110.0	0.0879496454687	0.778156243692	3.42980163076	21	0
-158.0	0.088051405809	0.809782158513	4.22805089266	20	0
-132.5	0.0879454305816	0.833180882509	4.05390999171	21	0
-158.0	0.0883505957271	0.911412951718	5.08029488849	22	0
-197.0	0.0893570466236	0.857618047327	5.90308759379	23	0
-224.0	0.0896881327695	0.912618551481	6.25688228982	24	0
-243.5	0.0902352058494	0.935681565099	6.20490921048	25	0
-243.5	0.090289547432	1.09393850273	5.52059699912	25	0
-254.0	0.0907303188346	1.08185768434	6.18671152792	25	0
-276.5	0.0909968242576	1.00923390114	6.7265937404	25	1
-276.5	0.091043950235	1.03640903505	7.66373011811	25	1
-276.5	0.0910913118855	1.05887533088	7.70674055129	25	1
-254.0	0.0909557806872	0.982366455578	7.63068848814	25	1
-254.0	0.0908510514013	1.06463324999	7.28232279051	25	1
-243.5	0.0901114102144	1.07890089488	8.03858507944	25	1
-254.0	0.0913866734663	1.08238061176	8.53674792964	25	1
-254.0	0.0912348324802	1.20025306212	7.83618226963	25	1
-254.0	0.0921576753416	1.20579621838	7.79447006833	25	1
-254.0	0.0920783939745	1.20502919512	7.39220965407	24	1
-254.0	0.091491324543	1.27096569436	6.7718528951	23	1
-276.5	0.0919152854532	1.29338457005	6.40208026966	22	1
-254.0	0.0900900476875	1.33316859631	5.71517167257	21	1
-254.0	0.0901060649784	1.34459543974	5.6492191918	20	1
-254.0	0.0901757938054	1.27389644091	6.80635047581	20	1
-254.0	0.090224375439	1.30887052787	7.0472013313	20	1
-254.0	0.090213557602	1.40655092178	6.89660395543	20	1
-243.5	0.0901060649784	1.4419539666	6.70509550091	20	1
-224.0	0.0899839658912	1.45414584373	6.15105904454	20	1
-230.0	0.0901274643842	1.37885415419	5.89084317058	20	1
-254.0	0.0902623370577	1.33729839532	5.34422558863	20	1
-276.5	0.0908048754837	1.28196455057	5.6636702836	20	1
-254.0	0.0905717145756	1.40269678425	5.41064603072	20	1
-282.5	0.0912167733337	1.49693274233	5.599836123	20	1
-282.5	0.0911091337011	1.48470901226	4.62645459415	20	1
-323.0	0.0913927977408	1.60803832462	4.11236961994	19	1
-323.0	0.0913744367065	1.76749281282	2.63227786195	18	1
-345.5	0.0915471957913	1.73223483645	2.03848949301	17	1
-345.5	0.0919217571026	1.7565306643	3.10571447697	16	1
-345.5	0.0918829922699	1.7751148854	3.29408101646	15	1
-359.0	0.0923655402434	1.84797690092	4.56408466735	14	1
-359.0	0.0924335540087	1.87773147361	4.33652321316	13	1
-368.0	0.0925364741735	1.93881248003	3.85755561921	12	1
-378.5	0.0928021684104	1.92507932188	4.09683228611	12	0
-368.0	0.0923384674254	1.88748780441	3.36253782106	12	0
-359.0	0.092197560948	1.89616369846	2.96987628381	12	0
-359.0	0.0921510436874	1.85059037176	2.3792395562	13	0
-359.0	0.0921311759493	1.87763294404	2.30269005949	14	0
-359.0	0.0921709522961	1.85268000363	3.15043962728	15	0
-345.5	0.0920652433894	1.89242761643	2.62849344257	16	0
-329.0	0.0918443828966	1.9837356869	2.44681913053	17	0
-303.5	0.0916662285626	2.07710031499	1.28096223703	17	0
-303.5	0.0916473352909	1.97780496145	1.24131060829	17	0
-303.5	0	2.03840613768	0.265058315929	17	0
-329.0	0	2.06637601674	0.375695298787	16	0
-359.0	0	2.07110010202	0.204905378241	15	0
-359.0	0	2.04067059309	1.04444569625	16	0
-359.0	0	2.06766769397	1.66487929586	17	0
-359.0	0	2.0418567071	2.08493631397	18	0
-359.0	0	2.10804006188	2.3678648517	19	0
-359.0	0	2.10254365934	2.0506843889	20	0
-326.0	0	2.12008699149	2.58296756278	21	0
-332.0	0	2.02985212811	2.74715306343	22	0
-332.0	0	2.01969189221	2.74547698431	23	0
-306.5	0	1.94007190345	3.74943876656	24	0
-284.0	0	1.93000634536	4.28636201408	25	0
-231.5	0	1.89019507499	4.30034605613	26	0
-231.5	0	1.88638785739	4.88418732529	26	0
-284.0	0	1.89513881166	5.81829807565	26	0
-231.5	0	1.97262443123	5.7773553026	26	0
-195.5	0	1.98608718366	5.34481458604	26	0
-195.5	0	2.06198095236	5.02926374717	26	0
-231.5	0	2.07541508094	4.66088150961	26	0
-195.5	0	2.01786450273	5.09859775552	26	0
-185.0	0	1.98520913977	4.87234202586	26	0
-153.5	0	1.82847471	4.81275959545	26	0
-185.0	0	1.70403762764	2.83050400823	26	0
-158.0	0	1.82535389339	1.25748569754	26	0
-185.0	0	1.69649398552	2.35595486269	26	0
-158.0	0	1.53797423077	3.24813729402	26	0
-137.0	0	1.41432862753	4.14790634447	26	0
-125.0	0	1.42041287627	4.7336657388	25	0
-96.5	0	1.37839258403	5.14733369698	24	0
-74.0	0	1.39831819699	5.73601821361	23	0
-74.0	0	1.40277237386	5.53223440545	22	0
-53.0	0	1.36196972956	6.0582768136	21	0
-24.5	0	1.36857013848	6.04876609009	20	0
-6.5	0	1.30507994394	5.58695413665	19	0
-6.5	0	1.16266383249	6.71644477579	19	0
-6.5	0	1.15264806498	7.45867469975	19	0
-12.5	0	1.18739731852	8.57355101326	19	0
-3.5	0	1.07919522859	8.22676855677	19	0
-3.5	0	1.12724444995	9.08102448789	19	0
-12.5	0.0878532048204	1.05462435271	8.76732942256	18	0
-3.5	0.0876308142761	0.99938994303	8.18410093965	17	0
-3.5	0.0876023905596	1.01445211648	6.83218214958	16	0
28.0	0.087056181979	1.02261968838	5.4095503477	15	0
-3.5	0.0873427388336	0.953163114871	4.28104397454	14	0
28.0	0.0872021622677	0.939852478772	2.83911623606	13	0
-3.5	0.0874856000215	0.89915261324	1.07214665041	12	0
-3.5	0.087626748146	0.898393175923	0.304352481301	12	0
-12.5	0.0880984369668	0.786356425531	2.12496304526	12	0
-12.5	0.0881672911942	0.893432228748	3.87598049454	13	0
-24.5	0.0886829520551	0.936798849642	4.00010468453	14	1
-45.5	0.0888445159902	1.05346802339	4.13750295798	14	1
-72.5	0.0889287416669	1.03844841761	4.39940619749	14	1
-72.5	0.0890708769715	1.07843475332	5.21611436364	14	1
-101.0	0.0894064501697	1.11817557377	6.28976790729	14	1
-101.0	0.0894760654348	1.14126033645	6.41925839226	14	1
-134.0	0.0899366219732	1.21036913228	7.26899152796	15	1
-150.5	0.0906620175706	1.18817823453	7.11617960753	15	1
-150.5	0.0906790464401	1.19999947593	7.18397058059	15	1
-150.5	0.0905885803646	1.18739048221	7.77308765602	15	1
-165.5	0.0908163982818	1.14306262044	9.08494831795	15	1
-177.5	0.0910203579202	1.11867842704	10.3456176392	15	1
-177.5	0.0910498575092	1.19881294463	10.8851401458	15	1
-177.5	0.0911448781188	1.28457446235	10.9743496609	16	1
-216.5	0.0912952785504	1.2204360235	10.9277065984	17	1
-216.5	0.0912650074999	1.34943211976	11.6289958711	18	1
-254.0	0.0915099120306	1.51312026736	12.4281652562	19	1
-260.0	0.093097153421	1.43514722085	12.7504556473	20	1
-336.5	0.0938165162313	1.33588375892	13.2545815514	21	1
-411.5	0.0943818497805	1.37411874935	13.781326625	22	1
-419.0	0.0953668012858	1.37032051312	14.5629864448	23	1
-419.0	0.0954864432981	1.39008195774	14.5566879333	24	1
-419.0	0.0949104533644	1.46056880471	15.0162131673	25	1
-419.0	0.0946001797584	1.48013316089	15.353905876	26	1
-419.0	0.0943156089531	1.49609808743	15.2507829928	27	1
-419.0	0.0943818497805	1.58004352248	15.7273039074	28	1
-419.0	0.0943818497805	1.54198360593	16.4695338314	29	1
-419.0	0.0942908803225	1.52122065631	17.615565736	30	1
-419.0	0.0944736459796	1.49385933297	17.945759338	31	1
-419.0	0.0940710132905	1.49604275395	18.8237163192	32	1
-411.5	0.0937538907618	1.56467820187	19.1222776803	33	1
-411.5	0.0941032844411	1.55159692657	19.1148178472	34	1
-371.0	0.0935760024955	1.49336267243	18.1086870173	34	1
-371.0	0.0945240699777	1.4791787158	17.4519279664	34	1
-296.0	0.0933336834919	1.54420683012	16.7042291577	34	1
-338.0	0.0937071781619	1.4025128089	16.5511860354	34	1
-338.0	0.0936839036509	1.47709635434	14.7451215282	34	1
-338.0	0.0935760024955	1.45121816955	13.2920728998	34	1
-296.0	0.0932740181206	1.60612530034	11.9900683836	34	1
-296.0	0.0931999391126	1.63500122663	10.406587366	34	1
-338.0	0.0933937105933	1.53418241304	10.1197307253	34	1
-296.0	0.0928305605205	1.47360611265	10.1394951432	33	1
-296.0	0.0928021684104	1.46408336121	10.0043805516	32	1
-284.0	0.0926964249533	1.40020639323	9.61498695124	31	1
-261.5	0.0924130998898	1.32635617011	8.61551212196	32	1
-260.0	0.0920389958003	1.36333167273	9.03158828268	33	1
-254.0	0.0914357781228	1.24815034635	8.21741195713	34	1
-228.5	0.0910913118855	1.29718801941	8.22003955418	34	1
-195.5	0.0903004538423	1.3166674369	7.39057414247	33	1
-177.5	0.0902297890709	1.31175215981	6.94987529194	32	1
-152.0	0.0902027523117	1.32781408853	6.22871510249	31	1
-152.0	0.0902406257778	1.36713047064	5.13119349905	30	1
-144.5	0.0902189649505	1.3533973125	4.64791759946	29	1
-144.5	0.0902027523117	1.37171530657	3.36494020349	28	1
-144.5	0.0901274643842	1.49464274555	2.38761015119	27	1
-117.5	0.0898895187499	1.44291179852	2.1291891198	26	1
-116.0	0.0894312521598	1.35833809733	2.12594293799	25	1
-102.5	0.0891958817088	1.40774450745	2.29523120252	24	1
-102.5	0.0891524166315	1.44199042387	2.57114561178	23	1
-102.5	0.0890947835743	1.40408248514	3.07080646335	22	1
-102.5	0.089051796777	1.41783623682	2.89672142335	21	1
-81.5	0.0887150348285	1.38979501473	2.42851213171	20	1
-102.5	0.0893128101454	1.28667741674	1.45800521805	20	1
-102.5	0.0895261158755	1.28611525369	1.45050720357	20	1
-102.5	0.089806367134	1.29581173824	0.806972231584	19	1
-102.5	0.0898790838308	1.21500703529	0.931068885579	18	1
-102.5	0.0898686606644	1.28495926418	0.222427006093	17	1
-102.5	0.0894163629169	1.2841953064	0.390510960116	16	1
-81.5	0.088895894259	1.31669001019	0.534525824368	16	1
-81.5	0.0886373162757	1.31633914126	0.967234079424	16	0
-81.5	0.0884036642394	1.29671702372	1.44501779219	16	0
-57.5	0.0881932489	1.3306697758	1.82468298449	16	0
-57.5	0.0883109992675	1.35148312843	1.77027718947	16	0
-36.5	0.0879876695194	1.37184916717	1.95502959683	16	0
-36.5	0.0884659763205	1.24407881812	1.93514220719	17	0
-26.0	0.0882584745548	1.36113740922	1.90458545415	17	0
-14.0	0.087724854734	1.33862311709	1.82858140072	17	0
-14.0	0.0877743185773	1.36649482484	1.64916851781	17	0
25.0	0.0871828147018	1.30235558712	1.39360410416	17	0
74.5	0	1.25415616729	1.36647745465	17	0
74.5	0	1.26881574344	0.343020505649	17	0
74.5	0	1.31563180795	0.0769814151111	17	0
74.5	0	1.31376054455	0.578565609259	17	0
74.5	0	1.34655854673	0.115540721492	17	0
74.5	0	1.38640314688	0.323962929152	17	0
82.0	0	1.39531531925	0.125153274697	17	0
17.5	0	1.46495984219	0.113810107183	17	0
-32.0	0	1.52989818633	0.600520918714	18	0
-32.0	0	1.35837941801	0.402511281868	18	0
17.5	0	1.32004388961	0.035136852676	18	0
17.5	0	1.27121142023	0.0267746524981	18	0
19.0	0	1.218446951	0.223125732265	18	0
19.0	0	1.21929077024	0.354038659726	18	0
19.0	0	1.15821902959	0.309300415322	18	0
19.0	0	1.08951437876	0.358467820047	18	0
19.0	0	1.18176137025	0.289457623044	17	0
-20.0	0	1.3387091633	0.962121463695	17	0
-20.0	0	1.42375684433	1.94860434908	17	0
19.0	0	1.46510843053	3.14625947145	17	0
19.0	0	1.43357642921	3.75516327607	17	0
104.5	0	1.43559166811	4.51359558517	17	0
19.0	0	1.46925826701	4.49159735887	17	0
19.0	0	1.64491432444	4.1981989017	17	0
19.0	0	1.6564247913	4.08797694754	17	0
19.0	0	1.50899786057	3.47337936772	17	0
104.5	0	1.55019039951	3.75745190918	17	0
182.5	0	1.47259780038	3.07092753723	17	0
104.5	0	1.42746374476	2.37913386443	16	0
104.5	0	1.33875043119	1.79597849007	15	0
37.0	0	1.35065894608	1.81608539304	14	0
-0.5	0	1.35262751427	1.53561363715	14	0
-20.0	0	1.32518694384	0.869089069317	14	0
-20.0	0	1.35227915107	1.05237906637	14	0
-26.0	0	1.3936016668	0.884405845758	14	0
-24.5	0	1.47355157232	0.329838024501	14	0
-24.5	0	1.51787674191	1.01116057294	14	0
-45.5	0	1.52304000091	1.33902406894	14	0
-24.5	0	1.50836478974	1.95937197826	14	0
-24.5	0	1.47819229012	1.78890341057	14	0
-45.5	0	1.39960339359	1.94712521547	13	0
-24.5	0	1.40097782651	3.06230815472	12	0
-24.5	0	1.41659802348	2.36878911501	11	0
-24.5	0	1.39991659001	2.49890899907	10	0
-17.0	0	1.35555432995	2.46330038359	9	0
-17.0	0	1.32461841536	2.97061228112	9	0
-20.0	0	1.19882689061	2.24014424554	9	0
-17.0	0	1.13259009923	1.50439643498	9	0
-17.0	0	1.01586881632	0.469718895755	9	0
-17.0	0	1.0785587693	0.262820681921	9	0
-20.0	0	1.09324037685	0.112012634292	9	0
-20.0	0	1.12681450816	0.650642729308	9	0
-26.0	0	1.13558405011	0.899969197398	9	0
-21.5	0	1.09701334481	0.733280762746	10	0
-18.5	0	1.14643548397	0.461457428353	11	0
-9.5	0	1.22095982286	0.37680076909	11	0
-18.5	0	1.13300317362	0.296164856557	11	0
-18.5	0	1.07078804692	1.24562288427	11	0
-18.5	0	1.01527512273	1.53473762263	11	0
-21.5	0	1.03150590494	2.29395257957	11	0
-18.5	0	1.08855153755	1.68085203315	11	0
-18.5	0	1.07871940491	1.64245698849	11	0
-9.5	0	0.949038776737	2.13371466051	11	0
-9.5	0	0.930605229818	2.54109655788	11	0
-9.5	0	0.897498481758	2.52170797498	11	0
7.0	0	1.02745388188	2.23911625465	11	0
7.0	0	1.09471030116	2.05618902276	12	0
-9.5	0	1.1334084142	1.95185742169	13	0
-9.5	0	1.14952770293	1.31428600712	13	0
-9.5	0	1.24517138477	0.819857691981	13	0
7.0	0	1.23960665182	0.647918050197	13	0
32.5	0	1.23741914801	0.444566524297	13	0
32.5	0	1.20624180735	0.480278738498	13	0
32.5	0	1.1530452418	0.682896241713	13	0
49.0	0	1.13707347146	0.391423052155	13	0
32.5	0	1.23218534555	0.116680654179	13	0
8.5	0	1.23188324381	0.634138611404	13	0
32.5	0	1.21365378817	0.140499428644	13	0
8.5	0	1.22331647864	0.870875338134	13	0
8.5	0	1.24186479337	0.178130454411	13	0
8.5	0	1.3476981439	0.248110505336	14	0
8.5	0	1.37393536002	0.969210742544	15	0
32.5	0	1.27192617276	0.684673618461	15	0
46.0	0	1.27927817231	0.923855600868	15	0
31.0	0	1.28830166564	0.750709152869	15	0
31.0	0	1.27856079973	0.0200750294762	15	0
46.0	0	1.34328607373	0.35763148744	15	0
46.0	0	1.41083826647	1.13105505414	15	0
73.0	0	1.49306198435	1.49287213334	14	0
100.0	0	1.59315027542	2.34776288091	14	0
100.0	0	1.62161212823	2.43780742567	14	0
100.0	0	1.63727161192	3.3789190388	14	0
109.0	0	1.69083127225	3.81175351768	14	0
109.0	0	1.75452601495	3.38752881022	14	0
100.0	0	1.72811225213	2.59554858623	15	0
109.0	0	1.63029672572	1.92167161459	16	0
152.5	0	1.5893657112	1.09894699353	17	0
193.0	0	1.5383415638	1.60243813666	18	0
152.5	0	1.58888425749	1.36309758386	19	0
152.5	0	1.45687790473	1.57470226404	19	0
193.0	0	1.32158787724	1.71931807508	19	0
193.0	0	1.35401629743	2.07713639481	19	0
193.0	0	1.49234109298	3.10360757392	19	0
223.0	0	1.54510412447	3.81335667153	19	0
223.0	0	1.54599149986	4.02869607999	19	0
265.0	0	1.43831203491	3.51619083289	19	0
265.0	0	1.2763860323	2.79925107727	19	0
284.5	0	1.22471444242	3.5695212794	19	0
284.5	0	1.30437666542	3.98382782856	19	0
265.0	0	1.28017794468	3.69290986417	19	0
265.0	0	1.23393051032	2.95165712884	19	0
265.0	0	1.15253762697	2.72418058923	19	0
284.5	0	1.18287011244	3.55361303782	19	0
284.5	0	1.20438359251	3.81099256384	19	0
265.0	0	1.21409863496	3.96022646978	18	0
265.0	0	1.08277786079	3.97424312375	17	0
265.0	0	0.951115668706	3.13703924275	16	0
265.0	0	0.973680973128	3.56658607519	16	0
265.0	0	0.961416294856	3.90138962297	17	0
223.0	0	0.882272586686	2.14734043068	17	0
265.0	0	0.817434815551	1.19854867101	17	0
265.0	0	0.810601676881	0.494581372933	17	0
284.5	0	0.880603663101	0.468069869935	17	0
287.5	0	0.901459335312	0.809584965376	17	0
287.5	0	0.926049671961	1.02753522198	17	0
287.5	0	0.883016007195	0.80759952069	17	0
287.5	0	0.84746630194	0.0245880300567	17	0
287.5	0	0.699976503071	1.20474124307	17	0
287.5	0	0.717947941751	0.294778338422	16	0
268.0	0	0.754440207811	0.167488934571	15	0
268.0	0	0.662622233633	0.43098894878	14	0
268.0	0	0.556673193475	0.547110163217	13	0
226.0	0	0.566473473777	0.417648135792	12	0
287.5	0	0.576031526844	0.132153074061	12	0
287.5	0	0.570407845447	0.00744837721346	13	0
226.0	0	0.60573988207	0.380201161999	13	0
226.0	0	0.629917249119	0.0385002165471	13	0
157.0	0	0.620734828007	0.106823999793	13	0
226.0	0	0.56002789449	0.52571150495	13	0
226.0	0	0.687306693926	0.882942489586	13	0
226.0	0	0.793875135636	0.551328012527	13	0
157.0	0	0.767560510189	0.376543187267	13	0
157.0	0	0.734293638671	0.0347609603094	14	0
149.5	0	0.605555232278	0.867082681265	14	0
149.5	0	0.63268504382	1.06813821517	14	0
149.5	0	0.71550394596	0.533022058986	14	0
157.0	0	0.77000749412	0.153314779529	14	0
149.5	0	0.781298972986	1.05469975767	14	0
119.5	0	0.692498147711	1.22231352423	14	0
119.5	0	0.788071224485	0.00445332615679	14	0
86.5	0	0.742345543232	0.897754999553	14	0
109.0	0	0.719580631856	1.37926394089	14	0
86.5	0	0.715947198892	0.0655645392813	14	0
76.0	0	0.711483716191	0.347807328603	14	0
76.0	0	0.699385703121	0.158016293376	14	0
41.5	0	0.680753429735	1.16495013283	14	0
41.5	0	0.800349803884	1.01664479588	14	0
41.5	0	0.78894317569	1.15762504866	14	0
76.0	0	0.771558442298	1.34461058784	14	0
86.5	0	0.905846951332	0.575601332663	14	0
86.5	0	0.992007409353	1.09898501159	14	0
76.0	0	1.06581249572	2.05871904833	14	0
53.5	0	1.07125865363	2.13877964301	14	0
26.5	0	1.06101504194	1.79496406427	14	0
53.5	0	1.01524989925	1.49749576722	14	0
53.5	0	1.09745739622	2.31580970354	14	0
53.5	0	1.14851336237	2.36559585425	14	0
76.0	0	1.35745537166	2.92822053579	14	0
53.5	0	1.31966500278	1.75152332465	13	0
53.5	0	1.26764540634	1.36051433367	13	0
53.5	0	1.30973807263	2.34952439514	13	0
53.5	0	1.4117844795	1.97009281607	13	0
53.5	0	1.3286485907	0.81661419956	13	0
53.5	0	1.30503678936	0.752071357192	13	0
76.0	0	1.30502593583	0.978905308287	13	0
85.0	0	1.31272996767	1.26303408546	13	0
85.0	0	1.32568564845	1.58979680131	12	0
85.0	0	1.35924085215	1.49501752947	12	0
85.0	0	1.4089104112	1.30333474276	12	0
97.0	0	1.37358839281	1.20520382167	12	0
97.0	0	1.39766417236	1.81507695261	12	0
118.0	0	1.35598047391	1.65536527123	12	0
97.0	0	1.34748001252	0.703335836025	12	0
118.0	0	1.43874617046	1.42716067904	12	0
97.0	0	1.49986791534	1.75691235717	12	0
97.0	0	1.49150831829	1.64521916691	12	0
77.5	0	1.50378742842	1.12788183842	12	0
77.5	0	1.59437205365	1.68259106066	12	0
97.0	0	1.6140397712	1.77969144377	12	0
118.0	0	1.53027447513	1.09626876032	12	0
164.5	0	1.64719467806	0.731157415919	12	0
200.5	0	1.75301361482	0.818808905321	12	0
200.5	0	1.7041140799	1.10103289866	11	0
200.5	0	1.76209015884	1.63938731476	11	0
227.5	0	1.6767840644	1.14117818772	11	0
263.5	0	1.69552543276	1.77209527547	11	0
263.5	0	1.7050148034	1.74914606946	11	0
227.5	0	1.66587009671	1.5574434137	11	0
200.5	0	1.64721101849	1.83262072923	10	0
200.5	0	1.60957466594	1.56925277675	10	0
200.5	0	1.58000372143	1.21068603603	10	0
200.5	0	1.59978296328	0.986111001825	10	0
200.5	0	1.62266431366	2.03049713897	10	0
200.5	0	1.67770250269	1.46081356565	10	0
227.5	0	1.65479024509	1.51238006701	10	0
227.5	0	1.62711211359	0.876617778258	10	0
200.5	0	1.66918335352	1.78470558176	10	0
172.0	0	1.54911207521	1.71361029019	10	0
200.5	0	1.56582901068	2.6886564493	10	0
200.5	0	1.58170093396	2.53165778688	10	0
221.5	0	1.60011391656	1.76493951065	10	0
248.5	0	1.62608933466	1.65955640986	11	0
262.0	0	1.65516339992	2.14216831885	11	0
248.5	0	1.70212609859	2.76706660515	11	0
248.5	0	1.73362633992	3.04540528596	11	0
221.5	0	1.76295620955	2.34186128531	11	0
200.5	0	1.82827576697	2.3727524795	11	0
172.0	0	1.83667850825	2.52239222398	11	0
125.5	0	1.82817053165	3.12173138823	12	0
172.0	0	1.90032515268	3.32856360921	13	0
118.0	0	1.88366017565	2.33256613041	14	0
64.0	0	1.9704093548	2.97106011847	15	0
64.0	0	2.06259108489	4.25451857083	16	0
-5.0	0	2.06704567209	3.50070113193	17	0
-5.0	0	2.05479628836	3.18539275507	17	0
-81.5	0	2.17054143942	2.85294204668	17	0
-81.5	0	2.27260770101	3.78057302185	17	0
23.5	0	2.172640394	3.57628874836	17	0
23.5	0	2.11713080288	2.96992629574	17	0
-14.0	0	2.09378281439	2.35078392036	17	0
-14.0	0	2.04015558311	2.1674264895	18	0
-14.0	0	2.04159492964	2.09125879921	18	0
-11.0	0	2.10215096574	3.40228946202	18	0
-11.0	0	2.05469461893	3.2487879077	18	0
-78.5	0	2.14256536438	3.05516767719	18	0
-78.5	0	2.15335766945	3.23709576067	18	0
-120.5	0	2.18401563613	2.13842725273	18	0
-120.5	0	2.19874354419	2.20774885414	18	0
-117.5	0	2.21767314929	1.79445798067	18	0
-117.5	0	2.27519227129	1.72469608991	18	0
-120.5	0	2.23369220331	2.48017612255	18	0
-117.5	0	2.05415869984	1.57279881835	18	0
-122.0	0	2.02078153267	0.81061740253	18	0
-122.0	0	1.90376094226	0.329810646349	18	0
-129.5	0	1.9597184579	0.269701241024	18	0
-129.5	0	1.89828390197	0.365013805066	18	0
-122.0	0	1.82406373028	1.12198346025	18	0
-78.5	0	1.83685885133	0.998463103624	18	0
-78.5	0	1.82222535312	1.43174803952	18	0
-17.0	0	1.77935182091	1.66437069299	18	0
-78.5	0	1.76360469102	2.04251609369	18	0
-78.5	0	1.70624292886	1.63540321222	18	0
-122.0	0	1.68280380361	1.55628429713	18	0
-122.0	0	1.61139319371	2.25865356665	17	0
-122.0	0	1.57705209637	2.59530465884	16	0
-78.5	0	1.58708981162	1.62866547354	15	0
-17.0	0	1.5642206333	1.39848167225	14	0
11.5	0	1.54585839287	1.45068760589	14	0
11.5	0	1.48885675552	2.2377939216	14	0
11.5	0	1.47884994957	2.19443043117	14	0
34.0	0	1.3817655728	1.99115102716	14	0
62.5	0	1.32382587528	2.33139678677	14	0
95.5	0	1.28592699923	2.67623404337	14	0
130.0	0	1.21363395774	2.53046950254	14	0
130.0	0	1.19278216589	2.5073944734	13	0
157.0	0	1.08224019353	1.70488886667	12	0
130.0	0	1.11187338073	1.09254806771	12	0
130.0	0	1.16775199616	0.396173507999	12	0
130.0	0	1.11138902927	0.109404859003	12	0
130.0	0	1.12069748065	0.458524415778	12	0
109.0	0	1.11958399692	0.646515820923	12	0
109.0	0	1.12442021466	0.387305951415	12	0
109.0	0	1.10504011167	0.101183260769	12	0
109.0	0	1.12464171535	0.0134802891447	12	0
109.0	0	1.09452538495	0.178101907706	12	0
76.0	0	1.15984692148	0.0715576805994	12	0
109.0	0	1.1478679772	1.60629007909	12	0
130.0	0	1.21141694901	2.24383861771	12	0
130.0	0	1.32967931398	2.70591767149	12	0
167.5	0	1.31910746206	2.69029456322	12	0
167.5	0	1.29145480235	1.97905997721	12	0
167.5	0	1.43047115247	2.68823228047	12	0
196.0	0	1.42558111707	2.80110386515	12	0
266.5	0	1.51690963922	3.99753055165	11	0
350.5	0	1.4709757167	3.77794316127	11	0
350.5	0	1.50772700429	5.25342323992	11	0
350.5	0	1.46483693945	4.77132951589	11	0
350.5	0	1.47456115104	4.82661556296	11	0
266.5	0	1.46517562741	4.56875937319	10	0
350.5	0	1.48238491599	4.8849737745	9	0
350.5	0	1.56707166473	6.5013984148	8	0
374.5	0	1.62924772997	6.76018493025	8	0
415.0	0	1.6745288176	7.32533898338	8	0
415.0	0	1.55318626218	6.67471590232	8	0
415.0	0	1.60306323587	6.69815382928	8	0
415.0	0	1.45964201206	5.95732225407	7	0
374.5	0	1.40192737871	5.60259035273	8	0
374.5	0	1.43766637242	5.73708699533	9	0
374.5	0	1.39701944112	5.4513717648	10	0
307.0	0	1.40531477401	5.62332842621	11	0
194.5	0	1.4247082169	5.36692098554	11	0
131.5	0	1.43266217213	4.80285379291	11	0
182.5	0	1.39198137036	4.96743521083	11	0
110.5	0	1.30705190133	5.35149799134	11	0
110.5	0	1.31724652184	5.00684241648	11	0
101.5	0	1.34466462789	4.54685772232	11	0
110.5	0	1.33226379972	3.93317480868	11	0
110.5	0	1.33692875175	3.00273690882	11	0
110.5	0	1.41988326255	2.81653679283	11	0
110.5	0	1.50566530264	2.00401381432	11	0
124.0	0	1.58254477342	2.6628671443	11	0
124.0	0	1.54083732364	2.40518884971	11	0
124.0	0	1.55284757299	2.62817012561	11	0
124.0	0	1.59047822352	2.56347522724	11	0
124.0	0	1.5356997666	2.92874189192	11	0
124.0	0	1.49020798223	3.51859509399	11	0
124.0	0	1.43821227345	3.0882152146	11	0
110.5	0	1.33946852277	2.44421250273	11	0
124.0	0	1.19853894358	2.09992436592	11	0
115.0	0	1.12844955052	1.44527113916	11	0
119.5	0	1.15026698933	1.04020224564	12	0
106.0	0	1.02620303727	0.737925741803	13	0
106.0	0	0.970627381476	0.91475962427	13	0
85.0	0	0.993996650903	0.980373809878	13	0
85.0	0	1.03421067539	1.39585138348	13	0
49.0	0	0.991736725185	0.850436614039	13	0
49.0	0	1.07283967777	1.84869735615	13	0
40.0	0	1.05729561178	1.87824136101	13	0
40.0	0	1.04229929739	1.84823221358	13	0
40.0	0	1.03353799849	1.87685506887	13	0
59.5	0	0.927962887985	1.03599823937	13	0
59.5	0	0.910368836304	1.35972219795	13	0
59.5	0	0.909292473932	1.20289643431	13	0
59.5	0	1.00662091136	2.35610195848	12	0
68.5	0	0.818606998693	1.69893556599	11	0
59.5	0	0.934867150943	1.48802981484	11	0
59.5	0	0.974549245703	1.66000771832	11	0
59.5	0	0.953042768384	1.53899196985	11	0
59.5	0	1.01790020758	1.70277268207	11	0
62.5	0	0.982488179791	0.988934906961	12	0
68.5	0	0.929479999476	1.01684776835	13	0
68.5	0	0.876220698043	0.0708665978974	14	0
62.5	0	0.818364939588	0.506299237466	15	0
68.5	0	0.939979680438	0.403027810426	15	0
83.5	0	0.798109320305	0.213346669952	15	0
83.5	0	0.830287998693	0.191135430919	15	0
83.5	0	0.689534142025	1.16646539885	15	0
68.5	0	0.606581125522	1.5368209551	15	0
62.5	0	0.600413243385	1.10175219137	15	0
62.5	0	0.470059119137	0.0828097577172	15	0
62.5	0	0.395144435309	0.259879807166	15	0
62.5	0	0.426374702511	0.0820102032723	15	0
62.5	0	0.439036765658	0.659597820883	15	0
68.5	0	0.295690700581	1.56185757349	15	0
83.5	0	0.316426027866	2.22663985304	15	0
83.5	0	0.276155864882	2.41051143648	15	0
68.5	0	0.248474290047	3.25433818105	14	0
83.5	0	0.2901045199	2.97797392733	14	0
62.5	0	0.322045627573	2.78906758286	14	0
53.5	0	0.340395081638	2.22057739729	14	0
37.0	0	0.342063536206	1.62415843223	14	0
37.0	0	0.397772151582	1.95879991176	15	0
37.0	0	0.515325957249	1.75580161114	15	0
53.5	0	0.479283373613	1.96426537524	15	0
53.5	0	0.537224770352	1.64883793643	15	0
62.5	0	0.629660204552	1.41587569118	15	0
62.5	0	0.630866855276	1.71670284185	15	0
83.5	0	0.671745998268	1.9305210716	15	0
83.5	0	0.670215668707	0.945778129896	15	0
110.5	0	0.70237119503	0.695408187644	15	0
110.5	0	0.743084018543	0.697484846791	15	0
110.5	0	0.727847912208	1.29937911341	15	0
62.5	0	0.764581416298	1.51482901666	16	0
40.0	0	0.740593842378	1.94861086704	17	0
40.0	0	0.87231697199	1.36231257806	17	0
104.5	0	0.867002407569	0.538701875704	17	0
124.0	0	0.846548537884	0.674695670846	17	0
163.0	0	0.679793859305	1.34290075685	18	0
163.0	0	0.660885348975	1.16904151015	19	0
163.0	0	0.641809265457	1.11650690863	20	0
124.0	0	0.752770314394	1.35736502567	21	0
124.0	0	0.81063416242	0.248067203795	22	0
124.0	0	0.815585512596	0.134255615196	23	0
118.0	0	0.876382377749	0.150123504811	24	0
67.0	0	0.914320123034	0.108934039725	25	0
118.0	0	0.889913914	0.0642310180571	26	0
118.0	0	0.945567380642	1.14289650714	26	0
157.0	0	0.98334606688	2.05266187126	26	0
182.5	0	1.00568961167	1.81621186724	26	0
208.0	0	1.08000195949	1.33247604676	26	0
208.0	0	1.091388227	0.921128373871	26	0
182.5	0	1.11158507375	0.859949751876	26	0
182.5	0	1.0821261093	1.01355396365	26	0
182.5	0	1.11288687775	1.37730977313	26	0
157.0	0	1.13335516198	1.61393728684	26	0
157.0	0	1.12191126006	0.855281201226	26	0
197.5	0	1.18572645588	1.61394411465	25	0
197.5	0	1.22056331824	1.80093607469	24	0
223.0	0	1.21123486664	2.31327879666	25	0
232.0	0	1.28045383297	2.99395618877	26	0
232.0	0	1.30597365921	3.10939557668	27	0
232.0	0	1.3874150011	3.82356714839	28	0
223.0	0	1.33576109366	4.23599472828	29	0
206.5	0	1.32834890416	5.15894150329	30	0
182.5	0	1.31862931489	5.03055587498	31	0
188.5	0	1.1965006526	4.21001482071	32	0
188.5	0	1.15781711998	3.50239970917	31	0
163.0	0	1.02946958122	3.92908196445	30	0
163.0	0	0.957491093424	2.94887398719	29	0
118.0	0	0.941766743927	2.59093449074	28	0
67.0	0	0.9543116296	2.71036971615	27	0
67.0	0	0.945215630672	2.37278743611	26	0
67.0	0	0.873092456002	2.48934082121	25	0
118.0	0	0.830645960872	2.45931442391	24	0
118.0	0	0.851660549744	2.18416229567	23	0
118.0	0	0.879910329397	2.12340975875	22	0
97.0	0	0.87331938279	2.01477942484	21	0
46.0	0	1.17574419874	4.1593766422	20	0
97.0	0	1.23740699035	4.94023324365	19	0
163.0	0	1.23645128735	4.13792593626	18	0
163.0	0	1.2243232475	4.18037749247	18	0
163.0	0	1.18327380448	3.3121332625	19	0
163.0	0	1.16985368076	2.64729458673	20	0
119.5	0	1.02518265742	1.8134513677	21	0
188.5	0	1.06548187359	1.73973724397	22	0
119.5	0	1.01926261523	1.40374765964	23	0
119.5	0	1.10720719462	0.798560933306	24	0
119.5	0	1.18520098666	0.603710304011	25	0
29.5	0	1.22340080536	0.456316575554	25	0
29.5	0	1.21866916083	0.530274077786	25	0
29.5	0	1.19669160869	1.0574132505	25	0
29.5	0	1.19655736472	1.49735713738	25	0
64.0	0	1.2518149704	2.40965903595	25	0
29.5	0	1.13989960625	1.42522904799	25	0
64.0	0	1.15082770468	1.56295130348	24	0
79.0	0	1.23828264747	1.58166840591	23	0
64.0	0	1.20705633267	1.66744010933	22	0
64.0	0	1.19730823266	1.46337329057	21	0
64.0	0	1.24325247006	1.22842920137	20	0
64.0	0	1.2086380108	1.07912775798	19	0
64.0	0	1.27296597524	1.31226065348	18	0
64.0	0	1.223797662	0.427164338753	18	0
79.0	0	1.23508006969	0.35119332919	18	0
106.0	0	1.19990169481	1.90993180893	18	0
106.0	0	1.22005842693	2.0709441686	18	0
79.0	0	1.2930110011	1.33510069705	18	0
79.0	0	1.25196583068	0.0492092485342	18	0
79.0	0	1.34766146404	0.463133254368	18	0
106.0	0	1.42934762408	0.016740803012	18	0
106.0	0.0870067956162	1.43284755451	0.175742050309	18	0
106.0	0.0869163485785	1.4180714236	0.203703683435	18	0
106.0	0.0864955535009	1.44788101004	0.0687540583113	18	0
106.0	0.0864991258792	1.48353750995	0.0380628848061	19	0
79.0	0.0865961424341	1.57185450341	0.0389124884037	20	0
64.0	0.0867934975902	1.5801068116	0.402032088248	21	0
29.5	0.0875216802468	1.56397057608	0.532410145572	21	0
-21.5	0.0875579086223	1.64799879014	0.793079398214	21	0
40.0	0.0872137913406	1.57063171053	0.458037262908	21	0
40.0	0.0875579086223	1.52317272452	1.28232836236	21	0
-21.5	0.0879075861743	1.6374496828	0.519052221275	21	1
40.0	0.0874417015591	1.69077361483	0.179439771596	21	1
40.0	0.0874257925579	1.74783115154	1.00294119125	21	1
40.0	0.0873742859636	1.74722314736	1.71304730904	21	1
40.0	0.0874099122475	1.79820286385	2.16597018749	22	1
-21.5	0.0878033004187	1.76645963322	1.47192518974	23	1
-21.5	0.0877660554142	1.79708191654	1.20421663335	24	1
-51.5	0.088051405809	1.7898710874	1.51392715066	25	1
-51.5	0.0878824457371	1.75067507818	1.56404101547	26	1
-78.5	0.0880599385103	1.79362021482	1.98475885203	27	1
-78.5	0.0886601053373	1.77523121215	1.94593451755	28	1
-107.0	0.0890852134018	1.77245410061	1.25247897194	29	1
-107.0	0.0890852134018	1.78292513028	0.669420808611	30	1
-107.0	0.0890232512747	1.75343959419	0.121936485375	31	1
-78.5	0.08873106608	1.96026231394	1.1078974453	32	1
-107.0	0.0889903342519	1.99480241492	1.10555540924	33	1
-107.0	0.0887588379331	1.94379784623	0.902361615995	34	1
-78.5	0.0882687975343	1.94260598286	0.266822235428	34	1
-78.5	0.0879749611	1.90258024455	0.218327166538	34	1
-107.0	0.0884954634676	1.8554909409	0.881375698626	34	1
-128.0	0.0888364439455	1.80591194331	2.12686225799	34	1
-158.0	0.0891286083416	1.769443559	2.96015612439	34	1
-158.0	0.0890947505455	1.79525342144	3.01831906933	34	1
-176.0	0.0892826190911	1.75414638084	3.77571394582	35	1
-185.0	0.0895443578804	1.79747072211	3.73931850483	36	1
-185.0	0.0896551380269	1.77994312896	3.66656802875	36	1
-185.0	0.089746740557	1.83607770739	4.1331957513	36	1
-191.0	0.0900751994726	1.94043817502	4.73277214313	36	1
-198.5	0.0902088498119	1.88090000148	5.21758562228	35	1
-209.0	0.0905210803041	1.92666123115	6.51819932303	34	1
-209.0	0.0904933006268	1.93744571291	6.88056659396	33	1
-209.0	0.0904711457157	1.93038585362	6.88995649086	33	1
-222.5	0.0913635801863	1.90268695616	7.39441202163	33	1
-222.5	0.091406194081	1.94922994895	7.95964113369	33	1
-242.0	0.0915609552351	2.02733029776	8.09581890381	33	1
-255.5	0.0916788447952	2.05166901322	8.38365826675	33	1
-242.0	0.0915223238028	2.03349218403	9.43081777344	33	1
-242.0	0.0915285357373	1.9803783002	9.88763193826	33	1
-255.5	0.0920324450337	1.96260373135	10.7233646286	33	1
-255.5	0.0925433743231	2.04311718068	10.9233085473	33	1
-255.5	0.0924677400309	1.94953113595	11.0470213668	33	1
-273.5	0.0932814566447	1.91773234997	11.5379995464	33	1
-273.5	0.0932963504952	1.76945641525	13.5876984576	33	1
-275.0	0.0934389707024	1.79017781361	15.1825401047	33	1
-275.0	0.0934692592371	1.90921082888	15.5606607041	33	1
-296.0	0.0935683398451	2.01537926579	15.6340285052	33	1
-302.0	0.0936606833594	2.0572898599	16.0222718501	33	1
-279.5	0.0933187333913	2.02725220337	16.8011618375	33	1
-279.5	0.0929449577783	2.00994854915	17.7569623689	33	1
-279.5	0.0928947448719	1.95545689126	18.6890158388	33	1
-279.5	0.0928733034066	1.95369671817	18.299065513	32	1
-318.5	0.0930316383363	2.0256513064	19.6313912771	31	1
-318.5	0.0920062863259	1.89790341602	19.5277868341	30	1
-318.5	0.0918701052614	1.88007007418	19.1952077783	29	1
-318.5	0.0920324450337	1.83312828499	18.8715965185	29	1
-318.5	0.0919282331019	1.83964090728	18.6194084033	29	1
-350.0	0.0925502793585	1.83212147859	18.4644719669	29	1
-350.0	0.0931484124132	1.84044215969	18.5692718939	29	1
-350.0	0.0931410733686	1.80789129902	18.1036075343	29	1
-318.5	0.0925987519399	1.76015513779	18.2155752347	29	1
-318.5	0.0926335231777	1.82448560254	17.1579885111	28	1
-279.5	0.0919088181484	1.81645401615	16.6678887039	28	1
-245.0	0.0905998410853	1.85983233794	15.9003518242	28	1
-230.0	0.0901167585252	1.92856958111	14.8578132646	28	1
-225.5	0.0896270417863	1.86624160586	14.7536639439	28	1
-210.5	0.0894362206172	1.75385976859	15.1240012487	28	1
-165.5	0.0889381485121	1.59150229103	15.237956016	27	1
-126.5	0.0888212581416	1.58507923696	15.1888413317	26	1
-99.5	0.0886783780863	1.48886868656	15.1143041772	25	1
-99.5	0.0886555429209	1.46549365267	13.6868812092	24	1
-99.5	0.0886875283407	1.42769572987	13.5912858044	23	1
-99.5	0.0885422259005	1.39761645059	13.6211836357	22	1
-99.5	0.0886373162757	1.40640347961	12.983674586	21	1
-99.5	0.0886509828087	1.32623800029	12.8229112962	20	1
-72.5	0.0882497502948	1.24856319825	12.7981490033	19	1
-72.5	0.0882236283998	1.19480892127	12.6984026895	18	1
-72.5	0.0881932489	1.16536175787	12.7108478893	18	1
-65.0	0.0880855856868	1.06630322139	13.0878897566	18	1
-65.0	0.0879454305816	1.01883941813	12.9817081967	17	1
-54.5	0.0878908179863	0.959893091519	12.7754229964	16	1
-54.5	0.0878615495534	0.926771878901	12.7760430523	15	0
-18.5	0.087565979603	0.923517297814	12.2769574137	14	0
20.5	0.0869313580846	1.03115784806	10.7117857279	13	0
20.5	0.0869163485785	1.09081885915	9.10353088122	12	0
20.5	0.086771346291	0.934431415998	8.94034870075	11	0
20.5	0.0866796526841	0.841974560542	8.10293903202	10	0
38.5	0.0865098518864	0.766099113886	8.34963693722	10	0
20.5	0.0867529299222	0.775675988215	6.79926212843	10	0
20.5	0.0869652242619	0.809361346176	5.63600253717	10	0
20.5	0.0869013648827	0.829721112575	5.07275960002	10	0
32.5	0	0.832467321629	5.34870057839	10	0
55.0	0	0.789573435464	3.98047533447	10	0
32.5	0	0.89917154108	3.79824547878	10	0
32.5	0	0.779468166088	4.42481901484	10	0
32.5	0	0.790273211513	4.34325871372	10	0
32.5	0	0.787755228839	4.21437226697	10	0
32.5	0	0.803565076327	3.87563606243	10	0
32.5	0	0.815494224873	3.1600226017	11	0
-11.0	0	0.72029552931	3.14929965793	12	0
-11.0	0	0.765302779114	2.59727625713	13	0
-11.0	0	0.685393507163	2.06371264155	14	0
-11.0	0	0.670080600112	2.3601872512	14	0
-11.0	0	0.568910249177	2.25080383465	14	0
-11.0	0	0.516984241381	2.82766401507	14	0
-11.0	0	0.615802489107	1.65326699551	14	0
-11.0	0	0.696268228196	0.975995102872	14	0
-11.0	0	0.838213262199	0.412331499417	14	0
-47.0	0	0.775980494847	0.301295172816	14	0
-11.0	0	0.954697270374	0.500552784824	14	0
37.0	0	0.911891847233	0.414700305793	14	0
95.5	0	1.0034034766	0.130326014376	14	0
95.5	0	1.01679974631	0.513974923809	14	0
146.5	0	1.02073276721	0.809086431806	13	0
146.5	0	0.971681666989	0.966061400053	13	0
146.5	0	0.992278278274	0.898482436608	14	0
167.5	0	0.968659713968	0.322281899016	15	0
175.0	0	1.01072924305	1.52877342673	15	0
175.0	0	1.08704789922	2.2557917631	15	0
175.0	0	1.06936689621	3.20773331413	15	0
175.0	0	0.940775851392	2.86039381566	15	0
175.0	0	0.899047464289	2.49753714623	15	0
167.5	0	0.883106975359	2.56780179099	15	0
167.5	0	0.894032638816	2.63535533511	15	0
167.5	0	0.882040710651	2.57778736906	15	0
175.0	0	0.919935115903	3.21699105994	15	0
175.0	0	0.933227220225	3.92219996035	15	0
244.0	0	0.839661193121	4.68940555335	15	0
244.0	0	0.770855506043	3.55412373023	15	0
175.0	0	0.683631737713	2.9715203458	15	0
244.0	0	0.649561448465	3.04282732904	15	0
175.0	0	0.61305319365	2.11633098173	15	0
167.5	0	0.505909185954	2.22090980115	15	0
167.5	0	0.516380215625	2.68881069177	15	0
167.5	0	0.637088491908	3.19895835169	14	0
167.5	0	0.560103072014	2.6684762747	13	0
175.0	0	0.516234683837	1.93328963839	13	0
175.0	0	0.531247601716	2.10033644164	13	0
175.0	0	0.552271049389	0.866158811032	13	0
244.0	0	0.575388025769	0.636271245425	13	0
244.0	0	0.575625127091	0.540877668397	13	0
316.0	0	0.51751841853	0.961425738118	13	0
316.0	0	0.515417847228	1.43165836075	13	0
316.0	0	0.534903446344	1.75345464729	13	0
244.0	0	0.558856846304	1.59718542219	13	0
175.0	0	0.468190815773	2.36718103173	13	0
244.0	0	0.332164718382	2.81240472339	14	0
244.0	0	0.290003497506	2.74700325181	14	0
244.0	0	0.374926663093	2.19246048328	14	0
175.0	0	0.367196886372	2.64357061373	14	0
145.0	0	0.331581954943	2.59122016039	13	0
140.5	0	0.303181308393	3.27581761049	13	0
112.0	0	0.189322563939	3.40698867874	13	0
106.0	0	0.182288507327	3.86398354863	13	0
110.5	0	0.200843166453	4.12006908503	13	0
95.5	0	0.112542298794	4.16111555734	13	0
38.5	0	0.13304572618	4.14012944165	13	0
38.5	0	0.145490398634	4.18517521829	13	0
-12.5	0	0.128069356206	4.17907616676	13	0
38.5	0	0.155647639961	4.34002528979	13	0
38.5	0	0.291029998974	4.75365152658	13	0
95.5	0	0.347684002004	4.62562860017	13	0
95.5	0	0.432668802418	4.67279057412	12	0
35.5	0	0.409878145822	5.169610125	11	0
-17.0	0	0.363679306405	5.63913401093	10	0
-17.0	0	0.400259559416	5.816527156	11	0
-17.0	0	0.454142446232	6.14151084458	12	0
-27.5	0	0.571438484852	5.85177155184	13	0
-38.0	0	0.603386147486	5.49959608328	14	0
-42.5	0	0.646049230615	5.79721739739	15	0
-56.0	0	0.589407864068	6.67715924626	16	0
-75.5	0	0.66012437709	5.69868414971	17	0
-75.5	0	0.763925875779	4.21914162032	17	0
-75.5	0	0.691217663498	5.34769991464	17	0
-75.5	0	0.651375101849	5.7367376289	17	0
-113.0	0	0.675571847881	5.98440667902	17	0
-113.0	0	0.669721078089	5.95382494242	17	0
-113.0	0	0.653783284131	6.62192079367	17	0
-75.5	0	0.605206060165	5.63248395389	17	0
-75.5	0	0.678823188077	5.75486124496	18	0
-75.5	0	0.640753867056	6.02637607151	19	0
-75.5	0	0.745293578738	5.1208900406	19	0
-53.0	0	0.626631497984	4.87781986219	19	0
-53.0	0	0.582141802153	4.51812185079	19	0
-38.0	0	0.549253614502	4.52320446551	19	0
-38.0	0	0.589806252177	4.36254477683	19	0
-38.0	0	0.704118346469	4.12352330721	19	0
-38.0	0	0.662860924544	4.84954827132	19	0
-35.0	0	0.598790374568	5.64822406411	19	0
-35.0	0	0.691960468558	4.91159987748	19	0
-35.0	0	0.791421976477	4.34611085856	19	0
-35.0	0	0.778249424297	3.94653702704	19	0
-32.0	0	0.942319913956	4.19656509666	19	0
14.5	0	0.94271080081	4.10216386512	19	0
-32.0	0	0.981753359699	3.31338768211	19	0
14.5	0	1.09664611846	2.57756167436	19	0
82.0	0	1.06543569454	1.77945355679	19	0
82.0	0	0.992739176528	2.208666762	19	0
82.0	0	0.995890033481	2.18540997392	19	0
82.0	0	0.985698445047	2.58330054558	19	0
82.0	0	0.9840230803	1.34792624325	19	0
14.5	0	1.07153932698	0.156663503868	19	0
74.5	0	0.933773865667	0.46478840035	18	0
95.5	0	0.946538549457	0.523077652531	17	0
95.5	0	1.00400185603	0.0438249877322	17	0
95.5	0	0.946308168396	0.208328737448	18	0
103.0	0	0.893267767352	0.523287548479	19	0
110.5	0	0.79604377242	0.672907019317	20	0
124.0	0	0.680060059267	0.857021257491	21	0
124.0	0	0.705600780527	0.104248294838	21	0
124.0	0	0.765786187885	0.876405832226	21	0
133.0	0	0.69001113104	0.342518871788	21	0
134.5	0	0.653385045209	0.789228963128	20	0
155.5	0	0.548960033223	0.606056953149	20	0
155.5	0	0.575346725235	0.203635998068	20	0
155.5	0	0.601963526024	0.444540141327	20	0
134.5	0	0.598322085033	0.66104788129	20	0
134.5	0	0.571880458802	1.47549784834	20	0
155.5	0	0.591990107005	1.55019747068	20	0
185.5	0	0.630586243924	1.79505390137	20	0
155.5	0	0.538015082248	1.48076166983	20	0
155.5	0	0.520983787361	1.3100589594	20	0
155.5	0	0.587747890107	1.35513132422	19	0
155.5	0	0.516911567185	0.858293856548	20	0
155.5	0	0.538704389675	0.694839596072	21	0
185.5	0	0.546541111302	0.41751547067	22	0
155.5	0	0.50150415389	0.283295821926	23	0
185.5	0	0.555361742981	0.0579711286233	24	0
185.5	0	0.537540061666	0.373745933443	25	0
194.5	0	0.391214032557	0.292610771167	26	0
194.5	0	0.237203424162	1.02039012591	27	0
194.5	0	0.195091524875	1.36822895069	28	0
185.5	0	0.202448146827	1.44164716346	29	0
194.5	0	0.129340363529	1.10727624728	30	0
194.5	0	0.067683724591	2.29731760161	31	0
194.5	0	0.00474439232726	3.21700601252	32	0
197.5	0	0.00638723216477	3.8570713944	33	0
197.5	0	0.0376296302976	3.72699604273	33	0
218.5	0	0.0474198879349	3.89203166024	33	0
218.5	0	0.0543605130542	3.90548601533	33	0
272.5	0	0.00384966538878	4.88679306115	33	0
272.5	0	0.141171076163	6.13869105976	33	0
349.0	0	0.0822383350551	5.11942544787	32	0
349.0	0	0.19679282429	5.17709373997	31	0
349.0	0	0.239799257786	5.62071602804	30	0
349.0	0	0.103378527937	5.66644722217	29	0
349.0	0	0.126707758669	5.69352539499	30	0
272.5	0	0.0332857290165	5.81974070279	31	0
349.0	0	0.0717615832466	5.69817644992	31	0
397.0	0	0.0639994090415	5.58542749153	31	0
397.0	0	0.0272221029655	6.03033546864	31	0
397.0	0	0.0428182595157	5.78501123891	31	0
397.0	0	0.034299017033	6.22353498412	31	0
349.0	0	0.192269330361	5.60306818415	31	0
349.0	0	0.196728633146	5.67458159814	31	0
397.0	0	0.190713695801	6.16571610265	31	0
397.0	0	0.0870737104484	6.78698061557	30	0
397.0	0	0.13471347509	6.63976117502	29	0
349.0	0	0.166618030014	6.30578404996	28	0
284.5	0	0.177633306225	5.95717288849	27	0
341.5	0	0.255609282754	5.88722641762	26	0
284.5	0	0.253394354941	6.66973238396	25	0
284.5	0	0.222052046654	7.2191152731	24	0
248.5	0	0.362171984622	6.62628582966	23	0
248.5	0	0.392427960784	6.12552808556	22	0
248.5	0	0.338096534462	5.84337774006	21	0
284.5	0	0.267286479631	5.67315958223	20	0
320.5	0	0.27719099189	5.88441363733	19	0
284.5	0	0.121784806789	6.8198049276	18	0
269.5	0	0.0823364861441	7.29259074146	17	0
232.0	0	0.204627365534	6.5723996693	16	0
232.0	0	0.193430263779	6.37540493308	15	0
232.0	0	0.103597598114	5.81275366921	14	0
232.0	0	0.195718118003	5.48271503251	13	0
266.5	0	0.195174655165	4.85063929438	12	0
266.5	0	0.236452461976	4.25073511329	11	0
262.0	0	0.325266161184	2.90134236623	10	0
262.0	0	0.395914638333	2.79057896939	10	0
232.0	0	0.416491335386	2.89367599628	10	0
232.0	0	0.480521326793	2.53903777243	10	0
197.5	0	0.498594261263	2.33337265024	11	0
197.5	0	0.561131989718	1.87333784352	12	0
167.5	0	0.548028080795	3.42790867331	13	0
142.0	0	0.649202531893	3.4562594718	14	0
142.0	0	0.661440942396	3.81466762289	15	0
148.0	0	0.524077648501	4.36756008677	16	0
74.5	0	0.473838785729	5.60313173014	16	0
91.0	0	0.418094131041	5.4144924047	16	0
73.0	0	0.585496997255	5.3907552708	16	0
73.0	0	0.450228067255	6.37055337448	16	0
91.0	0	0.468685149704	5.89988999593	16	0
113.5	0	0.458100590548	5.6988922364	16	0
113.5	0	0.510304224211	5.42232854372	16	0
88.0	0	0.503914303078	5.52983866722	16	0
71.5	0	0.538895429736	5.53951777406	16	0
53.5	0	0.576458171097	5.52418930826	16	0
53.5	0	0.677964358364	5.10315499183	16	0
53.5	0	0.631007486962	5.53613368448	16	0
71.5	0	0.615067159184	5.47526442342	16	0
71.5	0	0.605823105871	5.97503172768	16	0
71.5	0	0.675619948275	5.14258475687	16	0
88.0	0	0.698394375822	4.32057172855	16	0
88.0	0	0.747697307021	3.98212901176	16	0
88.0	0	0.728267064595	4.66608563592	16	0
88.0	0	0.753825282643	5.01717742907	16	0
71.5	0	0.787586654935	5.01578449562	16	0
53.5	0	0.862088670715	5.40175785322	17	0
46.0	0	0.744212222756	5.68150843838	18	0
53.5	0	0.974266723617	4.47127680162	18	0
46.0	0	1.0805046874	3.65833924762	18	0
49.0	0	1.07560606657	3.78077985893	18	0
32.5	0	1.02548320366	3.77682278216	18	0
10.0	0	1.06389715451	3.39756193116	18	0
10.0	0	1.04384447708	3.69945763789	18	0
10.0	0	1.1052345203	3.31617150831	18	0
10.0	0	1.09527971035	3.50797447222	17	0
10.0	0	0.998148473342	4.65342191454	16	0
10.0	0	0.913575099264	5.09745924872	15	0
32.5	0	0.794581801661	4.98025965824	14	0
32.5	0	0.71458129021	5.13587760589	13	0
32.5	0	0.777748470073	4.59811157468	12	0
64.0	0	0.726484053974	4.99119800801	12	0
64.0	0	0.626054705407	4.50226295152	12	0
88.0	0	0.612372407944	4.19669268656	12	0
88.0	0	0.696563348767	3.4336471865	12	0
64.0	0	0.793411444706	2.39742595213	12	0
88.0	0	0.872607629475	0.836142941113	12	0
64.0	0	0.97000864589	0.174218726914	12	0
64.0	0	0.889410417086	0.0456636625915	12	0
32.5	0	0.989349218759	0.596511193655	12	0
32.5	0	0.90521444437	0.200644469603	12	0
32.5	0	0.91766651537	0.432445969773	12	0
-2.0	0	0.919751403209	0.0316797356823	12	0
-18.5	0	0.807522661258	0.339561243506	12	0
25.0	0	0.742201069567	0.291960819437	12	0
74.5	0	0.700898674752	0.0092079177371	12	0
125.5	0	0.720163124718	0.13102568056	12	0
125.5	0	0.749030610598	0.459516216193	12	0
74.5	0	0.772081699727	0.824177004921	12	0
74.5	0	0.588712773998	1.21683187693	12	0
25.0	0	0.550688942749	2.05088131517	12	0
-18.5	0	0.528425297137	2.7264443652	11	0
25.0	0	0.52342811937	2.73971528828	10	0
-18.5	0	0.512732112825	1.6236899825	9	0
-96.5	0	0.538219044621	1.36792156276	9	0
-96.5	0	0.578568279454	1.27291928087	9	0
-96.5	0	0.523534495599	0.856386062673	9	0
-35.0	0	0.614850616953	0.418700968919	9	0
-117.5	0	0.525588616403	1.83045963373	9	0
-117.5	0	0.470810922058	2.23799904106	9	0
-195.5	0	0.405131143794	2.02900265355	9	0
-117.5	0	0.393826542513	1.99038451546	9	0
-35.0	0	0.423122014754	2.65945209787	9	0
-35.0	0	0.449583915287	3.09927684995	9	0
-35.0	0	0.459101261644	3.23983658637	9	0
-35.0	0	0.475706174223	2.81095604729	9	0
-59.0	0	0.477647393019	2.74352438013	9	0
-131.0	0	0.330454266509	2.80028600329	10	0
-131.0	0	0.451841442611	2.41910766088	10	0
-131.0	0	0.424327402116	1.69313075674	10	0
-131.0	0	0.283476262337	2.92559529187	10	0
-131.0	0	0.360144176904	1.91742089624	10	0
-68.0	0	0.5300262737	1.19069775217	10	0
-68.0	0	0.501665534925	0.705421352085	10	0
-44.0	0	0.427492485502	0.517183656531	10	0
-35.0	0	0.303234627114	1.22328722124	10	0
-35.0	0	0.334825086641	1.31042789632	10	0
-21.5	0	0.310250766143	1.47772383119	9	0
-5.0	0	0.335949304876	1.29142230857	9	0
13.0	0	0.306207891209	1.47530751262	9	0
13.0	0	0.429476913928	1.0654208742	9	0
13.0	0	0.334231483282	0.649255254181	9	0
19.0	0	0.293974485134	0.945655417291	9	0
62.5	0	0.413493074072	1.27462055774	9	0
62.5	0	0.461173427844	0.742300536645	9	0
19.0	0	0.486576617191	1.17834112805	9	0
-0.5	0	0.459595573856	1.56039366953	9	0
-0.5	0	0.417815699634	1.30602862839	9	0
19.0	0	0.381405036818	1.2273385471	9	0
19.0	0	0.56211971292	0.26759765053	9	0
31.0	0	0.647009846328	0.768218446957	9	0
31.0	0	0.720762316187	1.94459458384	9	0
19.0	0	0.760091756454	2.18385790168	10	0
19.0	0	0.60178129412	1.66707224941	11	0
31.0	0	0.508840824118	1.74459248248	12	0
44.5	0	0.523538922749	2.54740982155	13	0
44.5	0	0.655147277335	2.53795111937	14	0
76.0	0	0.679800122631	2.32674523787	15	0
76.0	0	0.637945807635	3.70853896064	15	0
116.5	0	0.543627370237	3.90291028339	15	0
173.5	0	0.486191740829	3.27709894971	15	0
