orf_length_med	shannon_slope	at_skew	gc_skew	max_direction	status
-44.0	0	1.85746481061	1.59822260608	26	0
-44.0	0	2.10583164703	1.6775050107	25	0
-44.0	0	1.86119810552	1.57317899516	24	0
-48.5	0	1.65724823962	1.39363970545	23	0
-18.5	0	1.78770713611	1.30103003188	22	0
-18.5	0	1.83805587034	1.31545059837	21	0
-18.5	0	1.83529281567	1.36487062496	20	0
-18.5	0	1.82020690975	1.22947757696	19	0
-18.5	0	2.03303730919	1.17030767476	18	0
1.0	0	2.2656881234	1.33767884757	17	0
10.0	0	2.14408037852	1.3894293612	16	0
10.0	0	2.33910985928	1.34649985312	15	0
41.5	0	2.59701697461	1.37958937249	14	0
41.5	0	2.49853517464	1.34932381667	14	0
41.5	0	2.00998286098	1.33254757523	14	0
10.0	0	1.72692520586	1.28299205501	14	0
41.5	0	1.71746197236	1.26259704055	14	0
50.5	0	1.88784885518	1.19021136471	14	0
50.5	0	1.43690487336	1.0392024319	14	0
41.5	0	1.51732644965	1.15492263143	15	0
50.5	0	1.65003941051	1.12676862051	16	0
59.5	0	1.57843213427	1.07500759942	17	0
50.5	0	1.53334460991	1.11761679317	18	0
59.5	0	1.51092095164	1.07641661933	19	0
59.5	0	1.50051656514	1.03786767187	20	0
59.5	0	1.66503337019	1.15673257114	20	0
80.5	0	1.72091996434	1.19641402201	20	0
59.5	0	1.53842309313	1.16439036792	20	0
59.5	0	1.6466621312	1.18070029641	20	0
59.5	0	2.01058266209	1.2815400837	20	0
80.5	0	1.72203073786	1.12599193593	19	0
59.5	0	1.33285681425	0.929557339178	18	0
59.5	0	1.35840298629	0.846827359952	17	0
80.5	0	1.48319820585	0.8198804682	16	0
80.5	0	1.29740783689	0.754578056855	15	0
121.0	0	1.29628583973	0.771274523539	15	0
149.5	0	1.36129140303	0.808247326518	15	0
121.0	0	1.20028512909	0.756378718657	15	0
80.5	0	1.45103362657	0.881246035127	16	0
59.5	0	1.46737035264	0.899187969513	17	0
59.5	0	1.17182899019	0.761941022783	18	0
59.5	0	0.912727806253	0.692209807917	19	0
59.5	0	1.21494875729	0.773923635938	20	0
59.5	0	1.23355812876	0.912753486255	21	0
59.5	0	1.16103463472	0.87134611842	22	0
59.5	0	1.05936455029	0.804997261822	23	0
76.0	0	0.646637513313	0.657107096569	23	0
76.0	0	0.75649482461	0.804584644151	23	0
68.5	0	0.828987711591	0.951037297048	23	0
68.5	0	0.503319885848	0.938669715517	23	0
68.5	0	0.626849923984	0.933362125308	23	0
68.5	0	0.636404276186	1.04422190382	23	0
116.5	0	0.446023473416	1.0247527005	23	0
116.5	0	0.661526169267	1.09212374098	22	0
116.5	0	1.05302280567	0.989726814146	21	0
160.0	0	1.14495684567	0.951096237493	20	0
160.0	0	1.28278480173	1.00856772294	19	0
176.5	0	1.28992413671	1.00762281547	18	0
176.5	0	1.37070615925	0.977272063675	17	0
176.5	0	1.21275642145	0.825559144873	16	0
160.0	0	0.978485580816	0.792828531275	16	0
160.0	0	0.916843042383	0.724477518997	16	0
176.5	0	1.27109312664	0.786166279318	16	0
176.5	0	1.60435265245	0.931131591107	16	0
176.5	0	1.605396295	0.849977219666	16	0
230.5	0	1.70407697815	0.856516371179	16	0
230.5	0	1.98865341937	0.918221928589	16	0
230.5	0	1.83320342435	0.756464240805	16	0
281.5	0	1.96937492936	0.895319334212	16	0
281.5	0	1.74874573576	0.777763080034	16	0
230.5	0	1.42563001456	0.636842253163	16	0
281.5	0	1.33340817873	0.666980147186	16	0
230.5	0	1.00511670428	0.586472332298	16	0
230.5	0	0.934775412985	0.657823393468	16	0
230.5	0	1.24955407724	0.776184858259	16	0
230.5	0	1.27356358493	0.845730551105	15	0
145.0	0	0.882671035589	0.713659101821	14	0
145.0	0	0.872490614723	0.619878592863	13	0
145.0	0	0.548639765211	0.428598636419	12	0
160.0	0	0.546072293188	0.481146563946	11	0
160.0	0	0.517870762704	0.451890067768	10	0
160.0	0	0.208328352288	0.250431703445	10	0
196.0	0	0.10500840311	0.288030569677	10	0
245.5	0	0.240530469409	0.397650470524	10	0
196.0	0	0.151957485797	0.0878441213454	10	0
160.0	0	0.106568801891	0.240982083074	10	0
160.0	0	0.631135356873	0.437877380785	10	0
160.0	0	0.257426176607	0.262982511666	9	0
196.0	0	0.0978910127828	0.107834506112	9	0
196.0	0	0.0135272634575	0.0738098728191	9	0
160.0	0	0.0455268007317	0.0670395830203	9	0
160.0	0	0.132360370205	0.0509356304256	9	0
160.0	0	0.122540001503	0.0566391613308	9	0
124.0	0	0.0103855145595	0.0597930318583	9	0
160.0	0	0.103976288015	0.103467845844	9	0
124.0	0	0.230729677988	0.175886557664	9	0
124.0	0	0.240601934762	0.109634249874	9	0
101.5	0	0.246716467411	0.15345127656	8	0
101.5	0	0.265347728762	0.335529992689	7	0
101.5	0	0.911470009685	0.381730299546	7	0
101.5	0	0.495754486265	0.485763485363	7	0
80.5	0	0.540283944986	0.550877374249	7	0
80.5	0	0.107960038454	0.44809134651	7	0
67.0	0	0.0154154972289	0.283075374796	8	0
80.5	0	0.191204218779	0.364271930695	9	0
76.0	0	0.562799637362	0.186613262357	10	0
68.5	0	0.887864491863	0.0953932706453	11	0
67.0	0	0.646225404993	0.264199893818	12	0
67.0	0	0.74669192443	0.140843851219	12	0
67.0	0	0.533871955618	0.31195491471	11	0
68.5	0	0.108534555264	0.503627125456	11	0
67.0	0	0.232365647341	0.646459737529	12	0
67.0	0	0.099088400079	0.689164822519	12	0
59.5	0	0.156467509561	0.645971533864	12	0
59.5	0	0.107351351581	0.463174569416	12	0
43.0	0	0.358497812151	0.331259814287	12	0
43.0	0	0.37049142173	0.513708787558	12	0
59.5	0	0.372835597587	0.522053459338	12	0
67.0	0	0.441387091682	0.607566720745	12	0
67.0	0	0.233364486768	0.433272068787	12	0
59.5	0	0.551501428703	0.536608628891	12	0
59.5	0	1.19300314962	0.804857737785	12	0
43.0	0	0.922726461722	0.476580545304	12	0
43.0	0	1.02139000837	0.449427050849	12	0
43.0	0	1.41098808636	0.810908777233	12	0
50.5	0	1.32493311902	0.762485492376	12	0
40.0	0	1.08426766093	0.668371896577	12	0
29.5	0	1.48024800518	0.846218275599	13	0
16.0	0	1.73625341191	0.939923725945	14	0
16.0	0	1.8538620943	0.965943241273	15	0
16.0	0	1.88931358738	1.11057831632	16	0
16.0	0	1.730383651	1.07292275253	17	0
16.0	0	1.95762837448	1.12647287379	18	0
5.5	0	2.13367616044	1.19306256916	19	0
5.5	0	2.23530865632	1.23478749206	20	0
29.5	0	2.10629263089	1.32382043061	21	0
29.5	0	2.28042944672	1.43690397948	22	0
5.5	0	2.68592191625	1.54583813696	23	0
16.0	0	2.87301549279	1.56610423314	24	0
58.0	0	2.61824017084	1.72239578149	25	0
58.0	0	3.15982271586	1.71855260097	25	0
70.0	0	3.46016738167	1.8500978436	25	0
58.0	0	3.61413797221	1.94250508935	25	0
70.0	0	3.56612675851	2.09335991299	25	0
70.0	0	3.79665276014	2.18861680641	26	0
58.0	0	4.09521157573	2.29854895124	27	0
58.0	0	4.33765008692	2.37982033678	28	0
58.0	0	4.24786533243	2.37501676843	29	0
58.0	0	4.2058640115	2.42977041364	29	0
58.0	0	4.12004637379	2.32965669353	29	0
58.0	0	4.13367031029	2.29906929032	29	0
83.5	0	4.03457383289	2.23784670987	29	0
115.0	0	4.14481097185	2.27392768697	29	0
115.0	0	3.62468216406	2.06521469755	29	0
146.5	0	4.03817256411	2.23939613163	29	0
163.0	0	3.92969854612	2.18209783504	29	0
163.0	0	3.18650854185	1.96584993174	29	0
163.0	0	3.08452620433	1.89742748046	29	0
146.5	0	2.92483292228	1.83527848401	30	0
146.5	0	3.32449124961	2.01999607197	30	0
149.5	0	3.26535113976	2.0581035686	30	0
149.5	0	3.25116438608	2.1450794341	30	0
160.0	0	3.85286620073	2.56030494281	30	0
160.0	0	3.53067189921	2.36211776168	29	0
163.0	0	3.34440459069	2.22153279221	28	0
160.0	0	3.22180473588	2.18739241271	27	0
160.0	0	3.25446541395	2.14607089799	26	0
160.0	0	3.15611373396	2.10277543339	25	0
160.0	0	3.24413153445	2.12979018323	24	0
160.0	0	3.08977129896	2.0716994567	23	0
160.0	0	3.10438308652	1.92004135098	22	0
149.5	0	2.84961913163	1.68517970153	21	0
149.5	0	2.4593527066	1.53201266621	20	0
149.5	0	2.47716844311	1.52066003795	19	0
149.5	0	2.4757021574	1.53684308363	18	0
149.5	0	2.31616166355	1.38543828749	17	0
136.0	0	2.30285178956	1.40481251623	16	0
149.5	0	1.92339918573	1.25706478098	15	0
160.0	0	1.72440792871	1.08935081373	14	0
160.0	0	1.22062092007	0.890843766674	13	0
160.0	0	1.2104404992	0.799405342737	12	0
149.5	0	0.763232874229	0.652094970738	12	0
160.0	0	0.573496760592	0.52474221238	12	0
154.0	0	0.466373356634	0.382856712796	12	0
154.0	0	0.312406152465	0.253899834857	12	0
160.0	0	0.0554056358349	0.148155906835	13	0
154.0	0	0.211486953562	0.172755875232	13	0
154.0	0	0.0379516897318	0.253501140198	13	0
154.0	0	0.0024416622902	0.21147081111	13	0
154.0	0	0.0948175228391	0.280678498837	13	0
163.0	0	0.263877757816	0.265671443651	13	0
163.0	0	0.499640896685	0.225011172378	13	0
154.0	0	0.388690898274	0.154208260115	13	0
154.0	0	0.224604033511	0.218618859112	14	0
143.5	0	0.834974802364	0.113758289094	15	0
116.5	0	0.838599331165	0.129888661662	16	0
116.5	0	0.428705826177	0.324261267193	16	0
47.5	0	0.127818947406	0.575829893565	16	0
8.5	0	0.291192277239	0.804638631635	16	0
-38.0	0	0.31590000084	0.818476417079	16	0
-83.0	0	0.407565490302	0.75205557093	16	0
-83.0	0	0.454952925521	0.680538762692	16	0
-129.5	0	0.310205126037	0.599781585271	16	0
-129.5	0	0.745228702835	0.775684457819	17	0
-129.5	0	0.965889325093	0.940771573451	18	0
-129.5	0	1.01943311229	0.961038393446	19	0
-83.0	0	0.880965112544	0.975593997222	20	0
-38.0	0	0.924043797142	1.01002686932	21	0
2.5	0	1.14074593622	1.06392284547	22	0
-38.0	0	1.21258093885	1.06572768288	23	0
-78.5	0	1.39207926755	1.2318762056	24	0
-78.5	0	1.832419898	1.3911543337	25	0
-78.5	0	2.25965573349	1.53554291017	26	0
-38.0	0	2.38783525148	1.54270676886	27	0
-38.0	0	2.5352444349	1.5284317545	28	0
-42.5	0	2.41293740165	1.55527299631	28	0
-3.5	0	2.30860381096	1.42569752325	28	0
-3.5	0	2.27670258207	1.43367834744	27	0
-30.5	0	2.44941536363	1.59498215036	26	0
-3.5	0	2.8952057737	1.76545005096	26	0
2.5	0	3.01155344074	1.8800767154	26	0
2.5	0	3.37647661514	1.9741368469	26	0
2.5	0	3.33572047475	1.93093314975	26	0
-3.5	0	3.01687363723	1.82163575546	26	0
-3.5	0	3.02030772105	1.78741009693	26	0
-3.5	0	3.42876693851	1.95754065926	26	0
2.5	0	3.61889216139	1.96486394804	26	0
49.0	0	3.20330143156	1.77577523235	26	0
2.5	0	3.51349120468	1.90427572182	26	0
2.5	0	3.98181605989	1.9693860994	25	0
-3.5	0	4.3170575713	2.11150845913	24	0
-30.5	0	4.64663584275	2.26245044615	23	0
-3.5	0	4.85356286109	2.4502263531	24	0
2.5	0	5.20653804827	2.63682241688	25	0
49.0	0	5.25964764181	2.61075624788	25	0
56.5	0	5.29575270866	2.61946534445	25	0
56.5	0	5.24055558589	2.41957110274	24	0
56.5	0	5.05081739488	2.34009686686	23	0
56.5	0	5.11328815929	2.25766991415	22	0
56.5	0	4.97056821223	2.08362889787	21	0
176.5	0	4.93373910279	2.03674460377	20	0
176.5	0	4.63438625115	1.90059904076	19	0
277.0	0	4.42608130318	1.8310061408	18	0
277.0	0	4.23749006496	1.70101993065	17	0
176.5	0	4.28702447256	1.55482819103	16	0
253.0	0	4.11696390835	1.39655487466	15	0
253.0	0	3.93602374144	1.27531996321	14	0
253.0	0	3.77784511273	1.08445161612	13	0
253.0	0	3.28329426277	0.831600352105	12	0
253.0	0	3.05974202343	0.583636764753	13	0
304.0	0	2.61137665504	0.302968604673	14	0
376.0	0	2.2851296794	0.144089100284	15	0
376.0	0	1.97549319123	0.0818488942656	16	0
304.0	0	1.72843206918	0.114473775073	17	0
253.0	0	1.33994686046	0.212202719569	18	0
253.0	0	1.43392689029	0.168889325545	19	0
239.5	0	1.28082134512	0.089246597405	20	0
172.0	0	1.48098822836	0.0285119782481	21	0
172.0	0	1.31514119505	0.117772061524	22	0
20.5	0	1.18165587525	0.141483619509	23	0
20.5	0	1.05004006358	0.148272914605	24	0
20.5	0	0.678620874555	0.386255274682	24	0
-107.0	0	0.575739738616	0.431033781627	24	0
20.5	0	1.35694564531	0.122204796634	24	0
-26.0	0	1.30416348377	0.173254771571	24	0
-107.0	0	0.7588120143	0.46102960618	24	0
-107.0	0	0.460952734994	0.704356371779	24	0
-183.5	0	0.389837169724	0.733393670547	24	0
-144.5	0	0.133948745421	0.831859662789	23	0
-144.5	0	0.446974193644	0.997922440005	22	0
-26.0	0	0.842896733829	1.23663144596	22	0
62.5	0	1.07438198045	1.43256534764	22	0
-26.0	0	1.04712626557	1.46682318258	22	0
-26.0	0	1.25723689515	1.54185736676	22	0
-26.0	0	1.2654662851	1.55394404779	22	0
-26.0	0	0.815331053332	1.3958620879	22	0
-14.0	0	0.928789812258	1.40594743321	22	0
82.0	0	0.968824725126	1.5599621656	22	0
95.5	0	1.31983004932	1.66356429633	22	0
95.5	0	1.4784576275	1.66057368346	22	0
95.5	0	1.75662408328	1.70229327809	23	0
191.5	0	1.87675741877	1.72191270304	24	0
191.5	0	1.87666162732	1.74425733803	25	0
248.5	0	1.98928454267	1.7263366033	25	0
248.5	0	2.00802317715	1.6923930389	25	0
191.5	0	2.06427265571	1.65528635349	25	0
127.0	0	2.23735815653	1.62461977118	25	0
127.0	0	2.30032001666	1.55602578307	25	0
74.5	0	1.74219011362	1.34546665407	24	0
31.0	0	1.64936066203	1.06192706371	23	0
17.5	0	1.53307556368	0.810271411308	22	0
5.5	0	1.68186750021	0.676624461308	21	0
-24.5	0	1.75873298654	0.649423676156	20	0
-24.5	0	2.00513122387	0.802294461427	19	0
5.5	0	2.11392164659	0.907803221629	18	0
5.5	0	2.32770908815	1.06124239022	17	0
17.5	0	2.42389038993	1.21923164717	18	0
31.0	0	2.70479105754	1.3535015678	19	0
74.5	0	2.51360300874	1.24552908548	19	0
127.0	0	2.69618455083	1.36248408208	19	0
74.5	0	2.64594887366	1.27426122688	19	0
74.5	0	2.04414271896	1.04935595959	19	0
74.5	0	1.46545064872	0.875556422834	19	0
74.5	0	1.83837308764	0.991544799995	19	0
74.5	0	1.61754619449	0.858211397206	19	0
74.5	0	1.11383256687	0.602289003698	19	0
40.0	0	0.490960704367	0.417031130437	19	0
74.5	0	0.0527766079157	0.242534289462	20	0
40.0	0	0.00978513859246	0.202983379936	21	0
74.5	0	0.570925780856	0.0236592193722	22	0
40.0	0	0.923860469755	0.197493789071	23	0
28.0	0	1.09153765732	0.302573431057	24	0
40.0	0	1.10385071137	0.313799805567	25	0
40.0	0	1.31835679324	0.373084396436	26	0
28.0	0	1.32889704997	0.346693766873	26	0
28.0	0	0.831500568574	0.121216754725	26	0
28.0	0.0862838740665	0.841052128135	0.135330802439	25	0
28.0	0.0863608874126	0.811201248441	0.161948850163	24	0
7.0	0.0864955535009	0.766558398091	0.139745746113	23	0
7.0	0.0865564856945	0.663219371746	0.131494255115	22	0
-9.5	0.0867787237847	0.794401782448	0.178753831047	21	0
-21.5	0.0874337434663	0.83512783519	0.266480209026	21	0
-39.5	0.0877495521541	0.921448098197	0.276947314797	21	0
-57.5	0.0879538623527	0.755550930487	0.168974937553	21	0
-75.5	0.0880642079235	0.488358721902	0.0636757583373	21	0
-87.5	0.0881543405467	0.391221496387	0.028946241095	21	0
-87.5	0.0882366798204	0.496103652483	0.106901957756	21	1
-125.0	0.0886418694882	0.348111046308	0.146108098716	21	1
-125.0	0.0882062560576	0.271613659251	0.322489998078	21	1
-102.5	0.0880941511508	0.452518972585	0.528586559353	21	1
-102.5	0.0880088643468	0.525119916814	0.650480998786	21	1
-138.5	0.0881759353934	0.495474417506	0.589015379068	21	1
-138.5	0.0882410345256	0.453145299171	0.385936343844	21	1
-138.5	0.0879707498919	0.275970738249	0.259262991793	21	1
-176.0	0.0885647756667	0.026860037058	0.123938621405	21	1
-176.0	0.0884525873256	0.177037771481	0.0863137855109	21	1
-176.0	0.0885919100678	0.460087150627	0.262727946374	21	1
-198.5	0.0889853294193	0.822034064831	0.469586003696	21	1
-198.5	0.0891958817088	0.839760927421	0.420229376095	21	1
-198.5	0.0887841693393	1.11050607729	0.517650323004	21	1
-198.5	0.0887058566947	1.00322697165	0.358025253509	20	1
-198.5	0.0887887971408	0.402637092025	0.209179075122	19	1
-198.5	0.0887518408108	0.105442660556	0.0616605225158	18	1
-198.5	0.0892201187117	0.330355897075	0.0806986289178	17	1
-198.5	0.0890613318756	0.225585028433	0.0117664467563	16	1
-183.5	0.0889475651114	0.494360104686	0.117295233249	15	1
-183.5	0.0889806002894	1.04379797308	0.211112531442	14	1
-183.5	0.0883947976791	1.02170201533	0.159530684115	14	1
-183.5	0.088385939863	0.794679001986	0.141701107851	14	1
-183.5	0.0888584994007	0.988649834668	0.149385822517	14	1
-198.5	0.0890804320837	1.5348529032	0.513211608464	14	1
-183.5	0.0880258565793	1.49016674962	0.45078935968	14	1
-198.5	0.0884972950224	1.70895864039	0.419078461557	14	1
-198.5	0.0885512390363	1.70458499177	0.402949383901	14	1
-198.5	0.0881457171944	1.34331519465	0.233625080573	14	1
-216.5	0.0885828561904	1.19210015426	0.0378244834181	14	1
-216.5	0.0883992298653	1.08002375468	0.146693245172	14	1
-216.5	0.0883947976791	0.91972507089	0.329189764148	14	1
-191.0	0.0879707498919	0.674188731587	0.468293448305	15	1
-174.5	0.087667493811	0.381265148552	0.588424688282	16	1
-167.0	0.0871020184573	0.279882489415	0.654551410786	17	1
-155.0	0.0869238501002	0.248787159666	0.603282614361	17	1
-132.5	0.0862595136978	0.127995658127	0.653665724891	17	1
-111.5	0.0860128832237	0.229019458416	0.814630277931	17	1
-72.5	0.0857731668456	0.536927088342	0.999481124063	17	0
43.0	0.0856525552786	0.958082536575	1.26700537227	17	0
101.5	0.0855176906285	0.997762973016	1.26106261854	17	0
101.5	0.085394354755	0.975083817623	1.25754206281	17	0
29.5	0.0857338617221	1.39777257048	1.51487637682	17	0
101.5	0.0855017774216	1.73727001995	1.77205429399	17	0
128.5	0.0846469037994	2.09055804198	1.97568680467	17	0
146.5	0.0843701759364	2.42892245787	2.07873958782	17	0
146.5	0.0843093055405	2.10385493177	1.8827309657	17	0
146.5	0.0843203395422	2.39253408568	2.01181286393	16	0
158.5	0	2.18125399407	1.91894843379	15	0
145.0	0	2.25878771142	1.91553169627	14	0
158.5	0	2.25913504447	1.86519664756	14	0
158.5	0	2.33672272632	1.82009940989	14	0
187.0	0	1.92217488211	1.68253560551	14	0
158.5	0	1.65889881718	1.54488549237	14	0
158.5	0	1.51469721413	1.54363333491	14	0
187.0	0	1.59580976943	1.58914731561	14	0
187.0	0	1.60939044129	1.66473633293	15	0
257.5	0	1.62247051893	1.70434324226	16	0
187.0	0	1.37960384555	1.55537880011	17	0
187.0	0	1.18595929175	1.60441431243	18	0
187.0	0	1.55871040565	1.60809984575	19	0
158.5	0	1.51871892753	1.49293883412	20	0
158.5	0	1.28632428814	1.37268903548	21	0
145.0	0	1.26689596383	1.36021368798	21	0
145.0	0	1.78388364398	1.73430971469	21	0
128.5	0	1.85696911626	1.75486701313	20	0
128.5	0	2.0334169167	1.78058982279	19	0
119.5	0	1.88975321284	1.72903143536	18	0
97.0	0	1.68514027682	1.63986690227	17	0
97.0	0	1.81927420038	1.63245139363	18	0
79.0	0	1.95641381881	1.66198304562	19	0
64.0	0	2.00517856935	1.66716633644	20	0
14.5	0	1.99949911559	1.73944460576	21	0
-24.5	0	1.76817294459	1.73497900275	22	0
-65.0	0	1.69667124161	1.75959391454	23	0
-110.0	0	1.85527108732	1.91266813234	24	0
-129.5	0	1.87313380766	1.94170548543	25	0
-144.5	0	1.75504143439	2.00363208476	26	0
-161.0	0	1.78717139691	2.07486221792	27	0
-176.0	0	1.72678074498	2.03035772019	28	0
-179.0	0	2.02405692748	2.20495843275	29	0
-194.0	0	2.31799162795	2.42497344688	30	0
-209.0	0	2.34299876642	2.42442394778	31	0
-215.0	0	2.28722578667	2.392582588	32	0
-215.0	0	2.35536857752	2.30882339683	33	0
-221.0	0	2.16576117341	2.27718351759	34	0
-249.5	0	2.66627751231	2.43563679359	35	0
-249.5	0	2.53134471846	2.35644329985	36	0
-249.5	0	2.73907984209	2.51432704089	37	0
-291.5	0	2.8874301592	2.50661455693	38	0
-311.0	0	2.88113382384	2.52662343847	39	0
-311.0	0	2.79904697586	2.53766008892	40	0
-326.0	0	2.92461797588	2.82709344053	40	0
-326.0	0	3.1487048521	2.99879997846	40	0
-320.0	0	3.33241444991	3.08782272723	40	0
-320.0	0	3.71968541294	3.24055400141	40	0
-320.0	0	3.81290570464	3.22869338918	39	0
-320.0	0	4.0679988349	3.39510831912	38	0
-320.0	0	4.24428062881	3.51427611937	37	0
-320.0	0	4.51791192835	3.61261938766	36	0
-263.0	0	4.32087526309	3.73878849279	37	0
-320.0	0	4.26651840822	3.77731880321	38	0
-263.0	0	4.15263819215	3.83610078638	39	0
-215.0	0	4.37178838123	3.8338416658	39	0
-215.0	0	4.28017654512	3.72321370108	39	0
-215.0	0	4.05527345108	3.60206233876	39	0
-215.0	0	4.01813667302	3.5046487056	39	0
-243.5	0	4.07164002459	3.51423726128	39	0
-215.0	0	4.16851409348	3.57488128784	39	0
-209.0	0	4.2659847446	3.62231179737	39	0
-215.0	0	4.41357164103	3.63861871686	39	0
-209.0	0	4.15105022535	3.39639228537	38	0
-209.0	0	3.7754407446	3.08669275715	37	0
-209.0	0	3.88973910614	3.03491547754	36	0
-209.0	0	3.64900378976	2.99667917944	35	0
-200.0	0	3.79639313946	2.95438230921	34	0
-161.0	0	3.78718044992	2.92554106537	33	0
-126.5	0	3.63466670022	2.80350214453	32	0
-126.5	0	3.35563129033	2.64041238609	31	0
-122.0	0	3.27075432735	2.60325393977	30	0
-122.0	0	3.40190144551	2.57481533614	29	0
-95.0	0	3.29149451568	2.50934175757	28	0
-95.0	0	3.07536582271	2.45609529412	27	0
-95.0	0	3.17884871778	2.36327900751	26	0
-95.0	0	2.95846795325	2.34114592339	25	0
-53.0	0	2.97838200535	2.20969778771	24	0
-3.5	0	2.81936825107	2.15949397932	23	0
41.5	0	2.68966852628	2.11092867752	22	0
-3.5	0	2.33951331828	1.92234918027	21	0
-3.5	0	1.94793485454	1.83831677522	20	0
41.5	0	1.69042867181	1.73013918853	20	0
-3.5	0	1.50262285451	1.6598244879	20	0
-3.5	0	1.65115298866	1.439551776	20	0
-3.5	0	1.57543637759	1.36625739891	20	0
-3.5	0	1.63302253075	1.2950401374	20	0
-3.5	0	1.4425145656	1.15391984719	20	0
-53.0	0	1.47135396684	1.19317555501	20	0
-53.0	0	1.21495800541	1.07936629962	19	0
-6.5	0	1.22737014474	1.01758706695	18	0
-6.5	0	1.31150293215	0.960645797838	18	0
-6.5	0	1.36409993872	0.932906529347	18	0
-6.5	0	1.33854183388	0.779903204422	17	0
-53.0	0	1.24030297148	0.664768421368	16	0
-53.0	0	0.971308384143	0.733825326218	15	0
-53.0	0	1.03671185998	0.799173551509	14	0
-53.0	0	0.868882458027	0.738200933543	14	0
-6.5	0	1.02007914302	0.813058252013	14	0
-6.5	0	0.762725903056	0.677815065225	14	0
-21.5	0	1.0138907151	0.711113765039	14	0
-53.0	0	0.887304304455	0.66901247385	14	0
28.0	0	0.48007649009	0.425065736918	14	0
56.5	0	0.532584983204	0.502712944745	14	0
89.5	0	0.974965329823	0.74450165984	14	0
89.5	0	1.14259066767	0.822784650447	14	0
89.5	0	1.47519140296	0.850884699265	14	0
89.5	0	1.09081980446	0.74379555455	14	0
101.5	0	0.974312468117	0.655845988721	14	0
101.5	0	1.1602276939	0.724873038454	14	0
101.5	0	1.54453266665	0.864179532389	14	0
89.5	0	1.55430372765	0.9241959903	13	0
89.5	0	1.54905809095	0.997977854514	14	0
68.5	0	1.21340463969	0.904997645459	14	0
89.5	0	1.0762513212	0.724912473502	14	0
101.5	0	0.776050958002	0.660533263895	14	0
101.5	0	0.54208201519	0.513823767679	14	0
101.5	0	0.871045997558	0.741697221612	14	0
101.5	0	0.737705772765	0.68845075817	14	0
89.5	0	0.698861574392	0.651623108293	14	0
101.5	0	1.06386190537	0.844383297842	14	0
112.0	0	1.40741535014	0.959679089722	14	0
112.0	0	1.64370280009	1.1084502966	14	0
112.0	0	1.77529630843	1.2012196031	14	0
112.0	0	2.0023007666	1.31571115314	14	0
101.5	0	2.26464003406	1.48372975941	14	0
89.5	0	2.04630631255	1.41290397474	13	0
89.5	0	1.83691394512	1.40906897552	13	0
101.5	0	1.70433735957	1.30579523898	13	0
101.5	0	2.14761697909	1.42608479419	13	0
89.5	0	1.84558820664	1.28115273785	13	0
101.5	0	1.50292607637	1.11400444276	13	0
94.0	0	1.22870530696	0.999396857999	13	0
101.5	0	1.17394897675	1.05885674289	13	0
112.0	0	1.43550154645	1.17917821949	13	0
101.5	0	1.52777248335	1.16372561089	13	0
101.5	0	1.51364429067	1.15833185568	13	0
101.5	0	1.94405598129	1.30937690867	13	0
98.5	0	2.07241008119	1.29681094269	13	0
112.0	0	2.30136649605	1.44373095999	13	0
143.5	0	2.29926461239	1.44799242787	14	0
173.5	0	2.43168979382	1.4723380626	15	0
190.0	0	2.69497187485	1.7042030411	16	0
190.0	0	3.01799312695	1.87656195999	17	0
190.0	0	2.73285002996	1.77073242734	17	0
190.0	0	2.2772790162	1.64689928262	17	0
190.0	0	1.9674802409	1.53013808329	17	0
148.0	0	1.96784482897	1.50324989642	17	0
104.5	0	1.98457223256	1.53177400868	17	0
104.5	0	1.91502181958	1.57047014289	17	0
104.5	0	1.97970991049	1.5333095501	17	0
104.5	0	2.08155931068	1.46159764677	17	0
104.5	0	1.71609669332	1.28870649919	17	0
104.5	0	2.20842138007	1.30793472469	17	0
76.0	0	2.14281839961	1.33897479114	17	0
76.0	0	2.40495173897	1.46282746657	17	0
76.0	0	2.57990516668	1.5484650425	17	0
76.0	0	2.09096161807	1.33049129323	17	0
76.0	0	2.15317050102	1.36062488056	17	0
104.5	0	1.98418855888	1.29891259947	16	0
104.5	0	1.70508146873	1.08099376957	15	0
76.0	0	1.35497871492	0.867297399073	16	0
14.5	0	1.51989497433	0.901980092006	16	0
76.0	0	1.19015681488	0.722994027145	16	0
76.0	0	1.34428214428	0.936019447822	16	0
76.0	0	1.43728086414	0.984147343059	16	0
76.0	0	1.75702681115	1.13341189981	16	0
76.0	0	2.09274444522	1.31985148696	16	0
76.0	0	2.62506747817	1.56926332293	16	0
101.5	0	2.69960768734	1.59146600367	16	0
145.0	0	3.14268862166	1.90156807256	17	0
155.5	0	3.25593789406	1.9686166116	17	0
200.5	0	3.35124217342	2.08261724092	17	0
200.5	0	3.23949539335	2.05448189495	17	0
155.5	0	3.17359515536	2.04030386518	16	0
155.5	0	3.29101444564	2.04208441267	15	0
86.5	0	3.04144677455	1.83766040494	14	0
86.5	0	2.64344424538	1.68948361652	13	0
155.5	0	2.61705934036	1.71623960438	13	0
137.5	0	2.81055266971	1.75927431937	13	0
86.5	0	2.4761440236	1.65879488778	13	0
58.0	0	2.36474398408	1.55040155837	13	0
58.0	0	2.10427207909	1.3807084788	13	0
58.0	0	1.7390305487	1.18090382556	13	0
86.5	0	1.86107191572	1.13110739937	13	0
86.5	0	1.95221815711	1.05825700288	13	0
122.5	0	2.29912219441	1.16337362945	13	0
148.0	0	2.58607872733	1.28289392812	13	0
176.5	0	2.62506720856	1.33488567942	13	0
176.5	0	2.69962587807	1.29193266655	13	0
176.5	0	2.50341865694	1.31529078495	13	0
176.5	0	2.45790981677	1.27891298164	13	0
194.5	0	2.67921105925	1.41840716243	14	0
194.5	0	2.88510806192	1.53680110238	15	0
205.0	0	2.86983735679	1.56611014359	15	0
205.0	0	2.9210977434	1.56397730206	15	0
194.5	0	2.7177849599	1.44605674661	15	0
205.0	0	2.69780179827	1.36423028907	15	0
194.5	0	2.64302713623	1.34072947919	15	0
194.5	0	2.99300607686	1.50038402417	15	0
194.5	0	3.27177737393	1.71068899417	15	0
194.5	0	3.58492340276	1.75426868895	15	0
194.5	0	3.39467796831	1.57761764063	15	0
194.5	0	3.72710399518	1.64849863432	15	0
205.0	0	3.18639608223	1.26969444481	14	0
211.0	0	2.65047215582	0.962415260515	13	0
211.0	0	2.41718461653	0.921037169692	13	0
205.0	0	2.44688239202	0.943065441574	13	0
205.0	0	2.4027567742	0.920910884681	13	0
205.0	0	2.43615636961	0.911535354217	13	0
194.5	0	1.9889267856	0.588659330287	13	0
176.5	0	1.86851120597	0.498312254326	13	0
163.0	0	1.67545174898	0.422202653476	13	0
163.0	0	1.59240849177	0.412616984148	13	0
163.0	0	1.09992291996	0.319296732502	13	0
163.0	0	0.710616233809	0.0878003619701	14	0
163.0	0	0.629302279015	0.0897144505252	15	0
163.0	0	0.637878483094	0.0562660729467	16	0
148.0	0	0.0122398882245	0.174595673636	17	0
148.0	0	0.520632948804	0.360544800461	18	0
148.0	0	0.585230143105	0.40563847495	19	0
148.0	0	0.966940836702	0.457899544488	20	0
128.5	0	1.0630396438	0.49983319507	21	0
91.0	0	1.00618914146	0.459052345587	22	0
91.0	0	1.0785406066	0.401975985844	23	0
91.0	0	0.683222965202	0.146873800472	23	0
91.0	0	0.779979738302	0.133680698854	22	0
43.0	0	0.873539541419	0.0724294773685	21	0
1.0	0	1.10741138912	0.166685730611	20	0
1.0	0	1.18789810421	0.131304967298	20	0
-42.5	0	1.4741543067	0.156663294344	20	0
-83.0	0	1.76175228824	0.254841086288	20	0
-83.0	0	2.02173058085	0.410665336675	20	0
-83.0	0	2.56991845696	0.632046480672	20	0
-83.0	0	2.58336734575	0.7598519993	20	0
-83.0	0	2.84185740775	0.957004670345	20	0
7.0	0	2.37904049649	0.660461073463	20	0
7.0	0	2.38140138366	0.695304414594	20	0
7.0	0	2.44793627121	0.791979040067	20	0
7.0	0	2.62128515129	0.854871422962	20	0
-63.5	0	2.47166950671	0.857630620534	20	0
4.0	0	2.4679069337	0.727734282709	20	0
13.0	0	2.34954273672	0.604198665562	20	0
-17.0	0	2.59595961163	0.653407747507	20	0
-17.0	0	2.6627618976	0.684903589432	20	0
-63.5	0	2.63682503032	0.677239026845	20	0
-63.5	0	2.49813788176	0.63944554364	20	0
-17.0	0	2.60935844164	0.711369443113	20	0
-63.5	0	3.06373937623	0.850795683126	20	0
-63.5	0	3.4942364222	1.07154995937	20	0
-21.5	0	3.39132236997	0.977760510858	19	0
-12.5	0	3.25877635277	0.856903737379	18	0
13.0	0	2.91779633916	0.768990191628	17	0
13.0	0	2.58654186964	0.634429650393	16	0
13.0	0	1.9450542626	0.491705221176	15	0
37.0	0	1.66339262564	0.317579914614	14	0
13.0	0	0.975024950107	0.0368088352183	13	0
13.0	0	0.682826029215	0.154818856202	13	0
13.0	0	0.185350617777	0.343377702097	13	0
-9.5	0	0.133627677802	0.334201809581	12	0
13.0	0	0.100792208434	0.425784237607	12	0
13.0	0	0.673465109676	0.596955941276	12	0
37.0	0	0.892697772394	0.640345906848	12	0
37.0	0	1.1432138553	0.801953730151	12	0
37.0	0	1.55091592866	0.897261245631	12	0
92.5	0	1.4297424777	0.770362032465	12	0
92.5	0	1.46457992436	0.736232209809	12	0
157.0	0	1.58618729143	0.72243238558	12	0
158.5	0	1.85337950002	0.860667384983	13	0
167.5	0	2.0352772266	0.919448002647	14	0
167.5	0	1.99340759183	0.746852838063	14	0
202.0	0	1.95510421584	0.712244719756	14	0
167.5	0	1.84987419552	0.643574657799	14	0
202.0	0	1.87579054398	0.621736583537	14	0
202.0	0	1.82097832067	0.605722102444	14	0
202.0	0	1.6320940856	0.609875116087	14	0
202.0	0	1.10740538542	0.337941229199	14	0
167.5	0	1.02662113776	0.311835381235	15	0
167.5	0	1.35651705351	0.57865243213	15	0
182.5	0	1.49139814161	0.653152736021	15	0
182.5	0	1.48815643997	0.652859503547	15	0
182.5	0	1.72218663413	0.754668935253	15	0
182.5	0	1.73737778781	0.7927370804	15	0
182.5	0	2.20012071474	0.989216108879	15	0
142.0	0	2.51642639103	1.20795626103	15	0
182.5	0	2.70020665548	1.40503058804	16	0
182.5	0	2.39793282053	1.24058679207	16	0
142.0	0	2.47048100245	1.24807799629	16	0
182.5	0	2.73469822259	1.32845737991	16	0
182.5	0	2.86184922389	1.50599684998	16	0
142.0	0	2.8114664512	1.50910813457	16	0
125.5	0	2.90133256677	1.61931933875	16	0
125.5	0	2.7204286852	1.47327498324	16	0
110.5	0	2.48638802792	1.39468103647	16	0
125.5	0	2.36100374142	1.3523130089	16	0
110.5	0	1.98771480134	1.42499678131	16	0
110.5	0	1.35856925116	1.27478668967	16	0
97.0	0	1.1074158663	1.12989768458	16	0
110.5	0	0.779959713441	0.971232000167	16	0
125.5	0	0.765359705087	0.972798152568	16	0
125.5	0	0.757584895098	0.992714770023	16	0
137.5	0	0.595531375555	0.966818891568	16	0
125.5	0	0.425817326725	1.05602992919	16	0
125.5	0	0.184555401466	0.862629708256	16	0
115.0	0	0.235391890334	0.764758852931	16	0
110.5	0	0.232976391647	0.814772481727	16	0
97.0	0	0.267004627003	0.826357259151	16	0
97.0	0	0.340864321278	0.706809983215	16	0
97.0	0	0.39901809987	0.647481860975	16	0
83.5	0	0.421657957979	0.55211252595	16	0
83.5	0	0.216327314524	0.6714963146	15	0
79.0	0	0.0451950068351	0.804783671944	14	0
79.0	0	0.344485670867	0.983891918438	13	0
79.0	0	0.735028782049	1.1781140462	13	0
79.0	0	1.13514216433	1.48633858885	13	0
79.0	0	1.52994424702	1.70735002821	13	0
79.0	0	2.02278848154	1.93022956246	13	0
79.0	0	2.37584081041	2.18926222756	14	0
79.0	0	2.53946625729	2.1751299362	14	0
58.0	0	2.64477416579	2.14354001756	14	0
58.0	0	2.5441553486	2.14196400018	14	0
58.0	0	2.38141590786	2.08433573811	15	0
88.0	0	2.3190336595	2.0782509197	16	0
58.0	0	2.23072638188	2.03928062413	17	0
58.0	0	2.10108443843	1.92752688596	18	0
58.0	0	2.1100916166	1.86678367432	19	0
28.0	0	2.55071192571	2.07956797206	20	0
58.0	0	2.37598689714	2.14984697237	21	0
28.0	0	2.39010152155	2.1663421678	22	0
58.0	0	2.4354781454	2.20767371612	23	0
88.0	0	2.68830990112	2.34615051603	24	0
88.0	0	2.95852519419	2.33830837878	25	0
58.0	0	3.07536757536	2.4222008424	26	0
88.0	0	3.29284280131	2.50808353718	27	0
58.0	0	3.09294177161	2.41320944206	27	0
58.0	0	3.13429973138	2.22945694077	27	0
49.0	0	3.44060398746	2.28227798555	27	0
62.5	0	3.40452637453	2.30817338582	27	0
32.5	0	3.62794487976	2.44324235391	27	0
32.5	0	3.70727399685	2.54519737781	27	0
-2.0	0	3.65424340977	2.57336360666	27	0
-2.0	0	3.38346469235	2.48578889214	27	0
-2.0	0	3.3416308449	2.41662265458	27	0
32.5	0	3.32304901959	2.43725660977	27	0
32.5	0	3.33497949903	2.43984447928	27	0
62.5	0	3.18699078287	2.31490786023	27	0
80.5	0	2.96660631345	2.18152943944	28	0
80.5	0	2.88477808787	2.27473430043	28	0
80.5	0	2.78695254581	2.32924906721	28	0
80.5	0.0845612054954	2.70085279321	2.32024254111	28	0
62.5	0.0847305943659	2.7711170901	2.35887739651	28	0
64.0	0.0842625750538	2.75519831891	2.33765822828	28	0
64.0	0.0842215612019	2.74659597217	2.40840685012	27	0
32.5	0.0843341528285	2.469079939	2.37843084798	26	0
-17.0	0.0848798461566	2.4819025756	2.25339754588	25	0
-56.0	0.0852573366504	2.56879908312	2.18650242213	24	0
-56.0	0.0850861161289	2.12781864305	1.99457468244	23	0
-56.0	0.0851225135101	1.77353709928	1.67931990524	22	0
-56.0	0.0851896547248	1.9940818461	1.72795440481	21	0
-56.0	0.0851377258057	2.05987295355	1.74203543888	20	0
-17.0	0.0850679765013	1.78112221502	1.53278490113	19	0
-17.0	0.0850559051861	1.51330928594	1.32981498774	18	0
-56.0	0.0852975879072	1.34979364578	1.3328235924	17	0
-56.0	0.085394354755	1.02815381424	1.17435781521	16	0
-56.0	0.0853598908906	1.20638997521	1.21530851363	15	0
-59.0	0.0858126543876	1.34981553063	1.21344337617	14	0
-56.0	0.085034822136	1.14156619791	1.05942053603	13	0
-56.0	0.0863714428106	0.975974300397	0.833077767512	12	0
-3.5	0.0851590694345	1.00923578062	0.818249979232	12	0
-11.0	0.0853692761736	0.980219274204	0.723652720182	12	0
-11.0	0.0853661465855	1.05526073524	0.700290160441	12	0
-11.0	0.0854195080711	0.87694045157	0.630158374448	12	0
38.5	0.0852635166395	0.936400011118	0.641814016237	12	0
38.5	0.0853131205283	0.69585737821	0.635853708256	12	0
64.0	0.0851560170212	0.646308599726	0.545797815026	12	0
64.0	0.0850891432191	0.674501163939	0.440054603679	12	0
91.0	0.0848650949584	0.340477392346	0.210871985117	12	0
119.5	0.08478880636	0.365024592095	0.260099112366	12	0
145.0	0.0845583640727	0.556133292703	0.318162575427	12	0
145.0	0.0846211012871	0.835770019555	0.483244588877	12	0
145.0	0.0845754272295	0.450982332423	0.317772195472	12	0
119.5	0.0848063495745	0.37344716597	0.222927258514	11	0
119.5	0.0847393002636	0.45098430778	0.128252256537	11	0
65.5	0.0849539954641	0.346997890551	0.138689089046	11	0
-11.0	0.0856234745356	0.268821677431	0.129235753027	11	0
-57.5	0.0858159532987	0.488743412542	0.280669501999	11	0
-57.5	0.0858258577061	0.795454324598	0.42290640901	11	0
-81.5	0.0860568917814	0.625806831156	0.296530068295	11	0
-107.0	0.0861833990972	0.600919284693	0.135597402389	11	0
-81.5	0.0858921829376	0.665743673041	0.216506278363	11	0
-81.5	0.0858921829376	0.162597317853	0.0222592915473	10	0
-107.0	0.0865672831543	0.0314285572965	0.094065293944	10	0
-107.0	0.0865925297566	0.0741222201104	0.218880476225	10	0
-107.0	0.086617850217	0.272679169806	0.168425736879	10	0
-107.0	0.0865026997355	0.229241710568	0.156852871995	10	0
-107.0	0	0.00348322342478	0.201150349984	10	0
-107.0	0	0.115008199021	0.245356847989	10	0
-107.0	0	0.228780818424	0.0523337009266	10	0
-86.0	0	0.122943144371	0.0870187002961	10	0
-66.5	0	0.0181585594145	0.0684611064826	10	0
-66.5	0	0.243187669016	0.0918957438421	10	0
-66.5	0	0.2172212094	0.118094773754	10	0
-66.5	0	0.434883331884	0.134212660165	10	0
-15.5	0	0.793173802045	0.341726868149	10	0
-15.5	0	0.775190727017	0.386499132472	10	0
16.0	0	0.69928466966	0.483083241776	10	0
-30.5	0	0.5288944909	0.426304487093	10	0
-66.5	0	0.598804557109	0.430557106786	10	0
-66.5	0	0.429407703907	0.443160555894	9	0
-66.5	0	0.589355078763	0.504254059883	9	0
-66.5	0	0.474590238029	0.443062374897	9	0
-30.5	0	0.42107912541	0.481989542438	9	0
-30.5	0	0.334240944531	0.453788038224	9	0
-66.5	0	0.529626414268	0.446972539917	9	0
-86.0	0	0.514966203705	0.579331763502	9	0
-102.5	0	0.661749623116	0.662558059091	9	0
-116.0	0	0.928328325779	0.866288784034	9	0
-116.0	0	1.11418852418	0.902676393877	9	0
-116.0	0	0.828783268251	0.789512625319	9	0
-116.0	0	0.712007852441	0.515055156615	9	0
-116.0	0	1.07422915823	0.654444721865	9	0
-87.5	0	1.5453233326	0.863915172486	10	0
-87.5	0	1.56645046375	0.893162290306	10	0
-87.5	0	2.09068395376	1.12703276065	10	0
-35.0	0	2.50499637161	1.32764823794	10	0
41.5	0	2.44156538635	1.30052062106	10	0
41.5	0	2.34516184227	1.31651163922	10	0
71.5	0	2.43721209371	1.3463272494	10	0
116.5	0	2.27324090201	1.34013366854	10	0
116.5	0	2.00375182739	1.21409114749	10	0
116.5	0	2.42527961558	1.44233111875	10	0
116.5	0	2.80002909984	1.62515544506	10	0
154.0	0	2.62380229781	1.70320769208	10	0
166.0	0	2.59397621436	1.69085256239	10	0
166.0	0	2.54203271083	1.69950079068	11	0
166.0	0	2.64031136904	1.76430636033	12	0
185.5	0	2.70716878909	1.91104778796	12	0
185.5	0	2.8829992009	1.89064763363	12	0
185.5	0	2.44281390406	1.71920310364	12	0
196.0	0	2.29394954536	1.64391434162	12	0
185.5	0	2.27465298324	1.55229924474	12	0
185.5	0	2.31338308577	1.61953717834	12	0
185.5	0	1.87099804207	1.49019477941	12	0
166.0	0	1.6421759677	1.34840198189	12	0
154.0	0	1.50305767846	1.25897543782	12	0
154.0	0	1.39364765335	1.19925961884	12	0
166.0	0	1.79694332108	1.33161776305	12	0
185.5	0	1.91642651863	1.37529175336	12	0
166.0	0	2.08837736974	1.35815806432	12	0
154.0	0	2.03255122211	1.38997823703	12	0
106.0	0	2.08446328882	1.49260600908	12	0
50.5	0	1.99121164793	1.49687317582	12	0
-27.5	0	1.90710359511	1.47404350225	12	0
-27.5	0	1.79902847637	1.42790029602	12	0
-27.5	0	1.86361155752	1.43178817864	13	0
-27.5	0	1.84278796938	1.44350857647	14	0
-27.5	0	1.77520468082	1.58448664488	14	0
-27.5	0	1.66970950766	1.52190824547	14	0
-27.5	0	1.66877445733	1.46301890551	14	0
50.5	0	1.50452387247	1.52676307987	14	0
-8.0	0	1.26853596157	1.42060893849	14	0
-75.5	0	0.805374582674	1.33783851119	14	0
-75.5	0	0.976779786796	1.48190686189	14	0
-75.5	0	0.67063608462	1.32091899422	14	0
-95.0	0	0.381889035218	1.2520854775	14	0
-96.5	0	0.280194423256	1.22375894017	14	0
-104.0	0	0.122987836694	1.12700194245	14	0
-104.0	0	0.105561730051	1.13943365162	14	0
-119.0	0	0.190536388625	1.15980621155	15	0
-119.0	0	0.421289583841	1.22577335515	15	0
-119.0	0	0.468123285067	1.08561266654	15	0
-119.0	0	0.213507514719	1.01783373248	15	0
-119.0	0	0.184261705376	0.972635236023	15	0
-119.0	0	0.164291087338	0.900871242902	15	0
-135.5	0	0.0939654290645	0.881145278018	15	0
-135.5	0	0.0804522133335	0.915540574896	15	0
-135.5	0	0.121476641166	1.00010938727	15	0
-149.0	0	0.108242094041	1.13858084686	15	0
-159.5	0	0.251307456938	1.27542353431	15	0
-159.5	0	0.384983468129	1.28300059807	16	0
-149.0	0	0.350085068002	1.36994443373	17	0
-159.5	0	0.597997417108	1.46001555413	18	0
-149.0	0	0.924065969466	1.52032442083	19	0
-149.0	0	0.848434693909	1.59352604159	20	0
-149.0	0	0.739372163163	1.57375168638	21	0
-135.5	0	0.795154842486	1.51281694064	22	0
-149.0	0	0.621427665273	1.45031387037	23	0
-149.0	0	0.635190884249	1.44709843358	24	0
-149.0	0	0.578413185563	1.4015246885	24	0
-135.5	0	0.194196720668	1.24577946177	24	0
-135.5	0	0.122797299463	1.11909162461	24	0
-111.5	0	0.345772284477	1.10620609106	24	0
-111.5	0	0.47269266303	1.19839785081	24	0
-95.0	0	0.502468927251	1.15991245327	24	0
-84.5	0	0.556972809942	1.12579073525	24	0
-65.0	0	0.524787588023	1.20409226001	24	0
-65.0	0	0.533967508999	1.02130542502	24	0
-84.5	0	0.149601847543	1.02535919795	24	0
-95.0	0.0882149380132	0.324969243122	1.17761988982	24	0
-99.5	0.088524226638	0.533705700669	1.3214807049	24	0
-116.0	0.0887058566947	1.09060305364	1.38428025382	24	0
-116.0	0.0886783780863	1.86118406781	1.40629049301	24	0
-116.0	0.0884749134023	2.19103983964	1.50797604307	23	0
-116.0	0.0885017780337	2.4143227882	1.61292699092	23	0
-116.0	0.0886145846066	2.79647094862	1.67143729152	24	0
-99.5	0.0882192821517	3.00774861755	1.77722814604	25	0
-99.5	0.0883066104327	3.36994408338	1.85700829276	26	0
-99.5	0.088119896959	3.70084298975	1.93142715746	27	0
-99.5	0.0881586553448	3.38581096074	1.92884313791	27	1
-123.5	0.0883241786751	2.92057611538	1.88525726599	27	1
-134.0	0.0883770907753	2.43198852795	1.93154134251	27	1
-134.0	0.088430316542	2.56453249936	2.1164463596	27	1
-174.5	0.0887656817558	2.69903975987	2.2970949335	26	1
-192.5	0.0890708769715	2.94458034547	2.30427676188	25	1
-192.5	0.0891235545536	3.13628809761	2.43980226273	24	1
-206.0	0.0891813703335	3.5572667265	2.39138005735	23	1
-206.0	0.090781782197	3.88928657762	2.43473305559	22	1
-213.5	0.0913559954065	4.03012480638	2.4613668451	21	1
-267.5	0.0917934020418	4.25824766475	2.53856894895	20	1
-267.5	0.0939772309866	4.31818720748	2.64670195956	19	1
-303.5	0.0947347615624	4.54842309783	2.69859946263	20	1
-267.5	0.0956541369153	4.6580959364	2.69851106101	21	1
-303.5	0.096089215254	4.10114207822	2.57915873686	21	1
-303.5	0.0963599985466	3.78405255322	2.51775629213	21	1
-315.5	0.0966328358929	4.45815484735	2.51280958119	21	1
-335.0	0.0971100622725	3.94686123322	2.42692742458	21	1
-335.0	0.0962224495373	4.15524874856	2.58780513072	21	1
-365.0	0.0963706764208	4.58964112252	2.80760182486	21	1
-365.0	0.0955495364927	4.77908300522	2.88965571636	21	1
-377.0	0.0958420969419	5.22424421012	3.06206183225	21	1
-387.5	0.0960077396561	5.42205775929	3.20558830528	21	1
-399.5	0.0966927111385	5.48284912121	3.29541374676	21	1
-399.5	0.095999906523	5.82339493284	3.38783860149	21	1
-401.0	0.0963291547312	6.47129842696	3.49229896625	21	1
-410.0	0.097358307727	6.9222323473	3.55455769966	21	1
-422.0	0.0987497048045	7.10749573199	3.65402010987	21	1
-431.0	0.0989484544034	7.29800768972	3.63471769786	22	1
-431.0	0.0988918898961	7.28548099998	3.68443930642	22	1
-431.0	0.0988441251178	7.21026602719	3.61680392181	22	1
-422.0	0.0976770678093	7.02481168379	3.44207874188	22	1
-410.0	0.0968108565107	6.63140580712	3.49794260816	22	1
-410.0	0.0963404062426	5.92197287296	3.45345953333	22	1
-410.0	0.0955859145174	5.45397897487	3.28884069775	22	1
-401.0	0.0940635793132	5.33282673375	3.21855813522	22	1
-401.0	0.0939008174125	4.86867806895	2.99360535157	22	1
-401.0	0.0930635655802	4.51645045352	2.92986814854	22	1
-410.0	0.0927217251024	4.11473515947	2.83482375132	22	1
-417.5	0.0917137051696	3.79624364103	2.76888431831	22	1
-408.5	0.0911287590373	4.29113265271	2.90623875552	22	1
-408.5	0.0904907449898	4.60891567379	2.99728857587	22	1
-408.5	0.0901757922185	4.8585938689	2.95326577639	22	1
-393.5	0.0900750677792	4.6819687424	2.68291835154	21	1
-381.5	0.0897098546614	4.45437463653	2.46813909222	20	1
-381.5	0.0896948566364	4.20299804325	2.46191253909	20	1
-381.5	0.0896484213597	3.77230310625	2.32390424045	21	1
-390.5	0.0896703883128	3.17597648625	2.28282599862	22	1
-390.5	0.0899109063726	2.82303720199	2.09573231177	23	1
-381.5	0.0895713955475	2.60744475892	1.92540057685	24	1
-381.5	0.0895411843329	2.4719765546	1.79500172614	25	1
-381.5	0.0898219012137	2.12554333934	1.5638502629	26	1
-390.5	0.0898426540093	1.71237178357	1.50548227219	26	1
-398.0	0.0902460488595	1.30753844227	1.40343158332	26	1
-390.5	0.0896017063228	1.73503102967	1.46664901075	26	1
-380.0	0.0895713955475	1.97202175725	1.44811819326	26	1
-350.0	0.0894810582217	1.21975066593	1.39954226219	26	1
-318.5	0.0889758736188	1.642472644	1.42891999292	26	1
-318.5	0.0892639080435	1.42792685672	1.23816603878	25	1
-318.5	0.0892444202054	1.09399408113	1.02391185006	24	1
-318.5	0.0895865384529	0.7486996698	0.937675628588	23	1
-318.5	0.0894810582217	0.565404298818	0.78569152389	23	1
-318.5	0.0894411917673	0.0673902658067	0.705939014668	24	1
-294.5	0.0891668819965	0.169710964986	0.553870607559	25	1
-294.5	0.089451142156	0.507194995909	0.40089504879	26	1
-276.5	0.0890708769715	1.26492661038	0.333552875461	27	1
-270.5	0.0888212581416	1.78288425501	0.314272462207	28	1
-270.5	0.0887610657547	2.01951651253	0.21583362223	28	1
-270.5	0.0887564521071	2.34475934052	0.255503899636	28	1
-227.0	0.0884615111071	1.88782624719	0.285646197616	28	1
-227.0	0.0883992298653	2.08668102983	0.206488833253	28	1
-227.0	0.0886191263616	2.27595903103	0.197890816968	28	1
-227.0	0.0888771775581	2.37758476106	0.0734986878936	28	1
-227.0	0.0876348822768	2.55904366731	0.0703910633843	28	1
-227.0	0.0859623839822	2.83206379736	0.294758282573	28	1
-270.5	0.0866869526192	2.88843961862	0.398296528038	28	1
-227.0	0.086385536821	2.77167998274	0.299695955289	28	1
-227.0	0.0864067211471	2.65339193201	0.340007011707	27	1
-147.5	0.0860331667383	2.53489407566	0.204383326687	26	1
-147.5	0.0860230189681	2.61076453978	0.136381966926	25	1
-227.0	0.0861490234059	2.54642571611	0.0780065651361	25	1
-270.5	0.0863433237776	2.33267838675	0.00712676560765	26	1
-270.5	0.0865062750708	2.07775670996	0.152191827475	27	1
-276.5	0.0865708853047	2.12541981037	0.218350837318	28	1
-282.5	0.0868379702531	2.06229851842	0.311140336515	29	1
-276.5	0.0867162139542	2.08020192189	0.405001878134	30	1
-276.5	0.0866650712262	1.85780820417	0.398880944543	31	1
-270.5	0.086542110019	1.75993612531	0.414384262699	32	1
-270.5	0.086463468421	2.00998009484	0.417802982722	33	1
-270.5	0.0864777137397	2.08906335139	0.431630446856	34	1
-201.5	0.086385536821	2.20630538358	0.40212757815	35	1
-270.5	0.086542110019	2.25205088343	0.544947778412	36	1
-270.5	0.0865853089223	2.22588956934	0.565694028557	37	1
-201.5	0.0864421444276	2.06634743142	0.620025510098	37	1
-270.5	0.086912600238	2.11463169645	0.574426397784	36	1
-201.5	0.0868305423307	2.01603212194	0.635318191489	35	1
-137.0	0.0867750342547	1.90582939363	0.759998742429	34	1
-137.0	0.0870485658797	1.98143768001	0.815543087883	33	1
-137.0	0.0870676185877	2.18532667921	0.913543487633	32	1
-137.0	0.0870599925193	2.46500086602	0.954180276288	31	1
-137.0	0.0871635097652	2.4348574751	0.826008438415	30	1
-137.0	0.0871327101105	2.57149734217	0.76201267035	29	1
-137.0	0.0871365541469	2.60415247194	0.68509276723	30	1
-137.0	0.087190548603	2.73553821377	0.639959682413	31	1
-132.5	0.0870485658797	2.98777104761	0.612089469367	32	1
-132.5	0.086912600238	3.01389186431	0.553846489047	33	1
-132.5	0.0869388725417	2.98078922413	0.511625040531	34	1
-122.0	0.0871042181945	2.83448800255	0.475396707838	35	1
-122.0	0.0870540932751	3.00063599676	0.448494805208	36	1
-132.5	0.0873536200711	2.95008388617	0.392943931766	36	1
-132.5	0.0873012982804	2.8854399314	0.509453485784	36	1
-132.5	0.0873432053826	2.62515143497	0.579124315511	36	1
-132.5	0.0871608864479	2.45148384619	0.651653958118	36	1
-137.0	0.0886829385123	2.17676239545	0.840814895418	35	1
-204.5	0.0914537748896	1.90218158767	1.03963104959	34	1
-137.0	0.0911152518769	2.00132000086	1.12126748537	33	1
-137.0	0.0910335468496	1.76306482579	1.17845918362	32	1
-137.0	0.0910155088568	1.81033106552	1.23011965924	31	1
-137.0	0.0911153787148	1.81180636232	1.11677200481	30	1
-132.5	0.090934228935	1.54664529641	1.03318737955	29	1
-122.0	0.0908281568946	1.71792381903	0.889101942406	28	1
-87.5	0.0905659493359	1.90959613893	0.68099268105	27	1
-54.5	0.090480302262	2.05362895306	0.526411595294	26	1
-54.5	0.0903975362819	2.04297998247	0.528095878499	25	1
-42.5	0.0899753722798	2.06849367053	0.486754575085	24	1
-47.0	0.0900786564797	2.21907163527	0.422231246691	23	1
-11.0	0.0895798152241	2.10042980178	0.452153478824	22	1
-47.0	0.0896584061955	1.97541909162	0.510333229327	21	1
-47.0	0.0897207941882	1.70823495079	0.524729991809	21	1
-47.0	0.0895439249515	1.55632484117	0.55324715648	21	1
-47.0	0.0888398596429	1.51370322679	0.547202666306	21	1
-11.0	0.0884883356931	1.36040234024	0.479422694057	21	1
-11.0	0.0883947976791	1.21151368508	0.474637472669	21	1
-9.5	0.0883066104327	1.212000936	0.445331275515	22	1
26.5	0.0876226838848	1.28864352421	0.476448770976	23	1
55.0	0.0875016174576	1.36516132363	0.435075947548	24	1
88.0	0.0871288677617	1.35685138885	0.328016634419	25	1
88.0	0.0872487713824	1.21949825112	0.32100427261	25	1
103.0	0.0870447603181	1.04950289893	0.293237645429	25	1
119.5	0.0866833018835	0.980694483455	0.256298483027	25	1
157.0	0.0864350481239	0.822278278111	0.460092562723	24	0
157.0	0.0865170099624	0.785900131683	0.558752007669	23	0
157.0	0.086463468421	0.383970359116	0.67215238566	22	0
179.5	0.0861627571567	0.0675436354965	0.846042386239	21	0
190.0	0.0861558875324	0.272510229603	0.813825338871	20	0
190.0	0.0863538576597	0.423762196747	0.812184691538	19	0
202.0	0.0859825478856	0.493052601927	0.811939520085	18	0
202.0	0.0860943073607	0.420284681873	0.801689575873	17	0
202.0	0.0861216217191	0.726082929839	0.836110521271	17	0
202.0	0.0860230189681	0.745773525515	0.854780485004	17	0
190.0	0	0.640980323881	0.855533083954	17	0
190.0	0	0.704089445862	0.895594638491	17	0
142.0	0	0.430846081567	0.881532526828	17	0
142.0	0	0.510283626239	0.905245088374	17	0
142.0	0	0.570218767933	0.945281780753	17	0
142.0	0	0.807911343993	0.979056645407	17	0
103.0	0	0.621845629009	0.886799246611	17	0
103.0	0	0.792653242119	0.859898940532	17	0
70.0	0	0.874440078605	0.964634040328	17	0
64.0	0	0.596919162654	0.909373420052	17	0
103.0	0	0.500415818246	0.876896196171	17	0
103.0	0	0.359907310354	0.880862583561	16	0
154.0	0	0.588203248262	1.04511120423	16	0
154.0	0	0.879289412489	1.16266911347	17	0
64.0	0	1.03373870458	1.18308466212	18	0
154.0	0	0.991175971128	1.1224006441	18	0
64.0	0	0.673026637377	1.06323539238	18	0
64.0	0	0.393818536983	0.998980360801	18	0
2.5	0	0.357309441466	0.996758099714	17	0
-50.0	0	0.24293320675	1.01630705211	16	0
-21.5	0	0.0761053911296	1.01904146433	15	0
-21.5	0	0.107961377949	1.05997583616	14	0
-15.5	0	0.185691680413	1.10848232964	13	0
-15.5	0	0.0568218219173	1.05189871126	12	0
-15.5	0	0.194807529413	1.04548735882	11	0
-21.5	0	0.33013265041	1.17511997446	10	0
-69.5	0	0.266249076194	1.20905702192	10	0
-21.5	0.0876920315761	0.0678179178817	1.12247105723	10	0
-69.5	0.0879792056877	0.0512455138501	1.03468305585	10	0
-134.0	0.0883682504005	0.161685564827	0.93963758632	11	0
-134.0	0.0879201830973	0.384074019613	0.814579904399	12	0
-134.0	0.087886630876	0.533798189109	0.700579041927	13	0
-134.0	0.0878908179863	0.827766089176	0.582362203203	14	0
-134.0	0.0881284954152	1.18959542378	0.425175143805	15	0
-134.0	0.0880599385103	1.43178763617	0.381877787174	16	0
-164.0	0.0882062560576	1.53778694779	0.358280217823	17	0
-164.0	0.0886373162757	1.68173312043	0.309920443944	18	0
-164.0	0.0886966878712	1.82052821177	0.239635112201	19	1
-164.0	0.0887288195236	1.88369309578	0.225834570028	19	1
-182.0	0.0888491747308	2.15794906449	0.159829183245	19	1
-168.5	0.0887426252636	2.23153307098	0.0530694037165	19	1
-182.0	0.0891717088865	2.45022652776	0.238872416645	19	1
-183.5	0.0891862048955	2.50924986235	0.378560486441	19	1
-183.5	0.0891813703335	2.73119883831	0.562300983591	19	1
-198.5	0.0893079081532	2.91479837455	0.66170860133	19	1
-198.5	0.0889711494052	3.28598230916	0.84780403695	19	1
-176.0	0.0885828561904	3.49816404896	0.919833899225	20	1
-176.0	0.0885377227118	3.84418272314	1.11860463379	21	1
-138.5	0.0879876695194	4.14313766549	1.335692502	22	1
-167.0	0.0880556711394	4.13838387701	1.2217745111	23	1
-182.0	0.0882628398735	3.88290215922	1.05497058514	24	1
-194.0	0.0885783326586	3.59978330347	0.881841224664	25	1
-201.5	0.0887518408108	3.67422763105	0.864205178946	26	1
-201.5	0.088793427309	3.73991380244	0.900871948983	27	1
-201.5	0.0881113067725	3.91402912737	0.923558911934	28	1
-201.5	0.0883373774777	3.63809838406	0.86621039469	29	1
-201.5	0.0882934568046	3.35657005602	0.887578503098	30	1
-201.5	0.0884364574161	3.14395167153	0.946737249246	31	1
-201.5	0.0886594202087	3.12633763421	0.998219631072	32	1
-201.5	0.0885761219451	3.00229042027	1.06833835661	33	1
-216.5	0.0887166347391	3.10473941279	1.05995870625	33	1
-233.0	0.0896323949073	3.27980505134	1.03521837831	33	1
-246.5	0.0898607368568	3.49478924226	1.07308019564	33	1
-246.5	0.0898935976931	3.38339503724	1.00478825041	33	1
-246.5	0.0899641890185	3.48276021461	0.977238710526	33	1
-233.0	0.0898720571727	3.48994393999	1.1042200148	32	1
-233.0	0.0898214907679	3.44884656142	1.10206973557	31	1
-246.5	0.0901188460741	3.2634482737	1.03204726986	30	1
-246.5	0.0900096883449	3.23113419211	0.928209183363	29	1
-233.0	0.0898472283125	3.12898927243	0.878168885241	28	1
-246.5	0.0906259919142	2.84916134519	0.758294203658	27	1
-246.5	0.0906865284018	2.58364194903	0.658964514451	27	1
-260.0	0.0908352456347	2.49856558735	0.717880790298	27	1
-275.0	0.0913122564325	2.45622291426	0.639383011238	27	1
-275.0	0.0912696992521	2.27843546364	0.541658907253	27	1
-275.0	0.0912693871214	2.28015342468	0.421747112023	27	1
-275.0	0.0909350761104	2.25020111205	0.393933498141	27	1
-260.0	0.0901108117998	2.13527905363	0.31955604655	27	1
-260.0	0.0901094852282	2.23176167865	0.284386533722	27	1
-240.5	0.0899895422346	1.94639175627	0.301165881446	28	1
-260.0	0.090056898074	1.86939100803	0.125607780859	27	1
-260.0	0.0896961432696	1.73796993321	0.0356393567552	26	1
-275.0	0.0898093493178	1.42358057943	0.183925333325	25	1
-260.0	0.0895276065918	1.29927006845	0.360994702958	24	1
-231.5	0.0886206585566	1.0746406786	0.421466733911	23	1
-231.5	0.0881800761475	0.610210904254	0.618584912743	22	1
-231.5	0.0883155676175	0.49165969956	0.673425525248	21	1
-231.5	0.0882410783451	0.312844760966	0.763777917237	20	1
-231.5	0.0886825938357	0.189911996108	0.813180273254	19	1
-231.5	0.0886515858186	0.0312938772501	0.843159374519	18	1
-209.0	0.0884998268657	0.17731414258	0.808986126831	17	1
-195.5	0.0882524663558	0.0196169690929	0.62776040249	16	1
-182.0	0.0880391660762	0.287829480446	0.477101755742	15	1
-182.0	0.0879185322198	0.229572361351	0.487765604469	15	1
-195.5	0.0887208862768	0.172254978355	0.312189907902	15	1
-195.5	0.0886323619938	0.455254537977	0.20584876863	15	1
-153.5	0.0880906092291	0.283089316135	0.340059730314	15	1
-68.0	0.087741312031	0.186218079433	0.502318246361	15	1
-0.5	0.0875216802468	0.0801727892351	0.647318474334	15	1
-0.5	0.0874337434663	0.199857782874	0.754579905113	15	1
10.0	0.0869238501002	0.643378588785	0.847855090002	15	1
20.5	0.086578094108	0.688738870201	0.734241127882	15	1
53.5	0.0863679229073	0.931064332114	0.792685557224	15	1
86.5	0.0863117992452	0.891396976885	0.721649770761	14	1
86.5	0.0864385955461	0.991838144917	0.759119441993	13	1
100.0	0.0862456244201	1.13912258024	0.846583231183	13	1
119.5	0.0860806827716	1.38203350199	0.949167243256	13	1
139.0	0.0858324670485	1.65747964487	1.04533430744	13	1
139.0	0.0857830215692	1.708477097	1.10154988122	13	1
139.0	0.0859523198503	1.80653059259	1.21390902292	13	1
155.5	0.0857142770888	1.78069930784	1.24005998092	14	1
155.5	0.0855688148624	1.7396112901	1.27434927206	15	1
155.5	0.0854668733902	1.96229987039	1.46690017237	15	1
155.5	0.0852975879072	1.90507930074	1.39559635064	14	1
155.5	0.0853755388347	2.02520123077	1.35367148884	13	1
155.5	0.0854069220459	1.87726780289	1.19208763746	13	1
155.5	0.0855049576695	1.87746790944	1.19906424282	13	1
139.0	0.0859456170116	1.84373226846	1.13033632465	13	1
155.5	0.0857077588943	1.84442359483	1.05000477084	13	1
155.5	0.0857731668456	1.70546085002	1.13083077915	13	1
155.5	0.0858126543876	1.81774490368	1.10422726241	13	1
139.0	0.0861113686281	1.75347076744	1.07447444725	13	1
139.0	0.086002759479	1.69249667159	1.01204279986	13	1
119.5	0.0860568917814	1.73313458304	0.909281247781	13	1
103.0	0.0867272124472	1.87647009426	0.968337211063	13	1
92.5	0.0874936051027	1.50269353908	0.788725264425	13	1
79.0	0.0878033004187	1.57825929193	0.867830040533	13	1
79.0	0.0879834365982	1.69575073935	0.956235165317	13	1
92.5	0.0876470975179	1.74348640978	0.990926955101	13	1
92.5	0.0877166375343	1.5348986848	0.876290451456	13	1
52.0	0.0878699021314	1.14375206137	0.742110910321	13	1
16.0	0.0881543405467	1.33245273329	0.756633500812	13	1
16.0	0.0882453913498	1.53287230028	0.813463385903	13	1
-20.0	0.0885557489875	1.37873536632	0.736910982582	14	1
-20.0	0.0886100451368	1.3913725207	0.972740667663	15	1
-62.0	0.0887749208274	1.54774031917	1.11190230374	16	1
-62.0	0.088793427309	1.29036060471	0.975133343528	16	1
-90.5	0.0889806002894	0.982497348755	0.919690778484	16	1
-110.0	0.0892104161891	0.762709333999	0.764886682302	16	1
-141.5	0.0893373595712	0.488315693239	0.769944645366	16	1
-141.5	0.0895411843329	0.222249821398	0.698897585632	16	1
-179.0	0.0900209567788	0.40915533983	0.798387714191	16	1
-179.0	0.0899628942917	0.189890329893	0.755079316981	16	1
-179.0	0.0895311359501	0.315590600201	0.853824713145	16	1
-141.5	0.0886966878712	0.28941557883	0.801598892081	16	1
-141.5	0.0889052671085	0.234568086555	0.748163562198	15	1
-141.5	0.088390367679	0.0425788015754	0.609680184405	14	1
-141.5	0.0882279767593	0.294913375972	0.504378962218	13	1
-138.5	0.0880642079235	0.419515002763	0.379619440919	13	1
-93.5	0.0878033004187	0.277806168653	0.284027392681	13	1
-93.5	0.0879707498919	0.350643108859	0.0936314104721	13	1
-93.5	0.0879327978843	0.602015860579	0.0221588635618	14	1
-53.0	0.0878824457371	0.898298740487	0.173110389216	15	1
-93.5	0.0879580812353	0.984777324036	0.21567575195	16	1
-93.5	0.0880216054833	1.16220183983	0.289034417557	17	1
-93.5	0.0880428812629	1.02620376639	0.207671581486	18	1
-93.5	0.0881672911942	1.13412308941	0.210320414572	19	1
-53.0	0.0879117831666	0.997716527344	0.164172670826	20	1
-53.0	0.0880386220436	0.679921057115	0.0250624554501	20	1
-2.0	0.0877784530477	0.743317502814	0.102078775562	20	1
-2.0	0.087741312031	0.770889475991	0.0358860212603	20	1
-2.0	0.0876145609633	0.806784235767	0.0611724982792	20	1
-2.0	0.0875861893826	0.718451328211	0.0748959185328	20	1
-26.0	0.0877166375343	0.63210926158	0.249432159843	20	1
-26.0	0.0876023905596	0.411928066118	0.325172958546	20	1
-26.0	0.0876023905596	0.471483528181	0.253196750925	20	1
-26.0	0.0875417887611	0.53328915933	0.270920176303	20	1
-26.0	0.0875538758967	0.973613395688	0.175311803446	20	1
-27.5	0.0880941511508	1.1097063542	0.21054744696	19	1
-26.0	0.0874417015591	1.22754985109	0.130543517015	18	1
1.0	0.0869088535094	1.2402218595	0.0746834410161	17	1
1.0	0.0867898017835	1.46235099552	0.014638282078	17	0
-26.0	0.0868976229822	1.70620818892	0.0975631557735	18	0
-26.0	0.0868789375568	2.07994897602	0.32764333613	19	0
1.0	0.0866323523639	1.84957716022	0.297354462291	19	0
1.0	0.086578094108	1.79573071848	0.425379334691	19	0
1.0	0.0860534984597	1.98686882213	0.462876316184	19	0
1.0	0.0859623839822	1.97194264117	0.633934230159	19	0
29.5	0.0858027653161	2.25541888407	0.645511138364	19	0
29.5	0.085720800287	2.38707589969	0.869329847369	19	0
1.0	0.0859892797744	2.56568288835	0.985886223982	19	0
29.5	0	2.84330227391	1.11797701065	19	0
29.5	0	3.04668653884	1.3456940615	20	0
1.0	0	2.75783408303	1.25435066322	20	0
-26.0	0	2.93097750616	1.44810551532	20	0
-26.0	0	3.138430414	1.28238609361	20	0
-27.5	0	3.1968549968	1.13550397316	19	0
-54.5	0	3.25164500254	0.921268593496	18	0
-54.5	0	3.29315391882	0.899983716836	17	0
-89.0	0	3.44071645876	0.704877022981	16	0
-105.5	0	3.67662518642	0.445979268025	15	0
-120.5	0	3.46417392179	0.171386714406	15	0
-120.5	0	3.6295754799	0.265829820219	16	0
-113.0	0	3.82195208619	0.401749909669	17	0
-131.0	0	3.46940961438	0.146890694041	17	0
-131.0	0	3.43567032891	0.00719577026098	17	0
-137.0	0	3.33839901678	0.103671379791	17	0
-141.5	0	3.42844063651	0.283707480715	17	0
-141.5	0	3.29246926193	0.444303802682	17	0
-177.5	0	3.29537404261	0.651071531778	17	0
-162.5	0	3.20162933381	0.74921458197	17	0
-162.5	0	3.17901554653	0.673194393937	17	0
-162.5	0	3.29987707212	0.625269755087	17	0
-141.5	0	3.23176166141	0.473857471564	17	0
-141.5	0	3.4908476531	0.360657585584	17	0
-141.5	0	3.35850218185	0.475841399437	17	0
-141.5	0	3.36444076068	0.373879710203	17	0
-137.0	0	3.04432836814	0.365243299325	17	0
-131.0	0	2.76149395627	0.40940807346	17	0
-131.0	0	2.34242207334	0.596021939802	17	0
-131.0	0	2.02949577674	0.772693319408	17	0
-134.0	0	1.71743230761	0.945006301003	17	0
-128.0	0	1.48510809267	0.993542268908	17	0
-110.0	0	0.979765274931	1.16393449254	17	0
-110.0	0	1.15484925933	0.998093262133	17	0
-86.0	0	1.17933409586	1.03644096051	17	0
-110.0	0	1.01523073649	0.999015047132	18	0
-86.0	0	0.880352337558	1.10933480223	19	0
-86.0	0	0.584748450428	1.13803989709	20	0
-71.0	0	0.282543569056	1.25986029596	21	0
-12.5	0	0.0134639741257	1.36541682254	22	0
-12.5	0	0.32990106224	1.49733949734	23	0
-71.0	0	0.805074357711	1.70612662448	24	0
-71.0	0	0.65123577351	1.66956135452	25	0
-12.5	0	0.898284838678	1.94546164018	26	0
43.0	0	1.10758062622	1.83176753556	26	0
97.0	0	1.29688370223	1.79202226409	26	0
97.0	0	1.370107631	1.64804516367	26	0
97.0	0	1.83071799265	1.74078238509	27	0
97.0	0	2.09302253775	1.73923861158	28	0
149.5	0	2.20016640672	1.52589958715	28	0
149.5	0	2.01811652771	1.28964637121	28	0
97.0	0	2.17697488112	1.35032651125	28	0
97.0	0	2.417280393	1.52241966056	28	0
149.5	0	2.03914294627	1.36651739953	28	0
149.5	0	2.03825295285	1.22263701207	28	0
149.5	0	2.01227346034	1.14737430675	29	0
149.5	0	1.95752114879	0.958475407319	30	0
140.5	0	1.40102739576	0.614886547513	31	0
140.5	0	1.39933177005	0.37117099131	32	0
157.0	0	1.53606438399	0.31954608966	32	0
140.5	0	1.99219366413	0.588506404048	32	0
140.5	0	2.31077838848	0.671745657842	32	0
97.0	0	2.42888936704	0.755848957564	32	0
97.0	0	2.158862921	0.648630930107	32	0
97.0	0	2.17995548048	0.653078608337	32	0
97.0	0	2.03092749475	0.631972445866	32	0
140.5	0	1.84145952473	0.637998581978	32	0
157.0	0	1.85627595698	0.696165515682	31	0
190.0	0	2.0154639364	0.772026381497	30	0
190.0	0	1.49376092773	0.570591347842	29	0
217.0	0	1.16394224638	0.41063684041	28	0
190.0	0	1.12189889763	0.354812068827	27	0
190.0	0	0.784289775177	0.343028743264	26	0
157.0	0	0.987572926434	0.46729404008	25	0
140.5	0	0.918406607387	0.460638043648	24	0
140.5	0	0.893491070164	0.506849610192	23	0
140.5	0	0.725344367384	0.463492858794	22	0
125.5	0	0.490651281328	0.437430620804	21	0
98.5	0	0.424342741378	0.422033234873	20	0
98.5	0	0.483956602325	0.473674320003	19	0
65.5	0	0.481508944527	0.538172527298	18	0
65.5	0	0.369919611191	0.555655102544	17	0
98.5	0	0.267057498178	0.485698156133	16	0
98.5	0	0.289606135942	0.48133094884	15	0
65.5	0	0.234268438449	0.495481484567	16	0
65.5	0	0.203877720164	0.480933122871	17	0
98.5	0	0.184392796444	0.475263966074	18	0
65.5	0.0848857539415	0.256162727491	0.316664010525	18	0
65.5	0.0847800485824	0.655084955413	0.173449218298	18	0
49.0	0.0854573790631	0.473563159049	0.302736617826	17	0
49.0	0.0855752271458	0.603630085601	0.329521139401	16	0
65.5	0.0854668733902	0.511580348947	0.425331214901	15	0
49.0	0.0857142770888	0.318777964959	0.532259744567	14	0
32.5	0.0860095073101	0.107021679234	0.569155273351	13	0
1.0	0.0861661940331	0.171209926735	0.626573421315	13	0
32.5	0.085760044945	0.232589096727	0.625569918578	13	0
32.5	0.0857764504855	0.436300374483	0.709235508814	13	0
1.0	0.0859690999971	0.642839519011	0.760666167788	13	0
1.0	0.0860501064829	0.923560468013	0.881299679885	13	0
-21.5	0.0864599107612	0.84227694479	0.773015553848	13	0
1.0	0.0862213720783	0.337969059325	0.567887219678	13	0
-21.5	0.0866142284715	0.0126512523997	0.466272715754	13	0
-21.5	0.0866106082403	0.198397536329	0.43832933495	13	0
-32.0	0.0870371541643	0.0254119982458	0.529999499253	13	0
-21.5	0.086834255499	0.0360453662376	0.521002672396	13	0
1.0	0.0866723588896	0.291262640316	0.65544875997	13	0
-3.5	0.0869388725417	0.4654617519	0.702928250647	13	0
-21.5	0.0874496668482	0.217890703725	0.537421999152	13	0
-30.5	0.0878740813665	0.0347414528101	0.407368065243	13	0
-30.5	0.0878908179863	0.311586850733	0.4689163263	13	0
-36.5	0.0883285761184	0.413222995433	0.482369390105	13	0
-38.0	0.0885017780337	0.371207851695	0.607258504069	13	0
-45.5	0.0889806002894	0.524539418871	0.689073123037	13	0
-51.5	0.0890090120406	0.329654736631	0.70464228886	13	0
-81.5	0.0891717088865	0.338250323383	0.768558289252	12	0
-56.0	0.0890565630779	0.466090824763	0.865809228837	13	0
-56.0	0.0895261158755	0.424573753067	0.873718194422	14	0
-84.5	0.0896677240709	0.404088217577	0.932569548752	15	0
-89.0	0.0897342181723	0.371450527543	1.07329234499	15	0
-123.5	0.090213557602	0.156424436751	1.02472550789	14	0
-123.5	0.0901865678439	0.0174410226089	0.88133533964	13	0
-123.5	0.0902081533901	0.150984799018	0.7953878017	12	0
-135.5	0.0905324785851	0.240550054603	0.778436226103	11	0
-162.5	0.0908510514013	0.34820920014	0.71014064038	11	0
-216.5	0.0911091337011	0.214274434451	0.635549915599	11	0
-260.0	0.0914789529433	0.068425365837	0.549808858762	11	0
-260.0	0.0914357781228	0.0387532767454	0.530089234457	11	0
-260.0	0.0912227892373	0.291728064099	0.643688708612	11	0
-260.0	0.0910380466431	0.595739249995	0.67321691586	12	0
-216.5	0.0905548790489	0.185237848044	0.489348992145	12	0
-162.5	0.0900953837182	0.601111271737	0.548702550343	12	0
-162.5	0.0902677727859	0.737015451154	0.601706173436	12	0
-162.5	0.0898426540093	0.81105487563	0.579970644876	12	0
-215.0	0.0899471219646	0.906975882979	0.611231258736	12	0
-162.5	0.0897085867474	0.857884807409	0.675508745027	12	0
-162.5	0.0901274643842	1.27796847349	0.7751553177	13	0
-215.0	0	1.47382930667	0.866172974	14	0
-162.5	0	1.53702999844	0.948034439883	15	0
-107.0	0	1.56708266083	0.977691968274	16	0
-65.0	0	1.52123114245	1.06419561148	17	0
-65.0	0	1.61236213678	1.19359003935	18	0
-65.0	0	1.64505535826	1.23694051078	19	0
-54.5	0	1.69551206917	1.25400380927	20	0
-42.5	0	1.43701106952	1.20395553554	20	0
-54.5	0	1.45689145305	1.35926189076	20	0
-65.0	0	1.19422802997	1.1859406131	20	0
-107.0	0	1.40010227594	1.36759443736	20	0
-107.0	0	1.70728613244	1.52410662442	20	0
-144.5	0	1.283588707	1.42020438547	20	0
-107.0	0	1.35130226263	1.60412958648	20	0
-107.0	0	1.33373087463	1.7707738852	20	0
-65.0	0	1.63424957759	1.84902710813	19	0
-65.0	0	1.87768494244	1.95575344004	18	0
-65.0	0	2.18258430989	2.01512487658	18	0
-65.0	0	2.42812400437	2.18174198445	19	0
-53.0	0	2.68060721257	2.32867405625	20	0
-53.0	0	2.61372495713	2.19681597683	20	0
-35.0	0	3.11858164247	2.34646043168	20	0
-18.5	0	3.35246873216	2.34115340865	20	0
-2.0	0	3.73267345169	2.47113939722	20	0
-2.0	0	3.9380096021	2.69081348275	20	0
11.5	0	4.2028696762	2.8427359879	20	0
35.5	0	4.50905022184	2.96917991729	20	0
71.5	0	4.84871515508	3.07410974339	20	0
127.0	0	4.86962748807	3.12467508047	21	0
226.0	0	4.75654372739	3.20411568147	22	0
127.0	0	4.72457295129	3.18534680632	23	0
127.0	0	4.72012140619	3.23966744599	24	0
71.5	0	4.7103558729	3.1948812447	25	0
71.5	0	5.0717104155	3.36853728875	26	0
35.5	0	4.78351187073	3.2250528615	25	0
62.5	0	4.92583190875	3.2104739447	24	0
62.5	0	4.54719646961	3.12601055997	23	0
88.0	0	4.33428492342	2.99288616262	22	0
127.0	0	4.17510913017	2.85665897469	21	0
88.0	0	4.05042641506	2.8144485156	20	0
196.0	0	3.89131593401	2.76112003333	20	0
196.0	0	4.02456714158	2.7461996536	20	0
88.0	0	3.83317156523	2.82471807364	20	0
88.0	0	3.92479784501	2.78663900264	20	0
52.0	0	3.8821349959	2.64179182559	20	0
88.0	0	4.08460714799	2.65799685235	20	0
88.0	0	3.90067747905	2.47706579788	20	0
88.0	0	3.87393886383	2.40399228871	20	0
88.0	0	3.78002756245	2.25121169019	20	0
88.0	0	3.75773162494	2.38205006239	20	0
88.0	0	3.57787752298	2.22366449294	20	0
88.0	0	3.23138381689	2.12421427162	20	0
88.0	0	3.5205187227	2.18775840016	20	0
52.0	0	3.2884518865	2.05823361071	21	0
52.0	0	3.28621182431	1.95545250526	22	0
52.0	0	2.86309164467	1.81621000104	23	0
52.0	0	2.61924165503	1.66974498674	24	0
-5.0	0	2.15226188679	1.53973780719	25	0
-5.0	0	1.90169386893	1.33379456238	26	0
-65.0	0	1.45629345248	1.1834018902	27	0
-98.0	0	1.68184809801	1.35832013662	28	0
-98.0	0	1.30217849006	1.26074749846	28	0
-113.0	0	1.26276571785	1.2905896566	28	0
-113.0	0	0.912162134288	1.21779310186	28	0
-113.0	0	0.657128191821	0.987281266184	27	0
-113.0	0	0.401222346637	0.835972981064	26	0
-113.0	0	0.0282218811295	0.690952305693	25	0
-126.5	0	0.377710027488	0.697013923321	24	0
-126.5	0	0.598412335546	0.593343046596	23	0
-128.0	0	0.554818583693	0.455171788496	23	0
-129.5	0	0.648732830486	0.575247308326	23	0
-129.5	0	0.847680794603	0.34496224508	23	0
-131.0	0	0.932661798409	0.195590213292	23	0
-131.0	0	1.12233221462	0.0417181479858	23	0
-129.5	0	0.943799024723	0.0466567392599	23	0
-129.5	0	0.968328525405	0.140930859083	23	0
-131.0	0	0.857320828773	0.102006596718	23	0
-131.0	0	0.810680833608	0.0424043535122	23	0
-131.0	0	0.787603092059	0.156793661941	23	0
-131.0	0	1.06163246573	0.152347243211	23	0
-131.0	0	1.2328176227	0.0740258384878	23	0
-131.0	0	1.41695099193	0.0682987367797	23	0
-131.0	0	1.37534829906	0.0739055814544	23	0
-131.0	0	1.48258785442	0.140701733817	23	0
-131.0	0	1.39421143215	0.0450374768536	23	0
-131.0	0	1.54108680734	0.0879572229613	23	0
-131.0	0	1.44258658923	0.0878609197798	23	0
-131.0	0	0.989256466683	0.30108541409	23	0
-128.0	0	0.471045502604	0.418133349708	23	0
-110.0	0	0.219571140763	0.444851619705	23	0
-113.0	0	0.135107450461	0.467705452955	23	0
-113.0	0	0.264542650727	0.490944817444	23	0
16.0	0	0.3821318325	0.640159279658	23	0
25.0	0	0.777019780811	0.778750804362	23	0
25.0	0	0.762754602175	0.69990472927	22	0
25.0	0	0.652810471701	0.673018976733	21	0
134.5	0	0.608119234215	0.616215817621	20	0
140.5	0	0.60616366505	0.537029804655	19	0
143.5	0	0.530709558714	0.497341121157	18	0
172.0	0	0.886164782989	0.597353676585	18	0
172.0	0	1.24426609204	0.704823021113	18	0
143.5	0	1.66932780225	0.827748924392	18	0
172.0	0	1.66882632848	0.82044971789	18	0
172.0	0	1.84873394346	0.841204480305	18	0
172.0	0	2.07988992777	1.04810031309	19	0
152.5	0	1.94441596127	0.969100871504	19	0
152.5	0	1.82173627315	0.866664380281	19	0
179.5	0	1.52246750902	0.656237247561	19	0
152.5	0	1.61119597229	0.831849614006	19	0
152.5	0	1.77115077212	1.08976090843	19	0
179.5	0	1.98192046402	1.12753432474	19	0
152.5	0	1.88425656417	1.03986216997	19	0
152.5	0	1.85620392922	1.00251496414	19	0
143.5	0	1.98911180146	1.04566274981	19	0
140.5	0	1.67321991766	0.971895252914	19	0
140.5	0	1.58082273904	0.918864785252	19	0
140.5	0	1.61275710857	0.847140520191	19	0
136.0	0	1.5178021935	0.653452587359	20	0
136.0	0	1.34166240267	0.502261833137	21	0
136.0	0	1.08528329427	0.28266356214	22	0
136.0	0	1.01939334371	0.215195328861	23	0
136.0	0	1.10475837571	0.161760786701	22	0
130.0	0	1.17893146474	0.16788565613	21	0
107.5	0	1.22237821035	0.168587625528	20	0
76.0	0	1.29438800974	0.0953346153482	19	0
76.0	0	1.23639688299	0.0224373559434	18	0
29.5	0	1.05718018333	0.066659989872	17	0
29.5	0	0.943147883197	0.102508009355	16	0
2.5	0	0.576337912767	0.21338200549	16	0
2.5	0	0.465942861204	0.216672108419	16	0
2.5	0	0.171447464708	0.256417569699	16	0
2.5	0	0.187923072878	0.248020956487	16	0
-5.0	0	0.181451016089	0.35527983247	16	0
2.5	0	0.0932756398511	0.43575984209	16	0
37.0	0	0.265600472209	0.271696494243	16	0
71.5	0	0.753934466178	0.161004702267	16	0
71.5	0	0.9368756651	0.0069945227648	16	0
37.0	0	0.938371488533	0.174111644742	16	0
2.5	0	1.22744787388	0.328474563683	17	0
2.5	0	1.30401801333	0.350742819409	18	0
2.5	0	0.779464846179	0.13901765892	18	0
2.5	0	0.357942566421	0.0205559866846	18	0
-5.0	0	0.469727213892	0.00364824596826	18	0
-5.0	0	0.171327971336	0.20580977542	18	0
-5.0	0	0.0332689819068	0.316438213228	18	0
-6.5	0	0.195856496275	0.0496304467888	18	0
-30.5	0	0.62088011836	0.158579124203	18	0
-30.5	0	0.926160248517	0.19429926266	18	0
-30.5	0	0.725278729654	0.0172270541946	18	0
-30.5	0	0.493998293133	0.303290882339	19	0
-30.5	0	0.15460882182	0.549235584029	20	0
-6.5	0	0.573445621005	0.229404641143	19	0
-5.0	0	0.681904864829	0.0623215798427	18	0
-6.5	0	0.764752472939	0.0415772661322	18	0
-6.5	0	0.92946417778	0.274842844131	18	0
-6.5	0	1.0094796713	0.396198021433	18	0
-6.5	0	1.28719041768	0.487938360465	18	0
-6.5	0	1.55917829839	0.636641372269	18	0
-6.5	0	1.75921687271	0.759376162079	18	0
-6.5	0	2.25995200824	0.931189898761	18	0
-29.0	0	2.09939572468	0.998234189635	18	0
-54.5	0	1.91156859721	0.995235349798	18	0
-47.0	0	1.61868343467	0.9766273641	18	0
-47.0	0	1.36863179914	0.867279885691	18	0
-59.0	0	1.1306736828	0.829714605469	18	0
-77.0	0	0.825261056838	0.658803076219	18	0
-59.0	0	1.24102282955	0.710603825716	18	0
-77.0	0	1.27425525808	0.870339789656	18	0
-77.0	0	1.07444681994	0.802371818712	18	0
-77.0	0	1.34927713323	0.834280778931	18	0
-98.0	0	1.35935068017	0.863127745886	18	0
-98.0	0	1.15935773222	0.828751448946	18	0
-68.0	0	0.924885803413	0.808222581291	17	0
-68.0	0	0.998417691504	0.823405460821	16	0
-98.0	0	1.09295017097	0.833862933456	16	0
-110.0	0	1.11136027488	0.777908601734	16	0
-110.0	0	1.2307768003	0.767418828671	16	0
-98.0	0	1.38678504912	0.692004150668	16	0
-98.0	0	1.3634294131	0.638080623141	16	0
-98.0	0	1.16516643066	0.564039540725	17	0
-98.0	0	1.54284455216	0.74573739956	18	0
-98.0	0	1.70933170416	0.808695130542	18	0
-68.0	0	1.54151098814	0.821338651273	18	0
-68.0	0	1.51317553184	0.993968528731	18	0
-47.0	0	1.56221200405	1.03189643472	18	0
-47.0	0	1.61754531835	0.901302743566	19	0
16.0	0	1.18196219066	0.692308838289	19	0
-47.0	0	1.07818673899	0.63155852571	19	0
-47.0	0	1.0905142853	0.559487232156	19	0
-53.0	0	0.828491057038	0.574887659942	19	0
-53.0	0	0.712006035119	0.52417298565	19	0
-53.0	0	0.311676702575	0.337541152976	19	0
-71.0	0	0.140782724984	0.465774611605	19	0
-53.0	0	0.108861793118	0.362528058966	19	0
-47.0	0	0.13035172497	0.208056725825	19	0
-48.5	0	0.0395536843713	0.307164092081	19	0
-45.5	0	0.202515828744	0.456266720932	19	0
-35.0	0	0.238248320652	0.562387790844	19	0
14.5	0	0.110121129355	0.490145402769	19	0
14.5	0	0.175313788996	0.330482406222	19	0
14.5	0	0.0217187580773	0.205473484576	19	0
65.5	0	0.164182384623	0.105360814316	19	0
65.5	0	0.284201561983	0.0438688355379	19	0
65.5	0	0.0968587218577	0.272293111189	19	0
88.0	0	0.0072854501551	0.252962448511	19	0
88.0	0	0.465256989185	0.628034846326	19	0
65.5	0	0.206853953688	0.564527083295	19	0
92.5	0	0.0379582900418	0.305168876991	19	0
134.5	0	0.0104231928127	0.378192855199	19	0
82.0	0	0.362841082722	0.223634565251	19	0
134.5	0	0.235126696207	0.233063076898	19	0
158.5	0	0.207066939338	0.148444685239	19	0
133.0	0	0.195260461288	0.0910793039632	19	0
82.0	0	0.619462524403	0.0396238199061	18	0
82.0	0	0.653545663257	0.160864159486	17	0
133.0	0	0.549457695534	0.0668119549074	16	0
82.0	0	0.489452791355	0.00114523324366	15	0
50.5	0	0.845445693748	0.279562198264	14	0
19.0	0	1.18103838726	0.451020410404	13	0
19.0	0	0.98202378356	0.388243002946	12	0
-17.0	0	0.878656570072	0.292871552566	11	0
-17.0	0	0.782666067981	0.276109177788	11	0
-17.0	0	1.06233245965	0.471866438605	11	0
19.0	0	1.04403585072	0.616999186711	11	0
19.0	0	1.27608788682	0.830399070303	11	0
19.0	0	1.40894057833	0.976275670015	11	0
-17.0	0	1.12827727161	0.790933553158	10	0
-17.0	0	0.836472833394	0.541279165293	9	0
-17.0	0	0.624133269233	0.345312480862	9	0
-17.0	0	0.38425710259	0.317265766617	9	0
-26.0	0	0.216125392243	0.230662173359	10	0
-36.5	0	0.139986385674	0.259701588864	11	0
-36.5	0	0.348430502894	0.442981344751	12	0
-36.5	0	0.382502006082	0.477218579135	13	0
-63.5	0	0.556535917611	0.467879672717	14	0
-53.0	0	0.92117484487	0.508512903961	15	0
-53.0	0	1.1759987609	0.555110629409	16	0
-80.0	0	1.35904545322	0.788792732994	16	0
-101.0	0	1.31777567673	0.802412000226	15	0
-101.0	0	1.50044387877	0.638408448096	15	0
-129.5	0	1.62670215735	0.516254796671	15	0
-129.5	0	1.56527751084	0.44972565365	16	0
-140.0	0	1.61535022435	0.365102791214	17	0
-119.0	0	1.91986342772	0.458187946614	18	0
-119.0	0	1.67864430355	0.360697318905	18	0
-83.0	0	1.92061420939	0.514648686875	18	0
-83.0	0	1.87438368932	0.495878741071	18	0
-83.0	0	1.64223924383	0.352106408383	18	0
-122.0	0	1.31926612816	0.230535936939	18	0
-122.0	0	1.03572302919	0.0978591111484	18	0
-195.5	0	1.08128726853	0.0527924709083	18	0
-234.5	0	0.76462550521	0.0975597513931	19	0
-195.5	0	0.461058080529	0.217166322322	20	0
-122.0	0	0.10530881914	0.313895752257	21	0
-122.0	0	0.222921461887	0.354791224257	21	0
-122.0	0	0.463395983953	0.283663469997	21	0
-122.0	0	0.652607504046	0.2568640153	21	0
-98.0	0	0.220119052683	0.576470970314	21	0
-83.0	0	0.0622553411823	0.780539266146	21	0
-83.0	0	0.226667870704	0.705489189311	21	0
-44.0	0	0.432844519484	0.603622298233	21	0
-83.0	0	0.488237708631	0.576779033701	21	0
-83.0	0	0.490770842844	0.654730290108	21	0
-83.0	0	0.241880981451	0.81832032071	21	0
-98.0	0	0.409055783903	1.02263354215	21	0
-83.0	0	0.645732201601	1.20859637826	21	0
-47.0	0	0.67861723249	1.20487433053	20	0
19.0	0	0.50438089779	1.06075525963	19	0
19.0	0	0.0982426176667	0.976158825731	18	0
19.0	0	0.449467137525	1.11734330633	17	0
19.0	0	0.407457118271	1.25521516883	17	0
47.5	0	0.652729604807	1.47048108061	17	0
47.5	0	0.88238187829	1.59146359099	17	0
34.0	0	1.06626490476	1.68630605842	17	0
34.0	0	1.0323255641	1.65481801187	17	0
7.0	0	0.940172875207	1.50609265638	17	0
7.0	0	1.02969531611	1.51568225637	17	0
34.0	0	1.214986411	1.74289123776	17	0
34.0	0	1.44869170745	1.94926078543	17	0
47.5	0	2.01382651802	2.07542214651	17	0
47.5	0	2.0062182141	2.07542214651	17	0
34.0	0	1.81185194556	2.08053822543	17	0
80.5	0	2.10919909725	1.96515765489	17	0
116.5	0	1.92386217976	1.79739183645	17	0
68.5	0	1.82780498289	1.81460049416	16	0
68.5	0	1.85044021859	1.87374975118	15	0
68.5	0	1.71965350635	1.99576372735	14	0
68.5	0	1.85382283403	2.0870865066	13	0
68.5	0	1.81281743392	2.28067124859	12	0
68.5	0	1.96012564307	2.36260474602	13	0
116.5	0	1.8297530898	2.20719346421	14	0
124.0	0	1.67177462627	2.01517770257	15	0
116.5	0	1.48850330904	1.94012319284	15	0
80.5	0	1.49706100193	1.8807150113	15	0
34.0	0	1.26068883578	1.79887687155	15	0
11.5	0	1.10670098009	1.72496023993	14	0
-3.5	0	0.955263356715	1.61214581645	13	0
11.5	0	0.741147480526	1.45872141808	14	0
-3.5	0	0.70623221801	1.3489168657	14	0
11.5	0	0.70623221801	1.344040184	14	0
11.5	0	0.760356696449	1.34795555609	14	0
34.0	0	0.89406364091	1.30949751581	14	0
34.0	0	1.15009484622	1.34287580655	14	0
34.0	0	1.13657513241	1.28263287974	14	0
80.5	0	0.760650656259	1.20207630212	14	0
34.0	0	0.752543990422	1.19415045963	14	0
11.5	0	0.71174198219	1.23231131701	14	0
-45.5	0	0.697858682755	1.2727753594	14	0
-45.5	0	1.30482054248	1.31571257619	14	0
11.5	0	0.838545698182	1.20284178879	14	0
11.5	0	0.930190687819	1.19233869417	14	0
-45.5	0	1.06655849319	1.14084334807	14	0
-45.5	0	1.20957256684	1.19191312219	14	0
-45.5	0	1.26150530995	1.29727889592	14	0
23.5	0	1.74642074983	1.47817358205	14	0
23.5	0	2.01091028439	1.6935476709	14	0
-32.0	0	1.89636289167	1.63825410081	15	0
-32.0	0	1.85302254759	1.6297041773	16	0
23.5	0	1.83312638748	1.5733555996	17	0
-32.0	0	1.61683102167	1.37252071914	17	0
-32.0	0	1.5343380561	1.34641951157	17	0
23.5	0	1.98019196178	1.52280946907	17	0
-32.0	0	2.2698249354	1.86939178876	17	0
-54.5	0	2.32308189621	1.885302632	17	0
-21.5	0	2.39318900069	1.83695346045	16	0
23.5	0	2.61497695161	1.85956625612	15	0
32.5	0	3.10836329356	1.83901135204	15	0
32.5	0	2.92734069684	1.7404130539	15	0
32.5	0	2.79736745573	1.56782386247	15	0
10.0	0	2.54126221627	1.5189518681	15	0
-21.5	0	2.56053130249	1.64691885792	15	0
-21.5	0	2.67931895254	1.85728084741	16	0
-21.5	0	2.54888574516	1.77939517182	16	0
-12.5	0	2.65004249806	1.93581631335	16	0
112.0	0	2.67856964862	1.94555140102	16	0
112.0	0	2.78809401127	2.07749269772	16	0
112.0	0	2.47558594046	1.91162459441	16	0
-0.5	0	3.08414208995	2.11413751005	16	0
112.0	0	3.14521893093	2.23325442855	16	0
112.0	0	3.22534571954	2.21757402698	16	0
112.0	0	3.16249410306	2.17706134929	16	0
112.0	0	2.92233350378	2.17705434903	16	0
112.0	0	2.96185516571	2.18636559378	16	0
-0.5	0	2.98877166636	2.12248110892	16	0
-0.5	0	2.90883923207	2.1390243953	17	0
112.0	0	2.71385646158	2.06209192138	17	0
211.0	0	2.66338573102	1.94353897177	17	0
211.0	0	2.81751615905	1.91187206553	17	0
233.5	0	2.6281639214	1.94860052941	17	0
211.0	0	2.61658740607	1.95987738581	17	0
211.0	0	2.52258063806	1.91612188769	16	0
211.0	0	2.38903202617	1.87008849595	15	0
211.0	0	2.12827545251	1.77499589881	15	0
112.0	0	2.10524831008	1.69861752387	15	0
-0.5	0	2.00077671741	1.63680220718	15	0
-0.5	0	1.84752436608	1.488988381	15	0
-0.5	0	1.77200113521	1.41693336779	15	0
-32.0	0	1.521588654	1.35127277968	15	0
-62.0	0	1.23530461674	1.29735500591	16	0
-62.0	0	0.990031981845	1.38351747121	17	0
-62.0	0	1.12507838108	1.4447412746	18	0
-83.0	0	0.969019989276	1.21434298057	19	0
-83.0	0	0.696884614016	0.98314123141	20	0
-83.0	0	0.834460585984	1.10906037475	21	0
-128.0	0	0.738513533813	1.16057146249	22	0
-128.0	0	0.478114972243	1.04003299869	23	0
-128.0	0	0.0280040666191	0.901814830958	24	0
-176.0	0	0.139934119713	0.890161628325	25	0
-176.0	0	0.287886368235	0.866579183903	25	0
-176.0	0	0.339129889115	0.799267115942	25	0
-195.5	0	0.703469186441	0.785157453576	25	0
-212.0	0	1.07705569555	0.625956826762	25	0
-212.0	0	0.981088665	0.702361688852	25	0
-212.0	0	1.11387682153	0.67671355334	25	0
-212.0	0	1.13583117609	0.652788308759	25	0
-221.0	0	1.06299654518	0.614753166232	25	0
-212.0	0	0.416870890821	0.859269348486	25	0
-195.5	0	0.998506686918	0.657715823635	24	0
-212.0	0	1.33094141765	0.482919082284	23	0
-221.0	0	1.63794615697	0.340685303212	22	0
-221.0	0	1.91564122144	0.249149994205	21	0
-234.5	0	2.15454714096	0.0622474663559	22	0
-255.5	0	2.28737004803	0.117487892095	22	0
-234.5	0	2.12589793727	0.265657446642	22	0
-255.5	0	1.96434773912	0.389222130646	22	0
-270.5	0	1.76005457852	0.506268016156	22	0
-270.5	0	1.56475776242	0.612118184852	22	0
-270.5	0	1.48738238105	0.731783169779	23	0
-270.5	0	1.33580608014	0.824586120649	24	0
-255.5	0	1.10154888723	0.986299480843	25	0
-255.5	0	0.583345867957	1.03843654686	26	0
-255.5	0	0.562561411398	1.14844415379	26	0
-228.5	0	0.663877554826	1.08708142615	25	0
-228.5	0	0.872458641217	1.00467300127	24	0
-228.5	0	0.546470848872	1.15341290246	23	0
-228.5	0	0.0971160463469	1.39082422241	22	0
-215.0	0	0.301145788436	1.54665354948	21	0
-198.5	0	0.646023818656	1.62336880475	20	0
-177.5	0	0.591831997994	1.48124772953	19	0
-177.5	0	1.11050660118	1.63952903036	18	0
-167.0	0	1.59608058162	1.70166861494	17	0
-167.0	0	1.92532577914	1.92464115214	16	0
-153.5	0	2.3067143875	2.00964889339	15	0
-153.5	0	2.63430616596	2.10383295032	15	0
-137.0	0	2.94215044363	2.14937200287	16	0
-153.5	0	3.18905938893	2.25824930666	17	0
-153.5	0	3.114249127	2.22492225094	17	0
-137.0	0	3.11080697651	2.09064748433	17	0
-137.0	0	3.1370182549	1.99941659687	17	0
-137.0	0	2.85192096244	1.89765221466	17	0
-137.0	0	3.03832044553	1.77042098671	17	0
-116.0	0	3.26110367387	1.89461340169	17	0
-125.0	0	3.27407117644	1.98653489942	17	0
-153.5	0	3.06931718944	1.94248574466	17	0
-159.5	0	3.24124272962	2.1181937816	17	0
-125.0	0	3.31945098362	2.18304331139	17	0
-159.5	0	3.09648819527	2.18259378256	17	0
-129.5	0	3.32831576517	2.34079974819	17	0
-108.5	0	3.80715376296	2.5318209402	17	0
-92.0	0	4.3771496021	2.78898950526	17	0
-108.5	0	4.81257996678	3.00028596744	17	0
-45.5	0	5.26420253759	3.26221474256	18	0
23.5	0	5.03674034054	3.03451545173	17	0
23.5	0	4.50997085281	2.78562381168	16	0
23.5	0	4.10006751824	2.50492157201	15	0
23.5	0	3.70825526783	2.15236494852	15	0
23.5	0	3.2835495399	1.93501901679	15	0
35.5	0	2.97169989625	1.63265016206	15	0
35.5	0	2.49771632483	1.28468280288	15	0
35.5	0	2.08467334574	1.03087747186	16	0
35.5	0	1.25663639275	0.853586424112	16	0
35.5	0	1.04661229768	0.707743399626	16	0
35.5	0	1.21552981213	0.729228104115	16	0
35.5	0	1.1748521813	0.757802788382	16	0
67.0	0	0.745465066233	0.561308501805	16	0
98.5	0	0.0312700640162	0.146980592232	16	0
98.5	0	0.103200599824	0.0876140577269	16	0
98.5	0	0.0214539381769	0.133612981374	16	0
98.5	0	0.627741063651	0.487937089014	16	0
98.5	0	0.789888663141	0.523154388052	16	0
67.0	0	0.784144016123	0.628238712054	16	0
98.5	0	0.669994728286	0.497656815124	16	0
67.0	0	0.602335786154	0.442871524747	16	0
67.0	0	0.528132654224	0.352146578244	16	0
67.0	0	0.278084730264	0.252882828069	16	0
67.0	0	0.0668760752216	0.116673101923	16	0
67.0	0	0.0436089776091	0.137395153152	16	0
25.0	0	0.221206472682	0.228676907386	16	0
25.0	0	0.445771309202	0.318448779971	16	0
25.0	0	0.94023418267	0.490478246015	16	0
25.0	0	1.23778052821	0.614737365662	16	0
25.0	0	1.34725748053	0.615283958903	16	0
67.0	0	1.38092263848	0.502535192234	16	0
67.0	0	1.59731414663	0.42946791604	16	0
67.0	0	1.43369984349	0.26708159434	15	0
67.0	0	1.33759788886	0.189606823808	14	0
67.0	0	1.38394633753	0.165660354225	14	0
98.5	0	1.05587417957	0.0180950676214	14	0
100.0	0	0.565416247369	0.21799026992	14	0
100.0	0	0.491273867059	0.237521763238	14	0
115.0	0	0.486411123825	0.275811380171	14	0
115.0	0	0.509331368243	0.302220934933	14	0
100.0	0	0.594786817114	0.27529985451	13	0
98.5	0	1.00358956639	0.0357954899553	12	0
98.5	0	0.930431930891	0.00947677232275	11	0
98.5	0	1.00941445971	0.149437760877	11	0
88.0	0	1.08209847138	0.211880918082	11	0
59.5	0	1.27866399762	0.361393319214	11	0
38.5	0	1.2164357152	0.438898178808	11	0
59.5	0	1.72093947215	0.718939743009	11	0
88.0	0	2.37515933867	0.91512018355	10	0
89.5	0	2.75665543126	1.06279365652	10	0
59.5	0	2.6108125756	0.890567657897	10	0
59.5	0	2.5985698608	0.834214040064	10	0
59.5	0	2.35857752548	0.650693416146	10	0
59.5	0	2.47688223744	0.644339517876	10	0
127.0	0	1.95484289832	0.418217913049	10	0
59.5	0	1.87916266368	0.40983087745	10	0
38.5	0	1.40332420562	0.064977326896	10	0
58.0	0	0.909478040451	0.16990796574	10	0
77.5	0	0.660466935593	0.361737057234	10	0
77.5	0	0.59489487637	0.320517470025	10	0
127.0	0	0.49458031321	0.387724710169	10	0
127.0	0	0.323864975093	0.366016074096	10	0
127.0	0	0.510841390061	0.315679690234	10	0
127.0	0	0.423880974032	0.405895757378	10	0
127.0	0	0.352089669842	0.464754679083	10	0
209.5	0	0.215783207562	0.55451386657	10	0
209.5	0	0.462865745323	0.446781886213	10	0
205.0	0	0.47188688811	0.473625213157	10	0
239.5	0	0.239878189292	0.573490081022	10	0
239.5	0	0.0429226257317	0.717862346133	10	0
223.0	0	0.194213201758	0.811041170928	10	0
223.0	0	0.473395985134	0.750183055333	10	0
239.5	0	0.458814152146	0.673371407022	10	0
250.0	0	0.486637747944	0.621886775091	10	0
272.5	0	0.404943898088	0.543712366281	10	0
272.5	0	0.0473466535523	0.31898731732	10	0
272.5	0	0.0120238536595	0.282920809595	10	0
272.5	0	0.384206915277	0.476705656172	10	0
272.5	0	0.529118954364	0.514461967134	10	0
281.5	0	0.832930885223	0.556669593815	10	0
281.5	0	0.47664414949	0.359559845184	10	0
328.0	0	0.766858583111	0.564493326409	10	0
328.0	0	0.509887793098	0.410204116807	9	0
328.0	0	0.281933218508	0.297553910135	9	0
388.0	0	0.109178897912	0.249041800274	9	0
430.0	0	0.214288564502	0.152580744953	9	0
430.0	0	0.147158030971	0.0650225792142	9	0
388.0	0	0.205597820827	0.187828173703	9	0
367.0	0	0.295694545486	0.261286923435	9	0
367.0	0	0.428814942163	0.254286954031	9	0
430.0	0	0.0338643752619	0.103607638875	8	0
430.0	0	0.579136901141	0.397564333609	8	0
341.5	0	1.16642235622	0.798406119341	9	0
341.5	0	1.65521713684	1.1582874672	10	0
301.0	0	2.16593909807	1.43497284633	11	0
386.5	0	2.26363768367	1.43794942023	12	0
386.5	0	2.66210285701	1.69516940965	12	0
430.0	0	2.92264284791	1.86044501929	13	0
430.0	0	3.1247354556	1.9826789094	14	0
430.0	0	3.15613885687	2.00647235769	15	0
430.0	0	3.14316331472	2.14074255451	16	0
386.5	0	3.27654062055	2.20563111025	17	0
341.5	0	3.25202987373	2.295692064	18	0
341.5	0	3.86093025617	2.62113702941	19	0
341.5	0	4.12686211432	2.80469652133	20	0
296.5	0	4.3952935075	2.97063297226	21	0
296.5	0	4.10871866818	2.878154202	22	0
296.5	0	4.09046412042	2.9657890266	23	0
296.5	0	4.00064165909	2.93253970675	23	0
296.5	0	4.28676680184	3.18454472164	23	0
341.5	0	4.91154997042	3.44473672364	23	0
341.5	0	5.25615699178	3.5182126108	23	0
296.5	0	5.66365031102	3.62945498172	24	0
284.5	0	5.88531945258	3.6110305999	25	0
226.0	0	6.0831556199	3.58288781273	26	0
215.5	0	6.00401774269	3.53645648668	27	0
188.5	0	6.08644595467	3.48434939192	27	0
191.5	0	6.10498886411	3.47141023302	27	0
191.5	0	5.86952652923	3.36172140988	27	0
169.0	0	5.72688058498	3.32681552933	27	0
169.0	0	5.79186795105	3.22537133146	27	0
166.0	0	6.14345999453	3.26038595141	27	0
166.0	0	6.37639562999	3.28113751813	27	0
166.0	0	6.13438741379	3.19361058213	28	0
166.0	0	6.34405717722	3.28797249478	28	0
166.0	0	6.55353777507	3.32384143594	28	0
166.0	0	6.61804110733	3.27565195955	28	0
166.0	0	7.01030944217	3.48586246431	28	0
167.5	0	7.12993838064	3.52187476967	27	0
167.5	0	6.91330390055	3.38006081345	26	0
158.5	0	6.87969576256	3.2869671467	25	0
167.5	0	6.55096741388	3.15219388886	24	0
170.5	0	6.15070706007	2.93596073527	23	0
160.0	0	5.61585064839	2.74143805149	22	0
160.0	0	5.32639701145	2.58647650933	21	0
115.0	0	5.03229429126	2.5546726472	20	0
58.0	0	4.61132848902	2.40583615293	19	0
14.5	0	4.20143806407	2.35179501761	18	0
14.5	0	4.05160525698	2.23068886874	17	0
14.5	0	4.08853612305	2.23324173553	16	0
14.5	0	3.9621406514	2.17409914529	15	0
-12.5	0	3.59930521714	2.06279493694	15	0
-12.5	0	3.36148540115	2.06388673992	15	0
-12.5	0	2.85152564374	1.99346541261	16	0
-12.5	0	2.72132949029	1.94889813555	17	0
-54.5	0	2.61716051142	1.8139432684	17	0
-54.5	0	2.4662106629	1.70066736222	17	0
-39.5	0	2.19182562537	1.52922090653	17	0
-39.5	0	2.30566238591	1.61987699261	17	0
-39.5	0	2.36336945303	1.54618911734	17	0
-39.5	0	2.3235515608	1.51281366303	17	0
14.5	0	2.3031131441	1.49367426426	17	0
-39.5	0	1.93029061029	1.38020976351	17	0
-39.5	0	1.83487330873	1.48693397519	17	0
-90.5	0	1.32039549504	1.33568275538	17	0
-17.0	0	1.04924350912	1.24095130494	17	0
76.0	0	1.19028881064	1.38155563759	16	0
76.0	0	1.50710474611	1.50962492036	15	0
-17.0	0	1.86954551419	1.60590612107	14	0
76.0	0	1.88219618424	1.56448027228	14	0
119.5	0	1.4658009747	1.60285660578	14	0
119.5	0	1.29533935478	1.72609640423	14	0
137.5	0	1.01778725363	1.6024611232	14	0
154.0	0	1.16948299592	1.52333192037	14	0
154.0	0	0.872824823059	1.4049291297	13	0
154.0	0	0.74962603149	1.32261403014	13	0
137.5	0	0.67122506223	1.30158175834	14	0
154.0	0	0.512708255371	1.11861741484	15	0
137.5	0	0.328805913523	0.965179937692	16	0
137.5	0	0.363404896692	0.912660270306	17	0
119.5	0	0.114274982466	0.800733666485	18	0
119.5	0	0.0731437201687	0.73663827461	19	0
49.0	0	0.0386295842336	0.773044703889	20	0
49.0	0	0.20891465327	0.740106767142	21	0
-38.0	0	0.0709855727775	0.791707527326	22	0
-38.0	0	0.13732278082	0.677939295698	23	0
49.0	0	0.17322713495	0.693087252316	22	0
49.0	0	0.386573817888	0.622001180918	21	0
19.0	0	0.418157129715	0.578223141183	20	0
-12.5	0	0.218519931933	0.513926355188	19	0
-12.5	0	0.248404393183	0.42064798562	18	0
23.5	0	0.35822297571	0.39113765472	18	0
85.0	0	0.399048361326	0.249694241409	19	0
119.5	0	0.613917163048	0.100911454496	20	0
85.0	0	1.00027045468	0.134588207168	20	0
119.5	0	1.01390121655	0.249446231632	20	0
119.5	0	1.0344450397	0.221711437449	20	0
119.5	0	0.934207009412	0.138394157599	20	0
119.5	0	1.01017060898	0.276072470996	20	0
119.5	0	0.802155144944	0.225238376158	20	0
127.0	0	0.411372497637	0.0426600413369	20	0
89.5	0	0.233990152447	0.115762143926	20	0
127.0	0	0.151431787048	0.176231247829	20	0
127.0	0	0.170980781969	0.3052489615	20	0
127.0	0	0.116004163126	0.390652997455	20	0
127.0	0	0.430242381179	0.31916083394	20	0
127.0	0	0.512553470551	0.308290784331	20	0
127.0	0	0.444033000678	0.313428188681	20	0
127.0	0	0.406503842859	0.276519508365	20	0
127.0	0	0.614479681966	0.192776553964	20	0
92.5	0	0.556620405534	0.244436992911	20	0
158.5	0	0.323449867279	0.426174737144	20	0
92.5	0	0.623296800268	0.24563371574	19	0
53.5	0	0.506767140338	0.175085025928	18	0
53.5	0	0.451997931651	0.219193184368	17	0
28.0	0	0.269828085823	0.254072506794	16	0
53.5	0	0.280703527079	0.246430544217	15	0
28.0	0	0.290852268484	0.101104547892	14	0
28.0	0	0.0310108120576	0.0966125250399	13	0
-2.0	0	0.153538458555	0.0835128320999	12	0
28.0	0	0.0965612037509	0.0750242386239	11	0
28.0	0	0.0684304650034	0.01490822699	11	0
28.0	0	0.0479862285183	0.143350992759	11	0
38.5	0	0.285044482358	0.278461773722	11	0
38.5	0	0.27551613413	0.177408887995	11	0
38.5	0	0.425730595182	0.273086470188	11	0
14.5	0	0.442858643264	0.288058600955	11	0
14.5	0	0.28939574274	0.22187323322	11	0
-2.0	0	0.0487502167116	0.203425310607	10	0
14.5	0	0.204119173847	0.290719721406	9	0
38.5	0	0.319387810098	0.392658941371	8	0
14.5	0	0.4617749678	0.50856566086	8	0
14.5	0	0.384918813163	0.481627095057	8	0
14.5	0	0.545285195104	0.65838666738	8	0
38.5	0	0.249134926462	0.727320286966	8	0
38.5	0	0.208478554441	0.736517756417	8	0
14.5	0	0.234864636299	0.840405182226	9	0
14.5	0	0.42175853022	0.975399879679	10	0
14.5	0	0.505741629161	0.911503913611	11	0
14.5	0	0.584293151249	0.950765552953	12	0
-24.5	0	0.618683061548	1.14969521329	13	0
-24.5	0	0.730435967314	1.28005760763	14	0
-51.5	0	1.02326157632	1.47401581019	15	0
-69.5	0	0.884929699089	1.47821746799	16	0
-69.5	0	1.25509680051	1.73812760555	17	0
-96.5	0	1.42974632222	1.80796127673	17	0
-96.5	0	1.4373511399	1.9282726601	17	0
-96.5	0	1.48700300706	2.00172688328	18	0
-122.0	0	1.543042021	2.05999987544	19	0
-131.0	0	1.57024410934	2.07014410102	20	0
-116.0	0	1.9210550023	2.19771026832	21	0
-116.0	0	2.40602929397	2.38583454458	22	0
-108.5	0	2.44142496091	2.52635993673	23	0
-89.0	0	2.82391379372	2.7454065065	24	0
-89.0	0	2.67733825632	2.69644900778	24	0
-68.0	0	2.47616057473	2.59648434403	24	0
-68.0	0	2.72434533579	2.73736652927	24	0
-68.0	0	2.98892739678	2.80497060097	24	0
-68.0	0	2.83965268634	2.67408037318	24	0
-68.0	0	2.74764033287	2.53799133368	24	0
-89.0	0	2.64015685466	2.58621867963	24	0
-89.0	0	2.63960249533	2.52629569119	24	0
-108.5	0	2.4332418745	2.36280650644	24	0
-108.5	0	2.27285964013	2.30154159572	24	0
-108.5	0	2.42835217356	2.3631294556	25	0
-108.5	0	2.33211752144	2.33747046765	25	0
-108.5	0	2.13636951563	2.21571652639	25	0
-108.5	0	2.37983524105	2.34924300965	25	0
-71.0	0	2.65847468227	2.46825903879	25	0
-108.5	0	2.68397375602	2.41910047826	25	0
-137.0	0	2.38327706031	2.29881565762	25	0
-137.0	0	2.57489942555	2.31113083721	25	0
-137.0	0	2.66123024996	2.29572862265	25	0
-137.0	0	2.44651761247	2.20900274308	24	0
-137.0	0	2.34216935637	2.0799409219	23	0
-137.0	0	2.31943613204	2.06961548248	22	0
-108.5	0	2.46288598752	2.07712803542	21	0
-71.0	0	2.55325272875	2.12695383996	21	0
-71.0	0	2.85709255932	2.14175974577	21	0
-108.5	0	2.91433718492	2.09445900653	21	0
-71.0	0	3.1433591386	2.00884347509	21	0
-45.5	0	2.90731117496	1.86138815873	20	0
46.0	0	2.89709575527	1.83131356387	19	0
73.0	0	2.97479762099	1.82939709343	18	0
91.0	0	2.94891111063	1.78958309337	17	0
140.5	0	2.92863402932	1.77756168493	16	0
91.0	0	3.00646238542	1.71482639311	15	0
91.0	0	2.96153583509	1.68280302272	14	0
91.0	0	2.66703080291	1.49084728476	14	0
140.5	0	2.47618428332	1.38956750133	14	0
140.5	0	2.42707810613	1.4188652958	14	0
161.5	0	2.22335571013	1.3891748689	14	0
203.5	0	2.05656236481	1.30285078119	14	0
203.5	0	1.54437497016	1.06693047782	14	0
161.5	0	2.17223370265	1.37115388693	14	0
161.5	0	2.36587828057	1.41027047713	14	0
161.5	0	2.1954524465	1.36163940732	14	0
203.5	0	2.0312909366	1.30126373816	14	0
203.5	0	2.1046329827	1.38348477925	14	0
269.5	0	2.13982990612	1.44823205591	14	0
329.5	0	1.87790874296	1.11523924187	14	0
329.5	0	2.27585025492	1.38111663972	14	0
329.5	0	2.29433063674	1.32229867649	14	0
269.5	0	2.22896723568	1.27324522682	14	0
269.5	0	2.29463095026	1.41561489703	14	0
329.5	0	2.02855141184	1.38777336056	14	0
386.5	0	2.13128028214	1.48339268862	14	0
484.0	0	1.87134569081	1.40768828846	14	0
434.5	0	1.65716395474	1.3597205491	14	0
559.0	0	1.54996899976	1.395395803	14	0
559.0	0	1.63776211128	1.4650497913	15	0
592.0	0	1.42802953455	1.44278089865	16	0
592.0	0	1.63231253158	1.45582166296	16	0
559.0	0	1.83231570796	1.55776475979	15	0
559.0	0	1.62166936328	1.4697850011	14	0
500.5	0	1.43195548119	1.3731317857	14	0
500.5	0	1.09456479229	1.29624813862	14	0
463.0	0	1.02047968266	1.19637600793	14	0
389.5	0	0.651663283407	1.14930278358	14	0
389.5	0	0.694676019633	1.10421250956	14	0
389.5	0	0.403992903498	1.06338049726	14	0
337.0	0	0.356879858393	1.08771531492	14	0
337.0	0	0.326581358307	1.12418070968	13	0
337.0	0	0.133428508373	1.00383983571	12	0
337.0	0	0.0990693267864	0.896910186828	12	0
337.0	0	0.478106960799	0.794250346697	12	0
337.0	0	0.81497207598	0.621329021605	12	0
268.0	0	1.05596145193	0.536313528113	12	0
268.0	0	1.01686786359	0.587363670431	13	0
173.5	0	1.15984924103	0.690080908832	14	0
119.5	0	1.36387132724	0.536234672661	15	0
77.5	0	1.57311845741	0.49866807628	16	0
77.5	0	1.76196368633	0.370590541927	17	0
77.5	0	1.54717955561	0.480981305145	18	0
118.0	0	1.94992944747	0.363580754477	19	0
77.5	0	1.62111793046	0.516370845501	19	0
77.5	0	1.78533707369	0.373724938396	19	0
44.5	0	2.04397886065	0.277740598855	19	0
26.5	0	1.89278606877	0.448943639545	19	0
-11.0	0	1.78066051712	0.491189706958	19	0
-57.5	0	1.5155538885	0.858805005156	19	0
-11.0	0	1.82327623423	0.733765963936	19	0
-11.0	0	1.79460212306	1.02651384068	19	0
26.5	0	1.87008575184	1.07348795699	19	0
26.5	0	2.00801723324	1.10526554369	18	0
-11.0	0	2.09598119356	1.14709347839	17	0
-57.5	0	2.07318500431	1.27880131396	18	0
-104.0	0	2.14250882259	1.40618610511	19	0
-135.5	0	2.0631140775	1.56022383985	20	0
-135.5	0	2.23620653234	1.49835579519	21	0
-153.5	0	2.11547211563	1.4610150808	22	0
-183.5	0	2.25256995149	1.56765071342	23	0
-183.5	0	2.71499536972	1.42369807095	24	0
-183.5	0	2.53654206211	1.40902808045	24	0
-219.5	0	2.0165336553	1.59988173777	24	0
-237.5	0	1.37139174115	1.82302746615	24	0
-255.5	0	0.904221547739	2.03192918004	24	0
-275.0	0	0.549526429858	2.26472652402	24	0
-275.0	0	0.1482010425	2.49415613856	24	0
-255.5	0	0.148564895518	2.68550918974	24	0
-255.5	0	0.0305656424714	2.67411169667	24	0
-255.5	0	0.140176033549	2.71471123723	24	0
-237.5	0	0.154200888402	2.64323663306	24	0
-255.5	0	0.370722848575	2.72909797775	24	0
