orf_length_med	shannon_slope	at_skew	gc_skew	max_direction	status
347.5	0	0.788668889105	1.7969155123	39	0
304.0	0	0.863339142806	1.7585982056	39	0
280.0	0	0.913460429032	1.79416752872	39	0
280.0	0	0.856006933911	1.70201706003	39	0
272.5	0	0.909960104881	1.63415752916	39	0
272.5	0	0.910706268362	1.59848441161	39	0
263.5	0	1.01967215809	1.57033440041	39	0
263.5	0	0.957829989255	1.45720604552	39	0
263.5	0	0.887831396176	1.4049145401	39	0
241.0	0	0.923222038901	1.45041992938	39	0
197.5	0	1.02757939651	1.44951024609	39	0
197.5	0	1.09121924439	1.39188041169	39	0
133.0	0	1.07597731854	1.35909808274	39	0
55.0	0	1.26306218955	1.39113940252	39	0
5.5	0	1.22920675718	1.39282021434	39	0
-45.5	0	1.27106908162	1.34414488071	39	0
-99.5	0	1.35858468875	1.35220857333	39	0
-114.5	0	1.41888560177	1.3013184225	39	0
-114.5	0	1.49451058511	1.20359826853	39	0
-122.0	0	1.43927902098	1.16199342862	39	0
-156.5	0	1.44224552231	1.16567982009	39	0
-191.0	0	1.47450661849	1.17112303828	39	0
-191.0	0	1.44112262358	1.11323186375	39	0
-162.5	0	1.52958021873	1.14292345576	39	0
-200.0	0	1.59618421842	1.19869331201	40	0
-224.0	0	1.68502641597	1.21787162994	80	0
-272.0	0	1.74139660249	1.21554926958	80	0
-300.5	0	1.72726753992	1.2224583557	80	0
-300.5	0	1.79459812782	1.22588327536	80	0
-314.0	0	1.85748084055	1.13243606702	80	0
-314.0	0	1.67321634394	1.01389978557	80	0
-332.0	0	1.57979189541	1.11586129964	80	0
-339.5	0	1.36168203889	1.13292790426	80	0
-347.0	0	1.38792319764	1.13512049925	80	0
-347.0	0	1.43098317589	1.13188618656	80	0
-347.0	0	1.4644519037	1.11359114891	80	0
-347.0	0	1.24053744352	1.02342587914	80	0
-354.5	0	1.3184426404	0.972931638223	40	0
-354.5	0	1.34337510555	0.957817440581	40	0
-354.5	0	1.38083842529	0.911826335042	39	0
-354.5	0	1.47389627021	0.883665393786	38	0
-347.0	0	1.36150525021	0.935100840165	38	0
-354.5	0	1.33225368342	0.969800131625	38	0
-354.5	0	1.31790937926	1.02418168711	38	0
-347.0	0	1.2116947952	1.04141084819	38	0
-347.0	0	1.12672489364	1.05884946922	38	0
-347.0	0	1.10358004283	1.08607030756	38	0
-333.5	0	1.03062850235	1.11238608244	38	0
-347.0	0	1.03684939359	1.13476766063	38	0
-347.0	0	0.996450391454	1.11918615798	38	0
-347.0	0	0.869947886671	1.09542225038	38	0
-326.0	0	0.78250407249	1.10972077664	38	0
-308.0	0	0.769965158376	1.12860123823	38	0
-308.0	0	0.560362253831	1.08281189944	38	0
-308.0	0	0.530843641875	1.05204086279	37	0
-302.0	0	0.543378252751	1.06382986654	36	0
-297.5	0	0.558318653002	1.01274685334	35	0
-302.0	0	0.516949908716	1.04290002533	34	0
-302.0	0	0.481026688285	1.11563556714	33	0
-302.0	0	0.515076082245	1.1250444521	32	0
-302.0	0	0.515505949955	1.16528053409	31	0
-300.5	0	0.522980694475	1.07997674583	30	0
-300.5	0	0.546292930078	1.0808023731	29	0
-300.5	0	0.510656912782	1.05015442805	28	0
-242.0	0	0.373305226976	0.917189651668	27	0
-150.5	0	0.261807731446	0.878641142975	26	0
-105.5	0	0.266106726345	0.875037748429	25	0
-105.5	0	0.234301580908	0.911018784088	24	0
-105.5	0	0.212273018737	0.949309643465	23	0
-92.0	0	0.112967874278	0.977729854667	22	0
-92.0	0	0.190609092266	0.959050634924	21	0
-53.0	0	0.261974982227	0.779789575949	20	0
-9.5	0	0.541013973148	0.741822726488	20	0
-9.5	0	0.57097801337	0.703157614412	20	0
16.0	0	0.380126718652	0.69043634988	20	0
53.5	0	0.340921046485	0.623064774968	20	0
70.0	0	0.512857157207	0.66149390426	20	0
70.0	0	0.606848272048	0.733608478131	20	0
16.0	0	0.58759275106	0.80736438659	20	0
-29.0	0	0.622108487789	0.756882010951	19	0
-66.5	0	0.598874636826	0.766620994414	18	0
-66.5	0	0.466371539572	0.800087962671	17	0
-66.5	0	0.5713985937	0.798917126362	16	0
-66.5	0	0.541638174265	0.765253529807	15	0
-77.0	0	0.466815454048	0.773563348135	14	0
-83.0	0	0.602761757468	0.766734602714	14	0
-77.0	0	0.531290678311	0.726699031236	14	0
-77.0	0	0.56159775679	0.712747859481	14	0
-66.5	0	0.500008638679	0.701464606998	14	0
-29.0	0	0.48509313546	0.695344106191	15	0
-29.0	0	0.562263690925	0.725385586581	16	0
-29.0	0	0.622710870064	0.693524515672	16	0
-29.0	0	0.707179434009	0.61300066868	16	0
16.0	0	0.770649303791	0.641049332165	16	0
67.0	0	0.85600354143	0.698064963049	16	0
-29.0	0	0.932292514387	0.723191890755	16	0
-29.0	0	0.957979518328	0.77804117955	16	0
-29.0	0	0.993562424253	0.747159280714	16	0
67.0	0	1.09789149294	0.673176497677	17	0
67.0	0	1.13965576149	0.627267129176	17	0
67.0	0	1.17328995973	0.546170241942	17	0
67.0	0	1.17074625736	0.608702735036	17	0
67.0	0	1.14495657283	0.631200659019	17	0
70.0	0	1.17638459924	0.610910650405	17	0
155.5	0	1.08507531343	0.699489150269	17	0
155.5	0	1.09273767297	0.783654658031	17	0
70.0	0	1.05025339336	0.748015230562	17	0
70.0	0	1.09220637974	0.760284113196	17	0
70.0	0	1.03685467594	0.723720104071	18	0
83.5	0	1.05506266536	0.736893210913	19	0
155.5	0	1.01724209977	0.741042077495	20	0
155.5	0	1.01887345469	0.80613396089	21	0
155.5	0	0.912773875842	0.777687051499	22	0
175.0	0	0.884426962069	0.79435420026	23	0
175.0	0	1.01632980298	0.785577150664	24	0
218.5	0	0.998218334782	0.844213752984	25	0
158.5	0	0.994894993196	0.80639965084	26	0
158.5	0	0.926578870604	0.761633738772	27	0
158.5	0	0.821103458368	0.672286299735	27	0
158.5	0	0.851158074953	0.717528206465	27	0
218.5	0	0.864133608671	0.697307298712	26	0
158.5	0	0.895530290369	0.656040630948	25	0
158.5	0	0.628270146563	0.598252437046	24	0
131.5	0	0.62653592362	0.594474596519	23	0
131.5	0	0.790030752652	0.605105846163	22	0
158.5	0	0.70265525395	0.55386544041	22	0
131.5	0	0.754532273083	0.550167200885	22	0
131.5	0	0.702024457543	0.612920072038	22	0
113.5	0	0.655403883523	0.689318102021	22	0
113.5	0	0.642736176702	0.671651777933	22	0
131.5	0	0.523090250652	0.602194984084	22	0
113.5	0	0.319605481944	0.705189329268	22	0
113.5	0	0.294559996297	0.733951289594	22	0
113.5	0	0.348470893509	0.70743848075	22	0
71.5	0	0.327288477336	0.736060056003	22	0
113.5	0	0.220356179221	0.742147169855	22	0
113.5	0	0.0786767844416	0.709632621061	22	0
113.5	0	0.0308416935187	0.707331021721	22	0
71.5	0	0.103461136702	0.761711529953	22	0
113.5	0	0.155175451378	0.79476171903	22	0
113.5	0	0.215129188992	0.846935703629	23	0
113.5	0	0.238403707954	0.859045059082	24	0
113.5	0	0.156361037563	0.846363518455	24	0
113.5	0	0.270359021262	0.856739342261	24	0
113.5	0	0.194874702639	0.86946557579	24	0
113.5	0	0.212285957295	0.84032955703	24	0
113.5	0	0.147601651867	0.908454489146	24	0
113.5	0	0.165176362778	0.872027112478	24	0
113.5	0	0.0674895762451	0.855399330951	24	0
113.5	0	0.00766139942938	0.810983368013	24	0
95.5	0	0.0485421643715	0.825484300404	24	0
95.5	0	0.122149748005	0.822881732234	24	0
95.5	0	0.00901118039216	0.825448845675	25	0
89.5	0	0.162750867667	0.829291107625	26	0
64.0	0	0.157652462265	0.845995000038	27	0
34.0	0	0.322077221132	0.836549572788	28	0
64.0	0	0.396151465689	0.84988233247	29	0
89.5	0	0.454857241762	0.918816337689	30	0
89.5	0	0.357374030849	0.904655661026	30	0
89.5	0	0.417016742728	0.901459903071	29	0
86.5	0	0.378236790918	0.928626634318	28	0
89.5	0	0.323873161911	0.949225296831	27	0
91.0	0	0.182369134349	0.978006965389	28	0
91.0	0	0.166544110325	0.985114832804	29	0
91.0	0	0.281887067928	0.986083685167	30	0
91.0	0	0.234080187012	1.02326695076	31	0
91.0	0	0.264806083046	1.05004730594	32	0
91.0	0	0.183470373878	0.999190155486	32	0
95.5	0	0.110335547472	0.951894557551	32	0
91.0	0	0.0947563956431	1.00809842536	32	0
91.0	0	0.0505068598752	1.03823681213	32	0
91.0	0	0.248035299168	0.93560562957	32	0
89.5	0	0.253428334928	0.934171420755	32	0
89.5	0	0.265653589413	0.927173129426	32	0
91.0	0	0.199926034104	0.866367513572	31	0
89.5	0	0.429787662453	0.828412101166	30	0
86.5	0	0.533988314842	0.791182430476	29	0
89.5	0	0.502668061042	0.773083958651	28	0
91.0	0	0.53700683719	0.744692644916	27	0
91.0	0	0.413790553571	0.723406376444	26	0
91.0	0	0.494961212749	0.750409603401	25	0
95.5	0	0.314853451759	0.74073979262	24	0
91.0	0	0.278519105585	0.786841546504	23	0
91.0	0	0.368133434672	0.804468363995	22	0
91.0	0	0.42832954735	0.798850561859	21	0
91.0	0	0.512593526153	0.795037001691	20	0
95.5	0	0.46658804621	0.744068572102	20	0
100.0	0	0.50184504541	0.70412386482	19	0
100.0	0	0.429640215298	0.677874603642	18	0
116.5	0	0.411829587964	0.712877924298	17	0
133.0	0	0.345067140321	0.668325711506	17	0
133.0	0	0.192558307486	0.655137015204	17	0
133.0	0	0.351145443999	0.644449723688	17	0
154.0	0	0.519086160968	0.627996541204	17	0
154.0	0	0.574495504106	0.657370895856	17	0
154.0	0	0.801046568088	0.710101679452	17	0
133.0	0	0.846986530991	0.748042911108	17	0
133.0	0	0.861838536228	0.731045732776	18	0
133.0	0	0.910323215724	0.825256885224	19	0
133.0	0	0.87860408826	0.850114636268	20	0
133.0	0	0.858690499639	0.84450382134	21	0
116.5	0	0.89715184261	0.914218516123	22	0
100.0	0	0.82069377287	0.960050098382	23	0
142.0	0	0.890937871903	0.947395432664	24	0
142.0	0	1.00289959609	0.97738174692	25	0
101.5	0	1.01165186585	0.979845531063	26	0
101.5	0	1.05713558443	0.984804256178	27	0
104.5	0	1.00880799278	1.00926412378	28	0
104.5	0	0.851500710633	1.00132221984	29	0
145.0	0	0.723277948322	0.915213412417	29	0
145.0	0	0.512280950607	0.949627908207	29	0
145.0	0	0.42763217348	0.994452552453	29	0
185.5	0	0.266820595882	0.997854786472	29	0
145.0	0	0.254394644577	0.980548863947	29	0
104.5	0	0.300475914829	0.97250939302	29	0
131.5	0	0.0307885393662	1.01067672855	29	0
131.5	0	0.0132741080914	1.09558973674	29	0
104.5	0	0.00417205882379	1.15689491752	29	0
104.5	0	0.00193982818243	1.15830384627	28	0
104.5	0	0.191557606579	1.17300597404	27	0
131.5	0	0.195733264628	1.13835500305	27	0
131.5	0	0.372719461542	1.12594638593	28	0
149.5	0	0.367800663193	1.08812783522	29	0
149.5	0	0.333433161212	1.08460393095	30	0
149.5	0	0.340066579156	1.08829155113	31	0
160.0	0	0.356241550312	1.06901619077	31	0
149.5	0.0858027653161	0.456761909187	1.05111189627	31	0
124.0	0.0860230189681	0.485897182432	1.14153888558	31	0
104.5	0.0862734254556	0.58780537875	1.19094150352	31	0
77.5	0.0867787237847	0.547802306023	1.22796617088	30	0
26.5	0.0871866807991	0.708501539552	1.30973565744	29	0
-11.0	0.0874456833034	0.892074504786	1.39039401965	28	0
-21.5	0.0875619431905	0.90147488709	1.39550579561	27	0
-24.5	0.0877701860333	1.02688909141	1.39963317289	26	0
-24.5	0.0879033911619	1.06606992957	1.33853479221	25	0
-21.5	0.0876105022998	1.05837223782	1.30726535587	24	0
-9.5	0.0875498450124	1.16551756989	1.29892125598	23	1
-9.5	0.0876552503936	1.23052047514	1.31199910438	22	1
-9.5	0.0875861893826	1.21946140452	1.30457784425	21	1
-9.5	0.0877207451814	1.25910647376	1.29141794417	22	1
-9.5	0.0878448679189	1.28973889535	1.29648413574	23	1
-9.5	0.0879159821403	1.37934716038	1.25701947541	24	1
-21.5	0.0880386220436	1.56853400262	1.28655306168	25	1
-24.5	0.0883417813975	1.64690231891	1.29695307549	26	1
-36.5	0.0883682504005	1.6430424804	1.30417893102	27	1
-50.0	0.0885017780337	1.66917433839	1.35662740906	28	1
-59.0	0.0887380210083	1.688535965	1.40990030658	29	1
-80.0	0.0889995315884	1.733865432	1.4104593369	30	1
-138.5	0.0891379741725	1.96699138739	1.40774046686	31	1
-138.5	0.0893570466236	2.23864672803	1.47025089426	32	1
-194.0	0.0896983540871	2.4097868377	1.48110627066	33	1
-194.0	0.0897393530131	2.53384784361	1.49601573813	34	1
-221.0	0.090224375439	2.69703630306	1.52854618585	35	1
-240.5	0.0904544959239	2.8119080881	1.60698307644	36	1
-249.5	0.0905324785851	2.86559173637	1.62926092708	36	1
-275.0	0.0908106351222	3.10027543669	1.64494795185	36	1
-317.0	0.0909149145299	3.16870007328	1.65190772893	36	1
-317.0	0.0904212725756	3.22051728482	1.65595988953	36	1
-317.0	0.0905660993757	3.28026117091	1.65279990898	36	1
-317.0	0.0904212725756	3.25969274535	1.67078165869	36	1
-317.0	0.0904434083639	3.28829939473	1.65235137576	36	1
-342.5	0.0907876176556	3.38265181336	1.70255771532	37	1
-347.0	0.0910676014676	3.44061345284	1.71819971561	38	1
-350.0	0.0915471957913	3.56544968488	1.73768285594	39	1
-350.0	0.0930607023671	3.60917526917	1.78534030484	40	1
-356.0	0.0935683398451	3.57605870244	1.82592219569	40	1
-356.0	0.0936684174463	3.54387497075	1.87473110219	40	1
-368.0	0.0937227247377	3.54903098262	1.85919843226	40	1
-368.0	0.0938874421977	3.51090780482	1.9855885209	80	1
-356.0	0.0916473352909	3.57145420383	1.9640300329	80	1
-350.0	0.091356110971	3.49555852511	1.9236786299	80	1
-344.0	0.090426801615	3.49936319198	1.87640760111	80	1
-344.0	0.0902949990437	3.58453268275	1.87231007402	80	1
-339.5	0.0896017063228	3.47418473325	1.87964384357	80	1
-324.5	0.0895060629596	3.50364096111	1.90745393807	80	1
-324.5	0.089806367134	3.58935183086	1.9207971455	80	1
-339.5	0.0900209567788	3.58170001821	1.89233453474	80	1
-344.0	0.0902786537555	3.60866840524	1.80680408879	80	1
-344.0	0.0899628942917	3.58767141752	1.79884310064	80	1
-339.5	0.0897342181723	3.63436016831	1.7734745073	40	1
-339.5	0.0897547746985	3.71971835279	1.93063479056	39	1
-324.5	0.0895613141097	3.76141173206	1.87096040498	39	1
-324.5	0.0892007239651	3.63244001723	1.7980124469	39	1
-284.0	0.0891139541309	3.47382832771	1.81391440258	39	1
-284.0	0.0887518408108	3.5041408175	1.76586883538	39	1
-284.0	0.0887334190957	3.52537717237	1.75494679318	39	1
-233.0	0.0884659763205	3.41666324122	1.65125987504	38	1
-233.0	0.0885062632788	3.36259219774	1.65789492343	37	1
-186.5	0.0883594187229	3.32052805976	1.61925020055	36	1
-224.0	0.0884838593711	3.19309748369	1.60406052223	35	1
-186.5	0.0883770907753	2.98552211377	1.60499072364	34	1
-224.0	0.0885017780337	2.96475386167	1.58547381252	33	1
-182.0	0.0883153902516	2.91105968565	1.58343837719	32	1
-146.0	0.0880343648577	2.82009016194	1.55882515802	31	1
-146.0	0.0879876695194	2.72541162405	1.5440041947	31	1
-146.0	0.0879327978843	2.5878538859	1.52222357324	31	1
-122.0	0.0877825894463	2.50266918493	1.46846595084	31	1
-122.0	0.0881457171944	2.52889659812	1.46281291551	31	1
-146.0	0.0883770907753	2.48444322495	1.46012302214	31	1
-146.0	0.0883992298653	2.51091350922	1.45406105237	31	1
-146.0	0.0885512390363	2.51159390607	1.4930894692	31	1
-146.0	0.0885197324373	2.44450910351	1.4152514354	31	1
-122.0	0.0882497502948	2.46775434859	1.3671578145	31	1
-122.0	0.0881845879571	2.40977495341	1.32285122245	31	1
-78.5	0.0879623021182	2.43348591622	1.24277050671	30	1
-78.5	0.0878950070695	2.25803888422	1.22222207374	29	1
-68.0	0.0878699021314	2.06369347989	1.20137870124	28	1
-42.5	0.0876593296507	2.04623545415	1.1911195397	27	1
-42.5	0.0875056263665	1.93170458238	1.07971711503	26	1
-42.5	0.0884793852749	1.82425139509	1.08153479131	25	0
-42.5	0.0884436723909	1.81061163514	1.07843299651	24	0
-42.5	0.0889240418965	1.74298811206	1.06237179754	23	0
-42.5	0.0889522770746	1.61073915503	1.07550657166	24	0
-68.0	0.0894561213999	1.57732614634	1.04413623026	25	0
-42.5	0.0892201187117	1.32532338912	1.01367933419	25	0
-26.0	0.089051796777	1.04908171257	0.95619166236	25	0
-9.5	0.088793427309	1.01400236268	0.921134723734	25	0
2.5	0.0885828561904	0.952939011807	0.91849786277	25	0
2.5	0.0884972950224	0.927268290182	0.875464191964	25	0
2.5	0	0.773895798654	0.864862391765	25	0
2.5	0	0.665724360995	0.694771039002	25	0
2.5	0	0.560655860951	0.748135667845	25	0
-9.5	0	0.639328262265	0.72640026747	25	0
-9.5	0	0.714770859092	0.679864656902	25	0
-26.0	0	0.671616933301	0.676057436036	25	0
-9.5	0	0.580374158221	0.669668613783	25	0
-26.0	0	0.638192220376	0.712934969117	25	0
-26.0	0	0.542028893263	0.664178118716	25	0
-42.5	0	0.587307154276	0.709030630835	24	0
-26.0	0	0.593309021543	0.707100786215	23	0
-26.0	0	0.639718535394	0.673361225855	22	0
-26.0	0	0.565915533663	0.645821702435	21	0
-60.5	0	0.641053149803	0.617945587114	20	0
-60.5	0	0.592675838129	0.564416022851	19	0
-26.0	0	0.586555232044	0.57553790315	18	0
-5.0	0	0.658640240399	0.550390454598	17	0
-24.5	0	0.586550403544	0.524409042146	17	0
-5.0	0	0.52348445329	0.477931895175	17	0
25.0	0	0.511850996835	0.434159394058	17	0
13.0	0	0.477383583826	0.326385551698	17	0
47.5	0	0.43058439695	0.254976135613	17	0
47.5	0	0.375155377643	0.266671954149	17	0
14.5	0	0.400609610612	0.311231641651	17	0
14.5	0	0.256230989878	0.302140473036	17	0
-23.0	0	0.250967433554	0.327999646564	17	0
-23.0	0	0.387788223983	0.37505258003	16	0
-23.0	0	0.442146829092	0.40690949739	15	0
-23.0	0	0.430816872035	0.397849076594	15	0
14.5	0	0.338927303509	0.390491496099	15	0
14.5	0	0.405434845065	0.380331676122	15	0
-23.0	0	0.390956308398	0.390315806222	15	0
-36.5	0	0.427419737104	0.406981458919	15	0
-42.5	0	0.415028380157	0.422294862687	16	0
-42.5	0	0.49241223697	0.41058357177	17	0
-68.0	0	0.690139844097	0.375986094023	17	0
-68.0	0	0.905948725511	0.421252499615	17	0
-68.0	0	0.83812625634	0.483881778052	17	0
-68.0	0	0.696664873567	0.560004449381	17	0
-68.0	0	0.782843238825	0.546588171281	17	0
-68.0	0	0.844420262894	0.593672636869	16	0
-68.0	0	0.671273001732	0.517507017511	16	0
-68.0	0	0.703429759205	0.458134720187	16	0
-47.0	0	0.711453604668	0.481656032059	16	0
-42.5	0	0.649555876201	0.543961187322	16	0
-42.5	0	0.697500569857	0.530923098999	16	0
-42.5	0	0.736068856871	0.523419001592	16	0
-42.5	0	0.727859845744	0.535151280486	16	0
-42.5	0	0.796282376634	0.560205534729	16	0
-36.5	0	0.744102902113	0.481898787297	17	0
-36.5	0	0.712626345332	0.48726644906	18	0
-23.0	0	0.797328879755	0.519704614758	19	0
-23.0	0	0.749334628758	0.53648645078	20	0
-23.0	0	0.689307756204	0.593637349231	21	0
-36.5	0	0.58399328355	0.613869885182	22	0
-36.5	0	0.626589211329	0.624086269681	23	0
-42.5	0	0.470912645825	0.68251815785	24	0
-47.0	0	0.523223524711	0.667519215858	24	0
-71.0	0	0.550192897082	0.656243201367	24	0
-71.0	0	0.46524903132	0.64661500408	24	0
-71.0	0	0.503761519694	0.725345854559	24	0
-128.0	0	0.433293212213	0.884564965386	24	0
-173.0	0	0.39549478627	0.953082233899	24	0
-173.0	0	0.327527094338	0.983602567804	24	0
-173.0	0	0.429213576798	1.05629857037	24	0
-173.0	0	0.356305857173	1.02790930539	24	0
-173.0	0	0.407120749851	1.04002564848	23	0
-183.5	0	0.491256273063	0.965638714251	22	0
-183.5	0	0.498473571671	0.93525807171	23	0
-183.5	0	0.638178374735	0.935479590262	24	0
-183.5	0	0.54758871602	0.941244243613	25	0
-206.0	0	0.647692009663	0.965416348066	25	0
-173.0	0	0.684886028664	0.902976278298	25	0
-173.0	0	0.773780911101	0.810085971412	25	0
-161.0	0	0.65628294673	0.822978969361	25	0
-173.0	0	0.605427188043	0.949541155959	25	0
-206.0	0	0.556666657839	1.0158118483	25	0
-236.0	0	0.591430068958	1.06734043993	25	0
-252.5	0	0.6287437559	1.08956012606	25	0
-278.0	0	0.443822499305	1.16347612536	25	0
-303.5	0	0.399861445248	1.14008980139	25	0
-299.0	0	0.473788382181	1.21232579597	25	0
-278.0	0	0.431172658698	1.2605297099	24	0
-293.0	0	0.369735695984	1.25535458799	23	0
-299.0	0	0.395716342903	1.21435702745	22	0
-315.5	0	0.417435267426	1.13777589832	21	0
-333.5	0	0.345901102514	1.054447086	20	0
-333.5	0	0.289848713921	1.06801591778	20	0
-315.5	0	0.307669541875	1.0942059581	20	0
-315.5	0	0.326867976803	1.16656777084	20	0
-315.5	0	0.33596735145	1.17247260122	20	0
-315.5	0	0.224221357494	1.18037542525	20	0
-315.5	0	0.119085545933	1.22319164612	20	0
-333.5	0	0.275483409901	1.21672210983	20	0
-363.5	0	0.314283037051	1.21419253292	20	0
-363.5	0	0.313776619631	1.22285844853	20	0
-363.5	0	0.474604534538	1.20125452631	21	0
-323.0	0	0.452027779858	1.25810241753	22	0
-323.0	0	0.388178710859	1.26317797177	22	0
-323.0	0	0.325290985379	1.28522334601	22	0
-299.0	0	0.180577392703	1.27315433239	22	0
-282.5	0	0.179560147028	1.14623603789	22	0
-282.5	0	0.261634204172	1.05263172569	22	0
-215.0	0	0.237364207845	0.990760725262	22	0
-152.0	0	0.220393813525	0.922376169532	22	0
-134.0	0	0.289959560218	0.927429059785	22	0
-107.0	0	0.236273988369	0.881890541575	22	0
-83.0	0	0.192402055126	0.940056619797	22	0
-83.0	0	0.160270334057	0.952431402068	22	0
-83.0	0	0.169014307093	0.919330163318	22	0
-83.0	0	0.288574514929	0.878261678877	22	0
-65.0	0	0.179181121715	0.865301572999	22	0
-38.0	0	0.0946661563161	0.916136807157	22	0
13.0	0	0.334639805461	0.977101717933	22	0
-38.0	0	0.336757695053	0.964451022555	22	0
13.0	0	0.353629699998	0.834977721325	21	0
13.0	0	0.364601562467	0.710295522467	20	0
62.5	0	0.386805446299	0.658606862377	20	0
62.5	0	0.291639321255	0.669936120182	20	0
62.5	0	0.245072919877	0.650586529179	20	0
62.5	0	0.307223775175	0.659815132406	20	0
62.5	0	0.166132019339	0.662875903175	20	0
62.5	0	0.186627342481	0.661588984226	20	0
83.5	0	0.182989499048	0.654451633022	20	0
107.5	0	0.201207508135	0.64210424393	20	0
107.5	0	0.318981329206	0.775050818421	21	0
157.0	0	0.298260683803	0.850951027611	21	0
137.5	0	0.289466890889	0.861088999051	21	0
133.0	0	0.321190076397	0.874778510249	21	0
187.0	0	0.286265309952	0.85479284989	21	0
149.5	0	0.261077316882	0.812097829364	21	0
149.5	0	0.109308860587	0.836541017146	21	0
104.5	0	0.0732673322975	0.854036419079	21	0
104.5	0	0.0576426633055	0.902583061862	21	0
149.5	0	0.0673942050219	0.964436724196	21	0
149.5	0	0.0525813268895	0.975543148827	21	0
187.0	0	0.0300297645622	1.00130303141	21	0
187.0	0	0.023592021313	1.02956818403	21	0
187.0	0	0.0170867672122	1.08851774363	21	0
203.5	0	0.17952118683	1.11096326919	22	0
233.5	0	0.150631629068	1.1305654267	23	0
233.5	0	0.25669737374	1.21728413535	23	0
233.5	0	0.324240747659	1.20221411106	23	0
233.5	0	0.33510138743	1.18615341918	23	0
203.5	0	0.402727847539	1.18553518922	23	0
203.5	0	0.396244763478	1.1635227369	23	0
149.5	0	0.411466228447	1.1840712975	23	0
109.0	0	0.400600504603	1.19786685874	23	0
101.5	0	0.384467822307	1.2145622227	23	0
88.0	0	0.445091628558	1.25081919296	23	0
74.5	0	0.382534705354	1.30341875784	23	0
58.0	0	0.434717392303	1.2804473571	23	0
20.5	0	0.707825478359	1.26839991846	23	0
-8.0	0	0.857855893579	1.35919426075	23	0
-8.0	0	0.916261938877	1.44442518304	23	0
-8.0	0	0.956063266431	1.54295240085	23	0
-8.0	0	1.04883536283	1.67833188195	24	0
-20.0	0	1.10509247561	1.70337735521	24	0
-20.0	0	1.13683678462	1.7262685799	24	0
-20.0	0	1.23317426125	1.7918785777	24	0
-8.0	0	1.44409478638	1.72360583106	24	0
-8.0	0	1.51662934091	1.67824078959	24	0
-8.0	0	1.53772566354	1.67844879836	24	0
-8.0	0	1.52947017535	1.70918706313	24	0
-8.0	0	1.63065123587	1.75111088897	24	0
26.5	0	1.5338094371	1.66682657739	24	0
26.5	0	1.54802255195	1.67212982245	24	0
26.5	0	1.47314878606	1.64403406662	24	0
61.0	0	1.46599517825	1.62672349886	24	0
61.0	0	1.34447978105	1.54925663605	24	0
61.0	0	1.14720877817	1.55417991614	24	0
26.5	0	0.954337577083	1.4810026468	23	0
26.5	0	0.934011463447	1.42634886109	22	0
23.5	0	0.903591805801	1.34173641259	21	0
-36.5	0	0.743222909852	1.34621501615	20	0
-36.5	0	0.694701419026	1.36718890213	19	0
-36.5	0	0.6499756051	1.3661174436	20	0
-36.5	0	0.534519085537	1.32994439997	21	0
-36.5	0	0.597194251865	1.33342462617	22	0
-95.0	0	0.696997080377	1.3445514679	23	0
-191.0	0	0.724068368974	1.30070206131	23	0
-95.0	0	0.636474502521	1.24518693272	23	0
-95.0	0	0.537989471277	1.31330129735	23	0
-191.0	0	0.622620243082	1.35591660327	23	0
-95.0	0	0.591959908584	1.35597928766	23	0
-95.0	0	0.551307889762	1.42122456133	23	0
-89.0	0	0.544864866123	1.36355542838	22	0
-89.0	0	0.643896979083	1.29656399972	21	0
-89.0	0	0.512303784147	1.25923378425	20	0
-11.0	0	0.480757510333	1.21465408342	19	0
-11.0	0	0.226375505443	1.21478545355	18	0
-11.0	0	0.246989868589	1.23644870407	17	0
-11.0	0	0.169179718652	1.19573779131	16	0
49.0	0	0.196320505994	1.07753709543	15	0
61.0	0	0.167437052038	1.03492589648	14	0
61.0	0	0.0389745289979	1.01162936431	13	0
61.0	0	0.0733756957051	0.909019083816	13	0
70.0	0	0.0738013114745	0.810598670887	13	0
70.0	0	0.106538133447	0.727969434481	13	0
80.5	0	0.102544534288	0.592714288216	13	0
94.0	0	0.0980275612119	0.611308574912	13	0
94.0	0	0.165348545329	0.636797301486	13	0
94.0	0	0.211677880681	0.583612479355	13	0
106.0	0	0.254690644538	0.517052429126	14	0
106.0	0	0.376597470309	0.445879010459	15	0
89.5	0	0.239763253954	0.475736066979	15	0
92.5	0	0.29499873388	0.469878009816	15	0
92.5	0	0.189181781924	0.437802593445	15	0
92.5	0	0.133753730092	0.348585330539	15	0
95.5	0	0.142999406534	0.379678437648	15	0
76.0	0	0.0735809474938	0.380571974135	15	0
76.0	0	0.111362370376	0.350356843569	14	0
76.0	0	0.0909145872019	0.324987765444	13	0
76.0	0	0.0563213874549	0.332931541436	13	0
76.0	0	0.154292235918	0.315552719553	13	0
62.5	0	0.149463985043	0.281542309685	13	0
62.5	0	0.106978136507	0.262645900311	13	0
62.5	0	0.173385441181	0.289893231484	13	0
62.5	0	0.207988356857	0.268841085375	13	0
76.0	0	0.0914201110176	0.278633025836	13	0
95.5	0	0.177958921663	0.340881532772	14	0
76.0	0	0.340643347638	0.409885558938	15	0
76.0	0	0.369838298502	0.41976873465	16	0
95.5	0	0.283420229886	0.436955586023	17	0
76.0	0	0.283366240148	0.467698733322	18	0
76.0	0	0.20915107518	0.467453480639	19	0
95.5	0	0.139915057851	0.494726832725	20	0
95.5	0	0.00361262991108	0.458339678988	20	0
95.5	0	0.161127802921	0.53333858056	20	0
136.0	0	0.122828632384	0.546668785222	20	0
194.5	0	0.358762857977	0.533531771932	20	0
227.5	0	0.243614301612	0.512696289597	20	0
227.5	0	0.18724429828	0.574533492043	20	0
218.5	0	0.15866448905	0.619071688197	20	0
194.5	0	0.184317965626	0.591398456304	20	0
194.5	0	0.394242794662	0.583315377021	20	0
194.5	0.0857045016712	0.440655280651	0.615012595982	20	0
181.0	0.085822554957	0.463122915378	0.658815806725	20	0
181.0	0.0859892797744	0.504826112354	0.691937143386	20	0
161.5	0.0861593216568	0.488306086991	0.730266890423	20	0
116.5	0.086463468421	0.502931903076	0.75709031571	20	0
116.5	0.0864777137397	0.532544742123	0.765417915501	20	0
116.5	0.0864919825994	0.601425500899	0.837995903629	20	0
68.5	0.0867639750571	0.740049240041	0.908516355153	20	0
49.0	0.0871135152146	0.908135825853	1.00039415021	20	0
49.0	0.0871135152146	1.01158060395	1.05050495804	20	0
34.0	0.0879327978843	1.14172520713	1.10956914595	20	1
25.0	0.0882410345256	1.18476995785	1.1846322536	20	1
23.5	0.0888818531142	1.29500536905	1.27846305535	20	1
-9.5	0.0890756532744	1.45143145057	1.37692792295	20	1
-9.5	0.0889947950665	1.67226606261	1.39679466452	21	1
-9.5	0.0891091577092	1.63625222184	1.58040968873	22	1
-9.5	0.0892736675655	1.73816946545	1.63167273792	23	1
-9.5	0.0893128101454	1.8628662741	1.62559252479	24	1
-44.0	0.0894312521598	1.93677979201	1.59741622674	24	1
-44.0	0.0896168992322	2.10657416156	1.62685661037	24	1
-68.0	0.0899261338678	2.2658689328	1.65440710787	24	1
-68.0	0.0900900476875	2.34775814672	1.62870463675	24	1
-72.5	0.0901973543634	2.34704944025	1.66938644653	24	1
-162.5	0.0906111153292	2.47276878292	1.67147852989	24	1
-242.0	0.0909149145299	2.47816079541	1.67673261684	25	1
-162.5	0.0905773331379	2.40721945136	1.60516265858	26	1
-162.5	0.0907189007975	2.48895658584	1.6151351401	27	1
-242.0	0.0909968242576	2.55489222426	1.61029315751	28	1
-242.0	0.0909235167168	2.63841560047	1.64829048346	29	1
-279.5	0.0911990229793	2.73581586129	1.59234504161	29	1
-314.0	0.0915767690378	3.01712296553	1.55300874378	29	1
-339.5	0.0917635983573	3.23476969579	1.6561484714	29	1
-339.5	0.0919156433308	3.36141283491	1.63917188185	28	1
-357.5	0.0932173941136	3.37266847436	1.72655877908	27	1
-357.5	0.0928794194734	3.41501731864	1.74942984439	26	1
-380.0	0.0936031640704	3.31430494578	1.85193656639	27	1
-399.5	0.0940415858378	3.50607361935	1.85692726313	28	1
-399.5	0.0938797260605	3.54144670557	1.86284569874	29	1
-399.5	0.0940458652174	3.58132723541	1.93846445277	30	1
-399.5	0.094197658165	3.55576064285	1.92965963108	31	1
-399.5	0.0943209262791	3.67952727216	1.95783140147	32	1
-404.0	0.0946394935235	3.62814748613	1.98926221593	33	1
-399.5	0.0945039622236	3.68290879123	1.9841956544	34	1
-399.5	0.0946907353652	3.78216414009	2.03277684472	35	1
-395.0	0.0945207016834	3.72943903268	2.07018605399	36	1
-395.0	0.0946311024503	3.73232807431	2.13211749933	37	1
-395.0	0.0945292105947	3.78866920756	2.14748112504	38	1
-395.0	0.0945038085449	3.75227267012	2.13381001678	38	1
-377.0	0.0921744430569	3.69506715373	2.11379137385	38	1
-377.0	0.0919767645443	3.58350686631	2.10672809658	38	1
-362.0	0.0910761444117	3.58751533924	2.04610391337	38	1
-344.0	0.090653290306	3.60910228051	2.00551172947	38	1
-320.0	0.0898915489014	3.52936627849	1.98989480708	38	1
-308.0	0.0898081266795	3.25495127257	1.89099801428	37	1
-312.5	0.0900545395162	3.24517128588	1.90564948689	36	1
-306.5	0.0898703951144	3.40108213692	1.78119128919	35	1
-312.5	0.0900971438798	3.36287760522	1.8000757458	34	1
-312.5	0.0901452424195	3.29699018218	1.77042815483	33	1
-312.5	0.0898389976323	3.24915036419	1.78893913445	32	1
-306.5	0.0896351359217	3.16295574736	1.72992164714	31	1
-287.0	0.0894342664904	3.0950774866	1.65261356563	30	1
-264.5	0.0889706449574	3.03421134995	1.63896846785	29	1
-236.0	0.0885343578594	3.06980911219	1.57210021158	28	1
-173.0	0.0883702465127	2.97716200317	1.55254250381	27	1
-126.5	0.0881103352869	2.92972899488	1.52277437291	27	1
-173.0	0.0883013545889	2.9613242469	1.44972317887	27	1
-173.0	0.0882240036457	2.85699831832	1.39974441685	27	1
-173.0	0.0882203154987	2.74941792069	1.41770309747	27	1
-243.5	0.0884399984545	2.70022730576	1.35803348803	27	1
-173.0	0.0881171881421	2.52162254411	1.40379747951	27	1
-173.0	0.0880574615516	2.30437700815	1.40634248155	27	1
-173.0	0.0880238434428	2.24624567685	1.3185633473	26	1
-173.0	0.0880582486939	2.17907052945	1.27740182417	25	1
-150.5	0.0879399319987	2.16860669246	1.22380923785	24	1
-174.5	0.0883677536516	2.14196238223	1.21823014818	23	1
-150.5	0.0877380452848	2.29993639085	1.1333383035	22	1
-126.5	0.0872389842409	2.15211049118	1.12733947925	21	1
-150.5	0.0874656190627	2.25337183461	1.04990233033	20	1
-150.5	0.0872526666784	2.19599423256	0.988521827096	19	1
-174.5	0.087594286258	2.03455409034	1.0031500495	18	1
-150.5	0.0873191525576	1.88650788304	0.949170949141	17	1
-126.5	0.0870752513154	1.85627858197	0.927006697192	16	1
-77.0	0.0867602917845	1.75288829355	0.906804240413	15	1
-50.0	0.0866687142921	1.4939736523	0.897631790062	15	1
-45.5	0.0865925297566	1.28896448959	0.899455895375	15	1
-24.5	0.0864955535009	1.20489839993	0.863071654693	15	1
-6.5	0.0862595136978	1.08263814079	0.816006634623	15	1
11.5	0.0859892797744	0.987697933202	0.794542334221	15	1
11.5	0.0863328027669	0.923320496942	0.776534420241	16	1
1.0	0.0864067211471	0.745695294744	0.744167084533	17	1
1.0	0.0864102569348	0.668481613296	0.760875865381	18	0
1.0	0.0864067211471	0.613107115742	0.781682172602	19	0
-24.5	0.0869200985322	0.36030309487	0.754213872088	20	0
-20.0	0.086860292146	0.434543594507	0.78424462352	21	0
-20.0	0.0868379702531	0.393613303485	0.790765572055	21	0
-20.0	0.0868640180345	0.267028387634	0.783288176512	22	0
1.0	0.0864919825994	0.158178408057	0.740842548346	23	0
77.5	0.0863013166772	0.140051168757	0.778109747723	24	0
77.5	0.0862421556054	0.10753914158	0.762894964167	25	0
77.5	0.0863292986187	0.132649556815	0.792737695365	26	0
59.5	0	0.0365073787248	0.820461972873	27	0
59.5	0	0.0396141849915	0.854770889824	28	0
-20.0	0	0.219686013962	0.953977235183	29	0
-41.0	0	0.181923890432	0.94327051693	30	0
-41.0	0	0.164216882188	0.961705206908	31	0
56.5	0	0.253558188686	1.03045699201	32	0
-41.0	0	0.295337933487	1.06525856863	33	0
-41.0	0	0.2409266338	1.04243686107	34	0
-41.0	0	0.333375796174	1.04931340803	35	0
-41.0	0	0.267477316536	1.05946668316	36	0
-41.0	0	0.224619260386	1.08385835488	37	0
56.5	0	0.312604827989	1.14579693976	37	0
155.5	0	0.366335287919	1.14237947309	37	0
179.5	0	0.356952012436	1.11302856375	36	0
179.5	0	0.321556969185	1.09876820656	36	0
155.5	0	0.311002950955	1.08367010091	37	0
116.5	0	0.221577027187	1.01892651514	38	0
116.5	0	0.355086986881	1.08715997626	38	0
116.5	0	0.358951731542	1.0899722522	37	0
155.5	0	0.237047916303	1.08733721174	36	0
116.5	0	0.256208596127	1.11613703663	35	0
106.0	0	0.178351507227	1.10995799627	34	0
106.0	0	0.181971705069	1.10496240509	33	0
125.5	0	0.0211032127297	1.05713813187	33	0
125.5	0	0.00649177403477	1.04399793519	33	0
125.5	0	0.0233695404317	1.06115585939	33	0
125.5	0	0.129215583957	1.04853609089	33	0
125.5	0	0.168031260908	1.06050656612	33	0
125.5	0	0.123716428056	1.05137625497	33	0
125.5	0	0.258816617437	1.09172562981	33	0
106.0	0	0.17088289367	1.03417417519	33	0
106.0	0	0.0420414307391	1.0218264582	33	0
125.5	0	0.180366729073	1.0291078498	33	0
155.5	0	0.287116841643	1.06186776029	33	0
155.5	0	0.115280759453	1.05826566181	33	0
155.5	0	0.0753644989502	0.971471349377	32	0
125.5	0	0.171721652378	0.963832114376	31	0
106.0	0	0.19762919236	0.985834128242	30	0
85.0	0	0.266811004561	0.994623984407	29	0
85.0	0	0.236280375691	0.995733927979	28	0
85.0	0	0.461947876145	0.935546358658	27	0
47.5	0	0.504554820483	0.896188246599	26	0
85.0	0	0.583610293134	0.761948148544	25	0
106.0	0	0.497757412146	0.727337719081	24	0
106.0	0	0.508707287268	0.712380799036	23	0
85.0	0	0.489150033568	0.710788342035	23	0
106.0	0	0.551179511123	0.70601180893	23	0
106.0	0	0.6074844294	0.700857463127	23	0
145.0	0	0.621956524469	0.740937704699	23	0
145.0	0	0.68388815382	0.673458653012	23	0
145.0	0	0.721655194799	0.579377244661	23	0
154.0	0	0.728140004141	0.568205423001	23	0
154.0	0	0.693490631597	0.577923710198	23	0
154.0	0	0.729383172677	0.595955975964	23	0
215.5	0	0.76005334686	0.556578620744	23	0
215.5	0	0.856552640644	0.555756987848	23	0
215.5	0	0.704660907318	0.627922759969	23	0
215.5	0	0.763910889431	0.61168212729	24	0
154.0	0	0.635200836028	0.684454048445	24	0
145.0	0	0.547206229741	0.667857065612	24	0
145.0	0	0.40946234982	0.667433884511	24	0
163.0	0	0.407918120849	0.650363405033	24	0
86.5	0	0.41967851489	0.687731342238	24	0
86.5	0	0.280134211612	0.722373782217	24	0
163.0	0	0.41568081582	0.722140460745	24	0
163.0	0	0.395185166506	0.699868622525	24	0
163.0	0	0.335658568819	0.726213126961	24	0
163.0	0	0.427572428929	0.731973091938	24	0
53.5	0	0.487632395917	0.747408365928	24	0
163.0	0	0.507062736807	0.748562700531	25	0
185.5	0	0.511774401493	0.785836239833	26	0
163.0	0	0.600472265618	0.754271753572	27	0
49.0	0	0.665550321178	0.754941712121	28	0
49.0	0	0.692399331058	0.739412759496	29	0
49.0	0	0.865498579866	0.77472574372	30	0
143.5	0	0.840460028525	0.824587258878	30	0
143.5	0	0.84027949092	0.816094221624	29	0
143.5	0	0.825652525638	0.845284450809	29	0
143.5	0	0.780969407204	0.855750722841	29	0
163.0	0	0.710177607392	0.883583322397	29	0
185.5	0	0.522631184864	0.950182336684	29	0
190.0	0	0.525456002013	0.977901135217	30	0
179.5	0	0.54674151119	1.04199896589	31	0
163.0	0	0.562561597838	1.10204281589	32	0
161.5	0	0.541656051846	1.14100419024	33	0
173.5	0	0.487710140101	1.15003003496	34	0
161.5	0	0.490049201447	1.1329245264	35	0
161.5	0	0.387697412514	1.11515092018	36	0
143.5	0	0.511456932061	1.06298462638	36	0
58.0	0	0.583274129997	1.12066710404	36	0
58.0	0	0.512999994118	1.22457015506	36	0
-23.0	0	0.46358688541	1.28218375148	35	0
-29.0	0	0.511831298132	1.33709315618	34	0
-29.0	0	0.468515362131	1.34002463107	33	0
-29.0	0	0.381905447182	1.40267193533	32	0
-23.0	0	0.287110935396	1.40668202956	31	0
-23.0	0	0.429848011706	1.38536782917	30	0
-23.0	0	0.401581760841	1.42954443386	29	0
44.5	0	0.573765106008	1.33678851225	28	0
-23.0	0	0.667192832693	1.35123757273	27	0
-23.0	0	0.8074746426	1.36529872657	26	0
-23.0	0	0.720651206971	1.38859711296	25	0
44.5	0	0.725045156107	1.34907715118	24	0
44.5	0	0.856085672852	1.30074538519	23	0
44.5	0	0.885213508886	1.2522822576	22	0
44.5	0	0.911447865053	1.2351487963	21	0
44.5	0	0.921379667107	1.17860441195	20	0
44.5	0	0.800776362374	1.14493077055	19	0
104.5	0	0.763140055554	1.14080569291	19	0
40.0	0	0.817936070758	1.12389628331	19	0
-23.0	0	0.683553572538	1.1532259888	19	0
40.0	0	0.712909710156	1.19204652052	19	0
40.0	0	0.705659076559	1.22187261507	19	0
-8.0	0	0.659622739466	1.22462301993	19	0
52.0	0	0.637999379634	1.15992917079	19	0
-8.0	0	0.656401589303	1.25327171552	19	0
52.0	0	0.57217917767	1.24756912579	18	0
52.0	0	0.522600568606	1.18803240115	17	0
85.0	0	0.507129739943	1.17953193279	16	0
37.0	0	0.509779106265	1.12170843369	15	0
29.5	0	0.573371223308	1.084397373	14	0
26.5	0	0.487740760112	1.04480334677	14	0
52.0	0	0.482717763793	0.981495454157	14	0
52.0	0	0.437239079174	0.987117717348	14	0
26.5	0	0.493545510344	0.966634840041	14	0
-11.0	0	0.559274501328	0.952642279171	14	0
26.5	0	0.560247666357	0.938009418752	14	0
52.0	0	0.682337035822	0.939418302171	14	0
52.0	0	0.431911947195	0.959404964414	14	0
52.0	0	0.354496430438	0.933583962701	14	0
62.5	0	0.323687422514	0.936074266412	15	0
62.5	0	0.24527985829	0.849241064084	15	0
85.0	0	0.247106796513	0.818014830431	15	0
85.0	0	0.256346308563	0.793607565657	15	0
85.0	0	0.280862085261	0.763494059061	15	0
62.5	0	0.347433281078	0.80800012976	15	0
85.0	0	0.259071147014	0.833372455536	15	0
85.0	0	0.243897140057	0.77710979862	15	0
85.0	0	0.1814160345	0.85964999988	15	0
85.0	0	0.17438106724	0.830488749552	15	0
85.0	0	0.19085577087	0.754155151425	15	0
85.0	0	0.0247463477802	0.722000198252	15	0
62.5	0	0.0456723426163	0.714095965512	15	0
62.5	0	0.0493096020157	0.775100681263	15	0
62.5	0	0.0703271596903	0.809083206288	15	0
52.0	0	0.0460087937697	0.785883029838	15	0
52.0	0	0.0628250112595	0.83587617893	15	0
37.0	0	0.0689937948135	0.847298636598	15	0
37.0	0	0.0762194243865	0.841217702783	15	0
37.0	0	0.0251653267523	0.855012114864	15	0
37.0	0	0.176054276711	0.849233264756	16	0
14.5	0	0.174779969871	0.836700285498	17	0
14.5	0	0.180169451147	0.838348285287	18	0
37.0	0	0.198797591782	0.849777071152	19	0
37.0	0	0.139368534083	0.895357665704	20	0
49.0	0	0.193167444416	0.851055985149	21	0
37.0	0	0.197717625615	0.890288890597	22	0
49.0	0	0.25962299171	0.886625880077	23	0
37.0	0	0.27210635001	0.879101785004	24	0
49.0	0	0.167633956945	0.890518757592	25	0
49.0	0	0.220776145886	0.921500091047	26	0
86.5	0	0.31763292598	0.904322834121	26	0
86.5	0	0.352444985738	0.959087758272	26	0
86.5	0	0.409222079775	0.936082517574	25	0
127.0	0	0.270828402407	0.953496108617	24	0
127.0	0	0.341338356816	0.963933553668	23	0
127.0	0	0.318882836923	1.01150995892	23	0
89.5	0	0.183956986637	1.04368877544	24	0
89.5	0	0.305137982761	1.05785834775	25	0
130.0	0	0.370937600164	1.08366794688	26	0
130.0	0	0.402274266626	1.08907057524	27	0
145.0	0	0.522913731469	1.12494285161	28	0
145.0	0	0.54462674436	1.10850885523	29	0
130.0	0	0.451518670373	1.04790334794	29	0
130.0	0	0.459222443995	1.04619341058	29	0
130.0	0	0.150927610067	0.991350879071	29	0
130.0	0	0.201192467883	0.918222374209	29	0
145.0	0	0.225557043761	0.94908729253	29	0
130.0	0	0.258073575861	0.872257132719	29	0
145.0	0	0.197145146145	0.874911310547	29	0
145.0	0	0.129093515215	0.923515005298	29	0
145.0	0	0.35304622008	0.950566335489	29	0
175.0	0	0.330709746023	0.986256405107	29	0
160.0	0	0.348199568688	0.944949706101	28	0
160.0	0	0.297190995698	0.950076926157	27	0
160.0	0	0.256935852822	0.987001225847	26	0
130.0	0	0.249012627835	0.974862478282	25	0
130.0	0	0.154828436079	0.962474609664	24	0
121.0	0	0.163570192423	0.980056528191	23	0
130.0	0	0.413677532861	0.914437239163	22	0
130.0	0	0.400322477604	0.904155794646	22	0
169.0	0	0.263883762512	0.872847693641	23	0
169.0	0	0.247926372871	0.896797803298	24	0
169.0	0	0.254694860411	0.854440143626	25	0
130.0	0	0.195912106547	0.832212229995	26	0
121.0	0	0.133147693738	0.825273260463	27	0
169.0	0	0.137666135857	0.799329595219	28	0
121.0	0	0.137836203532	0.815695229335	29	0
169.0	0	0.166168531439	0.800638074701	30	0
169.0	0	0.282472402811	0.8022599395	31	0
169.0	0	0.301801973755	0.808367042211	32	0
121.0	0	0.243632664326	0.853192131028	33	0
121.0	0	0.20008511167	0.852253067885	33	0
169.0	0	0.201539499741	0.827975895012	32	0
212.5	0	0.351610273883	0.754631375319	31	0
212.5	0	0.317394490718	0.728928967034	30	0
160.0	0	0.283823509667	0.630446019106	29	0
160.0	0	0.358360771146	0.629551161058	28	0
212.5	0	0.386047875047	0.642606068014	27	0
212.5	0	0.329912565546	0.666280241856	26	0
212.5	0	0.372190032561	0.587599695556	26	0
212.5	0	0.441299069692	0.546079731227	26	0
212.5	0	0.352305855716	0.555225211124	26	0
212.5	0	0.501843474577	0.65554395928	26	0
160.0	0	0.540926470444	0.685150360109	26	0
160.0	0	0.751322323754	0.719081289953	27	0
100.0	0	0.687998299036	0.81635515364	28	0
79.0	0	0.66265278977	0.78549023532	29	0
100.0	0	0.618533136173	0.823089857119	30	0
100.0	0	0.62671801249	0.859583609358	31	0
79.0	0	0.5506007632	0.826035525873	31	0
65.5	0	0.386733913626	0.796072188061	31	0
65.5	0	0.409191525662	0.782865022459	31	0
65.5	0	0.378214113635	0.740659399567	30	0
65.5	0	0.384860318327	0.683515388815	29	0
79.0	0	0.300777191082	0.680736272073	28	0
118.0	0	0.283123752111	0.686968302384	27	0
178.0	0	0.391987407366	0.704130301176	26	0
178.0	0	0.442019514151	0.695502437553	25	0
185.5	0	0.128608766232	0.755237235578	24	0
185.5	0	0.102398227014	0.735028936518	23	0
118.0	0	0.246078003325	0.7684288852	22	0
185.5	0	0.189884741412	0.743541249328	21	0
185.5	0	0.187512519718	0.779250039997	20	0
185.5	0	0.25287900715	0.75402900785	19	0
185.5	0	0.25731662305	0.726191820024	18	0
104.5	0	0.340421101105	0.687622132213	17	0
185.5	0	0.293039611414	0.649932861482	17	0
185.5	0	0.235381298928	0.631041212064	17	0
104.5	0	0.30190718109	0.591577702601	17	0
58.0	0	0.297873072569	0.64265612687	17	0
79.0	0	0.29866023802	0.669430469566	17	0
79.0	0	0.305923627201	0.668341610012	17	0
79.0	0	0.295402508518	0.702772045384	17	0
58.0	0	0.209898769412	0.760428100989	17	0
58.0	0	0.150484369205	0.716893359863	17	0
58.0	0	0.176342754256	0.796711594181	17	0
79.0	0	0.104962476711	0.770632528195	17	0
79.0	0	0.119310794162	0.758374622559	17	0
58.0	0	0.146220113678	0.767715728606	17	0
58.0	0	0.0144175528447	0.825187800117	17	0
58.0	0	0.0980478692766	0.833448355203	17	0
46.0	0	0.0640025055304	0.785518747835	16	0
46.0	0	0.00037466893292	0.766397435074	15	0
58.0	0	0.0144985178685	0.76564581491	14	0
76.0	0	0.0244120772048	0.749292088875	13	0
76.0	0	0.0528161315176	0.684159983445	12	0
76.0	0	0.0502364996456	0.688956035916	12	0
76.0	0	0.0519306193132	0.675525233487	12	0
76.0	0	0.0303663213614	0.636957141332	13	0
67.0	0	0.0803717994472	0.658994698888	14	0
98.5	0	0.177786829209	0.672193512643	15	0
98.5	0	0.112617249834	0.651098257379	16	0
133.0	0	0.112134358364	0.706935024402	17	0
133.0	0	0.0918374627647	0.734494430391	17	0
133.0	0	0.215374610401	0.751665528471	17	0
98.5	0	0.272487254277	0.743805729049	17	0
56.5	0	0.245001045193	0.771174799685	17	0
56.5	0	0.279927612932	0.795781818896	17	0
13.0	0	0.507690864675	0.809235521389	17	0
56.5	0	0.552534771576	0.78408086843	17	0
56.5	0	0.355357543521	0.715976116607	17	0
13.0	0	0.429256832278	0.678158794128	17	0
56.5	0	0.441218823125	0.668401649344	17	0
74.5	0	0.476633436847	0.686014978273	16	0
97.0	0	0.528639945438	0.699157877678	16	0
98.5	0	0.506933091517	0.752903466701	16	0
98.5	0	0.511145512024	0.774027268602	16	0
98.5	0	0.578456646786	0.766893000993	17	0
98.5	0	0.527486245855	0.812245409558	18	0
98.5	0	0.547575168526	0.801754161161	19	0
104.5	0	0.470402791958	0.761531486563	20	0
104.5	0	0.430873389169	0.724776041772	20	0
98.5	0	0.459033562283	0.69869048338	20	0
104.5	0	0.356516885534	0.660486718403	20	0
104.5	0	0.426429744696	0.686552151189	20	0
104.5	0	0.526513541495	0.645052481623	20	0
104.5	0	0.462169187709	0.61726041519	20	0
98.5	0	0.342341769403	0.600080785532	20	0
98.5	0	0.381563813601	0.546834801841	20	0
98.5	0	0.454632538797	0.562484985231	20	0
98.5	0	0.452229152691	0.584143316957	20	0
98.5	0	0.349015809987	0.591586964004	20	0
104.5	0	0.38583218341	0.55868603277	19	0
104.5	0	0.337870743736	0.497997758261	18	0
103.0	0	0.424076799114	0.476892947366	18	0
127.0	0	0.46343052222	0.493737292098	18	0
127.0	0	0.490885196304	0.520746640223	18	0
127.0	0	0.566378128044	0.538554687031	18	0
103.0	0	0.557106705169	0.591313909579	18	0
103.0	0	0.623660636513	0.588034256051	18	0
103.0	0	0.665012173474	0.581729767722	18	0
103.0	0	0.679245823597	0.578217357607	18	0
103.0	0	0.71783377295	0.56846388032	18	0
103.0	0	0.744711625062	0.625103545282	18	0
74.5	0	0.792378645428	0.550424395404	18	0
74.5	0	0.635928382009	0.567058612134	18	0
103.0	0	0.663584706205	0.552767672001	18	0
118.0	0	0.578131070387	0.463970546268	18	0
118.0	0	0.606518042906	0.424571830051	18	0
103.0	0	0.619251975935	0.47812655311	18	0
118.0	0	0.756357634565	0.547915581073	18	0
136.0	0	0.742266888914	0.581671345519	18	0
146.5	0	0.701724632855	0.608500560623	17	0
146.5	0	0.684779137971	0.596209909534	16	0
146.5	0	0.617370455606	0.591640344233	15	0
143.5	0	0.602767303297	0.584331486093	16	0
143.5	0	0.617032326852	0.588228113424	17	0
143.5	0	0.536056734881	0.632046095431	18	0
143.5	0	0.479073971471	0.656997358399	19	0
143.5	0	0.480663353542	0.564798350399	19	0
134.5	0	0.569328345689	0.520391780435	19	0
119.5	0	0.490966057145	0.481389171912	19	0
134.5	0	0.475625227852	0.478269139418	19	0
134.5	0	0.473653791884	0.496987608084	19	0
145.0	0	0.318082291457	0.531569508274	18	0
182.5	0	0.255041550592	0.58410762984	17	0
182.5	0	0.408658755063	0.668047609304	16	0
182.5	0	0.448640595403	0.690989427255	15	0
182.5	0	0.427022764134	0.745523273368	16	0
199.0	0	0.461176758879	0.674605316207	16	0
161.5	0	0.614371850731	0.619393289247	16	0
199.0	0	0.588004177532	0.679351965287	16	0
161.5	0	0.547134421378	0.783643382756	16	0
161.5	0	0.543759724072	0.825914538682	16	0
161.5	0	0.471408655252	0.891947935028	16	0
134.5	0	0.50904426622	0.924500863482	16	0
134.5	0	0.486140773962	0.888612337134	16	0
119.5	0	0.455960226783	0.847825902259	17	0
134.5	0	0.331603371675	0.791503788819	18	0
145.0	0	0.167508103638	0.793268899462	19	0
134.5	0	0.19530242446	0.814663338345	20	0
134.5	0	0.242387418884	0.810678761177	21	0
127.0	0	0.192129503175	0.830713230943	22	0
119.5	0	0.265960138087	0.817366887388	23	0
119.5	0	0.229651456582	0.885359103304	24	0
127.0	0	0.328144295143	0.919830345329	25	0
134.5	0	0.315133070763	0.93434319447	26	0
134.5	0	0.409205213835	0.993215719738	27	0
143.5	0	0.212413199569	0.993084034707	28	0
143.5	0	0.215363554774	0.991219392983	28	0
143.5	0	0.216741055	0.962095351475	28	0
134.5	0	0.208307663853	0.964652673243	28	0
119.5	0	0.224417965462	0.836333985839	27	0
92.5	0	0.0380893012833	0.888808442284	27	0
88.0	0	0.120119142179	0.918022240185	27	0
88.0	0	0.108898014209	0.965642746248	27	0
56.5	0	0.237006844096	1.11000032492	27	0
34.0	0	0.352255826158	1.14553486906	27	0
-9.5	0	0.329964360019	1.13801866743	27	0
-9.5	0	0.231406297407	1.21146730747	28	0
-9.5	0	0.0697003401885	1.29390626279	29	0
34.0	0	0.216851483155	1.34976616804	30	0
34.0	0	0.0673272694601	1.34451217525	30	0
34.0	0	0.150985843012	1.30917391202	30	0
26.5	0	0.310970818003	1.27314864156	30	0
26.5	0	0.334049274168	1.27821971242	30	0
-9.5	0	0.25087245513	1.21421387105	30	0
-9.5	0	0.199608229985	1.19173171533	30	0
-9.5	0	0.153432542394	1.22748612566	30	0
-9.5	0	0.133532206628	1.30199375156	30	0
-9.5	0	0.0292141152079	1.40920873099	30	0
-9.5	0	0.0205100924732	1.39114806098	29	0
26.5	0	0.0617332782853	1.33507940352	28	0
26.5	0	0.0490244082445	1.3304212064	28	0
26.5	0	0.00838769829023	1.27349414881	27	0
26.5	0	0.00485904219367	1.19929046399	26	0
40.0	0	0.0940535330397	1.16846367793	25	0
-2.0	0	0.222723805023	1.19866838001	24	0
-39.5	0	0.0145150647549	1.33451422833	23	0
-39.5	0.0869803182125	0.168892858769	1.37860356487	22	0
-39.5	0.0870295546276	0.209470607692	1.40329368281	21	0
-39.5	0.0871712266353	0.197227966765	1.42785052474	20	0
-69.5	0.0872565637046	0.240684451884	1.45156918423	19	0
-69.5	0.087190548603	0.191057248251	1.45755776867	19	0
-44.0	0.0870981895602	0.282475781258	1.48393343558	19	0
-72.5	0.0872176711288	0.31010773367	1.4716795061	19	0
-98.0	0.0874297671148	0.370038438272	1.40686163014	20	0
-104.0	0.0877867277747	0.329244693145	1.43931713716	21	0
-117.5	0.0879033911619	0.526879392212	1.43286042304	22	0
-117.5	0.0880556711394	0.703380822848	1.43871985366	23	1
-117.5	0.088793427309	0.715496345617	1.46414303634	24	1
-117.5	0.0885919100678	0.832841374738	1.45124769871	25	1
-107.0	0.0884214236551	0.931429466165	1.56228633127	26	1
-101.0	0.087741312031	1.18211677758	1.5423014548	27	1
-101.0	0.0876920315761	1.23163255835	1.51238321519	28	1
-72.5	0.0870981895602	1.19147607659	1.47725048835	29	1
-44.0	0.0866942587043	1.08877567703	1.36830274158	30	1
-44.0	0.0867602917845	1.10046154615	1.34016467933	31	1
-44.0	0.0867052293839	1.21808437364	1.33737106629	32	1
-44.0	0.0867088893624	1.44478488255	1.33909856345	33	1
-44.0	0.0866650712262	1.54246055298	1.34466835226	34	1
-72.5	0.0872799822712	1.60286279601	1.38377028593	35	1
-101.0	0.0876186214911	1.77678806861	1.45913370037	36	1
-107.0	0.0879243860391	1.86265536412	1.53505195186	37	1
-117.5	0.0881113067725	1.88714668401	1.63146830026	37	1
-117.5	0.0880216054833	1.92130053407	1.59163926452	37	1
-126.5	0.0881113067725	2.0316797022	1.60997112897	37	1
-131.0	0.0881500278305	2.37468076392	1.62382472484	37	1
-126.5	0.088004621346	2.46239422863	1.55206799096	37	1
-131.0	0.0885783326586	2.50416686356	1.59071153072	37	1
-131.0	0.0887196273921	2.72538248928	1.58435912805	37	1
-158.0	0.089205568791	2.90967576057	1.60963142582	38	1
-194.0	0.0895462126466	3.03607505292	1.60812166839	39	1
-194.0	0.0901919595419	3.11931163442	1.63154444254	40	1
-158.0	0.0896983540871	3.15015899336	1.63028931388	40	1
-158.0	0.0894461656127	3.14080059443	1.69573682015	40	1
-194.0	0.0895713955475	3.37273968266	1.78979804576	80	1
-210.5	0.08964736047	3.55177269228	1.80772925046	80	1
-210.5	0.0895613141097	3.5222972493	1.6785022811	80	1
-210.5	0.0896270417863	3.54394694714	1.68780058128	80	1
-234.5	0.0898167202856	3.62349596177	1.66629579337	80	1
-255.5	0.0901221099141	3.75183794562	1.68547137726	80	1
-278.0	0.0901704114583	3.77628200954	1.70541731313	80	1
-305.0	0.0902569044961	3.83153060122	1.71143730622	80	1
-318.5	0.0904102242911	3.86774955813	1.68448593025	80	1
-338.0	0.0905380736864	3.89976315752	1.73746871911	80	1
-318.5	0.0902406257778	3.92509280453	1.82287633706	80	1
-305.0	0.089683026357	3.90671897121	1.79311503427	80	1
-305.0	0.0897393530131	3.918488375	1.79288229191	80	1
-278.0	0.0892346918491	3.8008009207	1.77497114038	80	1
-278.0	0.0892152661618	3.90349367656	1.75495668551	80	1
-305.0	0.0896067678401	3.88036674541	1.83953679317	80	1
-318.5	0.0899523764253	3.88498640262	1.8882420886	80	1
-338.0	0.0907417507399	3.92789216745	1.90958114459	80	1
-354.5	0.0910676014676	4.00115580571	1.96652684345	80	1
-366.5	0.0921909019279	4.15875696681	1.97013257831	80	1
-377.0	0.0928804453589	4.29767684178	1.99662752764	80	1
-377.0	0.0929737664952	4.36939922824	2.03820117166	80	1
-378.5	0.093067981797	4.29558423363	1.96516073152	40	1
-384.5	0.093288900767	4.31850087077	1.99240919984	39	1
-384.5	0.0932147105523	4.38076306286	1.94638207403	38	1
-398.0	0.0933112667997	4.29816783406	1.90195425139	38	1
-398.0	0.0934012396131	4.25470090893	1.79914990984	37	1
-396.5	0.0931925616693	4.21746148709	1.7229626632	36	1
-396.5	0.0932443198541	4.17395372812	1.70954081778	35	1
-396.5	0.0934087743551	4.13762841908	1.7348695806	34	1
-396.5	0.0931410733686	4.16793393043	1.68286942781	33	1
-426.5	0.0933786696886	3.90362386412	1.65078256349	32	1
-426.5	0.0931704623564	3.91258171	1.64401734295	31	1
-396.5	0.0929449577783	3.93900852286	1.53992068159	30	1
-354.5	0.0917739990789	3.76957123716	1.47987242035	29	1
-318.5	0.0911448781188	3.5771889326	1.45821407706	28	1
-305.0	0.0907360330518	3.47315991566	1.43106223163	28	1
-305.0	0.0909149145299	3.45562225744	1.38048740851	27	1
-305.0	0.0909850793384	3.30616521208	1.32309515641	26	1
-305.0	0.0912167733337	3.15282839257	1.22526998125	25	1
-305.0	0.091162800951	3.04895641654	1.1558762503	25	1
-318.5	0.0912892166312	2.98349523601	1.15519452294	24	1
-354.5	0.0913927977408	2.99616774999	1.1225547214	23	1
-354.5	0.0912107612362	2.90805769723	1.10067727777	22	1
-291.5	0.0907303188346	2.75899114179	1.07838604837	21	1
-291.5	0.090696106206	2.57395317265	1.15293158807	20	1
-243.5	0.090305911831	2.37305214652	1.07849511759	19	1
-191.0	0.0897547746985	2.27002613135	1.03878933704	19	1
-191.0	0.0898426540093	2.04208698682	1.10263749197	19	1
-135.5	0.0891283585595	2.01854419313	1.02917739598	19	1
-135.5	0.088623670404	1.94442247451	0.976976715767	18	1
-135.5	0.0889381485121	1.88526930609	0.958595816476	17	1
-135.5	0.0890708769715	1.72816782034	0.942174549864	16	1
-135.5	0.0890661031727	1.54146460256	0.909205957061	15	1
-191.0	0.0891668819965	1.46930647057	0.914541471701	14	1
-191.0	0.0891427857845	1.43225659789	0.854760998323	13	1
-191.0	0.0890947835743	1.31888325427	0.834947797952	12	1
-135.5	0.0884525873256	1.16931965807	0.809462351506	13	1
-87.5	0.0880941511508	0.99351733942	0.76899224112	14	1
-27.5	0.0876552503936	0.851508498105	0.763753704551	15	1
-21.5	0.087517664037	0.544920309974	0.638558548408	15	1
-21.5	0.0875216802468	0.429491135049	0.674855945517	15	0
35.5	0.0871596538784	0.425795819167	0.775998398664	15	0
35.5	0.0871982893359	0.203911565976	0.764023273909	15	0
35.5	0.0871944181148	0.347410449801	0.811163215501	15	0
71.5	0.0870030082087	0.350719707412	0.799116406667	15	0
79.0	0.0867824148819	0.281872434845	0.862831290573	15	0
91.0	0.0865925297566	0.18632555507	0.808852910751	15	0
91.0	0.0866069895221	0.24286367396	0.685365987507	15	0
85.0	0.0866833018835	0.214473158019	0.659907889638	15	0
85.0	0.0868976229822	0.171057270376	0.703598757879	15	0
85.0	0	0.246371714077	0.727427725202	15	0
37.0	0	0.169908710778	0.703732271618	15	0
85.0	0	0.00897331606124	0.771342125639	15	0
85.0	0	0.0212618082933	0.752426907025	15	0
85.0	0	0.00615666032001	0.695626759019	15	0
37.0	0	0.0231316923594	0.725631331184	15	0
-3.5	0	0.0681899990687	0.78942885626	15	0
-26.0	0	0.0333229076047	0.766865609409	15	0
-26.0	0	0.122186107347	0.829803695204	15	0
-3.5	0	0.0896622061811	0.871077868062	15	0
-3.5	0	0.0913677994414	0.886697888266	15	0
37.0	0	0.0273517966057	0.941007062772	15	0
37.0	0	0.0353258592257	0.914825141044	16	0
37.0	0	0.0337911221579	0.963795242653	17	0
97.0	0	0.0808282380736	0.859253247028	18	0
37.0	0	0.22502493694	0.886885887802	19	0
-0.5	0	0.34682804028	0.900869817666	20	0
37.0	0	0.41022782364	0.857548668578	21	0
37.0	0	0.354471569845	0.854707929807	22	0
37.0	0	0.418252468958	0.847592499238	23	0
97.0	0	0.456165720528	0.804373272913	23	0
97.0	0	0.315734023157	0.775132823978	22	0
97.0	0	0.437870641453	0.802633440141	21	0
97.0	0	0.369921021591	0.832104031254	20	0
97.0	0	0.232425402094	0.768424831351	19	0
97.0	0	0.193201616943	0.77772737055	19	0
71.5	0	0.191508814362	0.800632871528	19	0
71.5	0	0.216722014384	0.742491202053	19	0
71.5	0	0.278243475108	0.7345360924	19	0
97.0	0	0.387984083217	0.82679220724	19	0
127.0	0	0.365156686975	0.719851503036	19	0
97.0	0	0.432260610475	0.693424024165	19	0
97.0	0	0.519459826575	0.620302784559	19	0
127.0	0	0.354667018221	0.552308379344	19	0
167.5	0	0.345256688392	0.554358241479	19	0
211.0	0	0.299668314342	0.490976869414	19	0
161.5	0	0.482835976499	0.506876331269	20	0
161.5	0	0.420565703287	0.564230004625	21	0
161.5	0	0.429518654475	0.542659382266	22	0
161.5	0	0.24816418745	0.546033390381	22	0
161.5	0	0.150927879896	0.539594426261	22	0
161.5	0	0.243850007196	0.61350459115	22	0
95.5	0	0.13901084715	0.613316481388	22	0
95.5	0	0.142026170324	0.660675249982	22	0
95.5	0	0.250280114123	0.706022556774	22	0
95.5	0	0.236456339198	0.671037468581	21	0
161.5	0	0.167158565705	0.651822345658	21	0
211.0	0	0.212656157187	0.722387462497	21	0
211.0	0	0.201579738378	0.708899822629	21	0
161.5	0	0.215116713458	0.698948390563	21	0
161.5	0	0.212584081507	0.657942141938	21	0
95.5	0	0.184584044583	0.658695339069	21	0
95.5	0	0.284638585313	0.641184874937	20	0
136.0	0	0.315782963841	0.546327857472	20	0
50.5	0	0.227594214067	0.549369478076	20	0
50.5	0	0.250084892658	0.542396755638	20	0
50.5	0	0.22964938732	0.606468579737	20	0
28.0	0	0.279187053064	0.545597348034	20	0
28.0	0	0.29936026126	0.539636718854	20	0
28.0	0	0.14847030088	0.557453341498	20	0
1.0	0	0.167258568337	0.660294911789	20	0
28.0	0	0.256645578388	0.72855189569	21	0
28.0	0	0.241945843843	0.70544620761	21	0
28.0	0	0.293762559874	0.666287515945	21	0
1.0	0	0.500564710248	0.694954622745	21	0
28.0	0	0.432716650151	0.639032788555	21	0
34.0	0	0.503815105332	0.604763771586	21	0
34.0	0	0.493023966983	0.677472449667	21	0
28.0	0	0.280028420645	0.69370842488	21	0
1.0	0	0.114788471937	0.669937386291	21	0
1.0	0	0.133392096531	0.674777511934	21	0
28.0	0	0.108833678748	0.669345090041	21	0
28.0	0	0.0559069499413	0.709492890794	21	0
1.0	0	0.123088925589	0.733095513365	21	0
-27.5	0	0.10707350744	0.789043734669	21	0
-33.5	0	0.0528012604569	0.807870177243	21	0
-33.5	0	0.00518550745576	0.873659319186	21	0
-33.5	0	0.0081895192946	0.873828276114	22	0
-27.5	0	0.0490063195404	0.871080026512	22	0
-27.5	0	0.0855790002265	0.804125638439	21	0
-27.5	0	0.114989265181	0.816233256105	20	0
-27.5	0	0.115700777349	0.873591075113	19	0
1.0	0.0865961424341	0.395371346255	0.844502610432	18	0
-27.5	0.0872799822712	0.356324953203	0.843086991803	17	0
-27.5	0.0872332074708	0.240737522067	0.863338267468	17	0
-29.0	0.0873901020627	0.286421301379	0.82937152981	17	0
-39.5	0.0876961278242	0.450582183321	0.842062931362	17	0
-44.0	0.0881113067725	0.579138690805	0.855376111496	17	0
-60.5	0.0883022237452	0.683932246429	0.884809276986	17	0
-60.5	0.0879201830973	0.71651530311	0.879937895454	17	0
-60.5	0.0878365388356	0.823840660861	0.889539940401	17	0
-60.5	0.0874099122475	0.8755731091	0.90237746586	17	0
-60.5	0.087517664037	0.887199460069	0.963489720266	18	1
-95.0	0.0878157502447	0.875442742749	1.02546699917	19	1
-95.0	0.0879117831666	0.859599692146	1.04095627156	20	1
-95.0	0.0878033004187	0.950325031918	1.07469096678	21	1
-95.0	0.0876470975179	0.883442548442	1.01276718209	22	1
-95.0	0.087724854734	0.818182495846	1.09160743197	23	1
-117.5	0.087991904453	0.944588833794	1.12998276061	24	1
-131.0	0.0885964404176	1.11538009953	1.19347050519	25	1
-141.5	0.0887196273921	1.05589810899	1.13550151994	26	1
-144.5	0.0889475651114	1.23139043817	1.15434374563	27	1
-162.5	0.0891235545536	1.31949404311	1.22744486797	28	1
-188.0	0.0892395547324	1.40778507893	1.29810928623	29	1
-188.0	0.0891813703335	1.32934132293	1.34839894723	30	1
-207.5	0.0899366219732	1.47948379095	1.39695123738	31	1
-207.5	0.0902514750978	1.47567350558	1.43624421559	32	1
-248.0	0.0907531965439	1.63614319879	1.42000081658	33	1
-207.5	0.0901973543634	1.84913874513	1.42590831767	34	1
-248.0	0.0904102242911	2.07502613517	1.41614890858	34	1
-291.5	0.0909324069625	2.10236135005	1.42752416123	34	1
-306.5	0.0913195649063	2.25754173439	1.43609000407	34	1
-312.5	0.0915099120306	2.35593995045	1.45308097532	34	1
-306.5	0.0908568393182	2.35415676171	1.52090420907	34	1
-291.5	0.0903881668016	2.36305707982	1.49779852099	34	1
-306.5	0.0904767105168	2.74112309015	1.5588629996	35	1
-312.5	0.0905604875347	2.81781413262	1.54226127951	36	1
-318.5	0.0906904161781	2.89296408837	1.58397567385	37	1
-344.0	0.0910203579202	3.04165368411	1.6456221498	38	1
-318.5	0.0908337089262	3.09277295623	1.75660288344	38	1
-318.5	0.0913805531231	3.20642666885	1.75556879137	39	1
-318.5	0.0913500102155	3.22803340569	1.67169237372	40	1
-344.0	0.0916662285626	3.33601326714	1.70326002861	40	1
-344.0	0.0916284791934	3.41507645833	1.69968585179	80	1
-347.0	0.0920521106794	3.48507354926	1.66170842207	80	1
-347.0	0.0920849759839	3.55424684642	1.69443706535	80	1
-323.0	0.0918059278566	3.57498352236	1.67519290481	80	1
-323.0	0.0916410458011	3.51264642257	1.65909049947	80	1
-347.0	0.0916978003201	3.48554817146	1.71862410732	80	1
-375.5	0.0925641041122	3.54879089404	1.73229826136	80	1
-389.0	0.0930752666101	3.52593626079	1.73965909673	80	1
-395.0	0.094184418579	3.55175148353	1.78066715017	80	1
-395.0	0.0943984781085	3.66116881443	1.77243640055	80	1
-398.0	0.0944568936556	3.76467653059	1.79660500231	80	1
-398.0	0.0945493764478	3.94566221442	1.82965280136	80	1
-402.5	0.0947197194577	3.93696448645	1.81662497883	80	1
-407.0	0.0950071752398	4.00850346072	1.8168767847	80	1
-407.0	0.094728312078	4.15283313007	1.77289771863	40	1
-402.5	0.0945493764478	4.11658269347	1.71227428452	40	1
-402.5	0.0941681393024	4.13645171113	1.65773917122	40	1
-405.5	0.0942088869772	4.23488718425	1.66662597432	39	1
-405.5	0.0942007242338	4.01317075057	1.59063813533	38	1
-398.0	0.0940228002177	3.93324510007	1.51913569715	37	1
-389.0	0.0936839036509	3.84528076726	1.49219563318	36	1
-389.0	0.0934163148272	3.81720361636	1.46516115788	35	1
-368.0	0.092952152046	3.78340740216	1.44626598973	35	1
-368.0	0.0925158029777	3.76741444231	1.42555074755	35	1
-368.0	0.0925089223093	3.65474848885	1.43724939533	35	1
-368.0	0.0928519086842	3.60873080083	1.45740488848	35	1
-339.5	0.0924814481206	3.56380154153	1.48338623976	35	1
-339.5	0.0925226885071	3.65485656868	1.49972479185	35	1
-323.0	0.0919282331019	3.53324090601	1.4893410005	35	1
-294.5	0.0915908779924	3.46445170653	1.47353075776	35	1
-294.5	0.0914851367404	3.43070979693	1.4461002308	35	1
-294.5	0.0914111941976	3.44352025416	1.44512554917	35	1
-248.0	0.0912167733337	3.22831337686	1.46111210172	35	1
-224.0	0.091043950235	3.01119785632	1.48435450985	35	1
-224.0	0.0911389113554	2.82347999155	1.51238895236	35	1
-203.0	0.0901811792661	2.73685858306	1.47657586217	34	1
-224.0	0.090224375439	2.6307779039	1.40194566779	33	1
-248.0	0.0904323339239	2.63836971524	1.28672582351	32	1
-224.0	0.0893226220151	2.49104674249	1.27105300919	31	1
-186.5	0.0890899972312	2.40784124539	1.25389789842	30	1
-102.5	0.0889758736188	2.36491373579	1.29807448582	29	1
-102.5	0.0890375128323	2.09944370111	1.3111949801	28	1
-68.0	0.0888491747308	2.05122572851	1.31160632216	27	1
-75.5	0.088895894259	2.0043977091	1.33250701398	26	1
-75.5	0.0887426252636	1.94427542437	1.36885514522	25	1
-60.5	0.0883550061408	1.87772416122	1.3476135633	24	0
-29.0	0.0880173564137	1.88200167561	1.31912286946	25	0
5.5	0.0876879372222	1.76436499728	1.29891541137	26	0
17.5	0.0873113045134	1.6659603573	1.24325543683	27	0
17.5	0.0873545557479	1.41856237055	1.23841659185	28	0
37.0	0.0868491240417	1.30042211628	1.20792496094	29	0
37.0	0.0867861075478	1.1547523913	1.15439815679	30	0
71.5	0.0865853089223	1.02653032318	1.17231795284	31	0
71.5	0.0865853089223	0.963472156124	1.23271323601	32	0
71.5	0.0866541512067	0.895317900283	1.2108838834	33	0
71.5	0	0.614173887963	1.20410170002	33	0
71.5	0	0.519098701854	1.21519326045	33	0
71.5	0	0.533402253496	1.20892744996	33	0
94.0	0	0.64608047122	1.25004630156	33	0
107.5	0	0.674427476062	1.28878519725	32	0
94.0	0	0.652817923482	1.27532130755	31	0
71.5	0	0.618481243269	1.32908508212	30	0
71.5	0	0.591382548898	1.31456192185	29	0
71.5	0	0.630928635038	1.29671781259	28	0
101.5	0	0.603865899919	1.27687723238	27	0
124.0	0	0.48056385456	1.24926780514	27	0
163.0	0	0.512540816509	1.22335243296	28	0
163.0	0	0.407128018144	1.19377599621	29	0
163.0	0	0.359862773113	1.16307695681	30	0
133.0	0	0.316987532012	1.15806500231	31	0
37.0	0	0.360109444032	1.07875923283	31	0
7.0	0	0.374939063398	1.07167654631	31	0
37.0	0	0.39976148176	1.02983019732	31	0
133.0	0	0.511337687902	1.01110978153	31	0
133.0	0	0.603782808928	0.958459347831	31	0
133.0	0	0.628056112234	0.962037739172	31	0
133.0	0	0.741569025994	0.991525988522	31	0
133.0	0	0.500057385803	1.10301354967	31	0
124.0	0	0.505276943514	1.10033591516	30	0
202.0	0	0.318156705461	1.13326204376	29	0
202.0	0	0.176000314554	0.97818555925	28	0
202.0	0	0.33405148864	0.971757491902	27	0
215.5	0	0.316340190212	0.965566622313	26	0
215.5	0	0.302207379163	0.883802053658	25	0
202.0	0	0.369444892787	0.896418307964	24	0
116.5	0	0.453089686813	0.888153740992	23	0
20.5	0	0.391812222795	0.942975535064	23	0
7.0	0	0.392581425138	0.938788559694	23	0
7.0	0	0.372631280865	0.8913768396	23	0
7.0	0	0.530564394312	0.829730309082	23	0
-11.0	0	0.568044633462	0.828396545781	23	0
7.0	0	0.624351351347	0.82844736488	23	0
-11.0	0	0.61534978224	0.721255592157	23	0
7.0	0	0.600037707529	0.646919299383	23	0
14.5	0	0.540076757079	0.6549266077	23	0
28.0	0	0.71058491744	0.669294500102	23	0
28.0	0	0.737333187729	0.642889228277	22	0
89.5	0	0.603333959032	0.656225081629	21	0
28.0	0	0.455214750251	0.633235308373	20	0
28.0	0	0.504436851816	0.596601860117	19	0
89.5	0	0.432787576572	0.575464096892	18	0
163.0	0	0.366064635226	0.503953353326	18	0
161.5	0	0.385272836224	0.454832788493	18	0
161.5	0	0.271947818837	0.463911772548	18	0
161.5	0	0.269215131778	0.46240537742	18	0
161.5	0	0.365391511698	0.456869409239	18	0
161.5	0	0.337041463433	0.426211995698	18	0
185.5	0	0.334110878665	0.379253582832	18	0
161.5	0	0.335133947028	0.39713029472	18	0
161.5	0	0.151403424228	0.396233370621	18	0
185.5	0	0.103832724304	0.490287609333	18	0
185.5	0	0.190268493145	0.418324686644	17	0
161.5	0	0.204145414711	0.419079253925	16	0
97.0	0	0.20554661649	0.43233086781	15	0
97.0	0	0.227498467971	0.38099857288	14	0
47.5	0	0.0636521322748	0.376492807796	14	0
47.5	0	0.0492743166844	0.423543348355	14	0
47.5	0	0.0918955501836	0.329084878312	14	0
38.5	0	0.00433397915126	0.360024964882	14	0
26.5	0	0.152646445575	0.316707389262	14	0
38.5	0	0.304428290212	0.412543270155	14	0
26.5	0	0.372369764685	0.416034514233	14	0
26.5	0	0.35159013779	0.43094917057	13	0
26.5	0	0.383563183693	0.475386567692	13	0
46.0	0	0.305186667712	0.465380258219	13	0
46.0	0	0.199439845416	0.465126041684	13	0
97.0	0	0.162782988351	0.432422177423	13	0
97.0	0	0.151932869978	0.446942831306	14	0
97.0	0	0.20426620298	0.477034316292	15	0
97.0	0	0.224009927178	0.546996312475	16	0
161.5	0	0.18460515358	0.553123491966	17	0
185.5	0	0.148660064053	0.55652383928	18	0
191.5	0	0.182578612788	0.612243139195	19	0
191.5	0	0.335830427928	0.599667250608	19	0
185.5	0	0.349622425297	0.645417340786	19	0
185.5	0	0.403148160672	0.67550304265	19	0
185.5	0	0.361239535689	0.6710306866	19	0
185.5	0	0.42887575433	0.654561928004	18	0
185.5	0	0.602618830151	0.689382338694	18	0
119.5	0	0.542906057874	0.690089175067	18	0
47.5	0	0.622153169917	0.688887746236	18	0
47.5	0	0.622127840908	0.655731697644	19	0
38.5	0	0.465139959518	0.608996505854	20	0
20.5	0	0.473862746539	0.58135785929	21	0
2.5	0	0.437059301742	0.574051607423	22	0
2.5	0	0.512550293006	0.580006680964	22	0
2.5	0	0.535379985637	0.654375542688	22	0
-36.5	0	0.544477434607	0.744700887793	22	0
-77.0	0	0.563694342248	0.780542424896	22	0
-77.0	0	0.786640088785	0.725353821109	22	0
-77.0	0	0.793680979516	0.655610943971	22	0
-77.0	0	0.66730333715	0.745279278415	22	0
-36.5	0	0.660778707979	0.752821149257	22	0
2.5	0	0.658269311183	0.762236030647	22	0
22.0	0	0.517581463031	0.79585390793	22	0
49.0	0	0.607258554481	0.842539901567	22	0
49.0	0	0.552974597945	0.789434520572	22	0
49.0	0	0.784815892163	0.88552393941	22	0
56.5	0	0.606179296838	0.848637102731	22	0
71.5	0	0.491353622942	0.854086530466	23	0
71.5	0	0.528501586825	0.864829147945	24	0
119.5	0	0.360548061053	0.898343599463	25	0
119.5	0	0.375912235591	0.902093310213	26	0
119.5	0	0.416493038501	0.903085221065	26	0
119.5	0	0.435641039754	0.861034670692	26	0
119.5	0	0.473596007516	0.900976819647	26	0
71.5	0	0.51414761865	0.942486388725	26	0
119.5	0	0.567391621469	0.95146675818	26	0
83.5	0	0.548116124671	1.00189002949	26	0
119.5	0	0.394121708461	0.947783514465	27	0
119.5	0	0.297213461318	0.926701203514	28	0
83.5	0	0.306941483777	0.945886802269	29	0
70.0	0	0.315760224176	0.92315749185	30	0
83.5	0	0.196915205227	0.928286365596	31	0
83.5	0	0.251790685263	0.87957027816	32	0
83.5	0	0.185762883314	0.837034658271	33	0
83.5	0	0.193286058698	0.835224883778	34	0
70.0	0	0.0334756099522	0.853911311026	34	0
83.5	0	0.00949497108772	0.859274705693	34	0
119.5	0	0.0185286917859	0.893284861367	34	0
119.5	0	0.106936411156	0.891204765978	34	0
119.5	0	0.312610987997	0.924258736426	35	0
119.5	0	0.656633362209	1.01714984729	36	0
166.0	0	0.68289371343	1.04289368051	37	0
178.0	0	0.714712305871	1.04523373724	38	0
166.0	0	0.612336433928	1.0426254392	38	0
127.0	0	0.622833710276	1.0250054848	38	0
166.0	0	0.554262514825	1.01282646294	39	0
178.0	0	0.465290448016	0.972142281992	40	0
178.0	0	0.542332183797	0.962611054429	39	0
166.0	0	0.546270561781	1.02433474684	39	0
128.5	0	0.601946083802	0.955910006466	38	0
128.5	0	0.584432167149	0.945264104054	37	0
101.5	0	0.470779785911	0.973857395954	37	0
101.5	0	0.605556233095	1.00647578186	37	0
92.5	0	0.617095356559	0.982091432215	37	0
92.5	0	0.69717643352	1.01658237267	37	0
92.5	0	0.687405992399	1.0388422274	37	0
101.5	0	0.672587013414	1.05603811654	37	0
92.5	0	0.752051792147	1.07453177246	37	0
83.5	0	0.678659448746	1.08637958506	37	0
56.5	0	0.861790018792	1.03450470606	36	0
13.0	0	0.878249505679	1.06247043719	35	0
56.5	0	0.7227431203	1.08313811815	34	0
13.0	0	0.73804152838	1.12457540279	33	0
56.5	0	0.698727199914	0.971955949536	32	0
56.5	0	0.726636626434	0.935194803524	31	0
56.5	0	0.784092306439	0.926825207336	30	0
13.0	0	0.828893193904	0.937071051945	29	0
-11.0	0	0.976203676345	0.967700387043	28	0
-11.0	0	1.08711242881	1.00706270317	27	0
-27.5	0	1.057022778	1.00617476	26	0
-27.5	0	1.06678005455	1.04705719603	25	0
-27.5	0	1.06327576043	1.05688391674	24	0
7.0	0	0.925651352578	1.04758695349	23	0
-15.5	0	0.937151349591	1.06419043394	23	0
-27.5	0	0.921226077685	1.01742762518	22	0
-60.5	0	1.1581134468	0.9361991266	21	0
-60.5	0	1.15220940024	0.896630700684	20	0
-119.0	0	1.16067551944	0.907768785909	19	0
-119.0	0	1.00624349761	0.959568263843	19	0
-60.5	0	0.759096122871	0.977966251439	19	0
-60.5	0	0.696361202972	1.06235085032	19	0
-60.5	0.0878950070695	0.760781452715	1.04343529519	19	0
-119.0	0.0880216054833	0.801168145493	1.03491617325	19	0
-119.0	0.0881371021555	0.931816376535	1.05247160918	19	0
-119.0	0.0880088643468	0.910805645275	1.06276632922	19	0
-156.5	0.0883373774777	0.734275820021	0.973674858521	19	0
-180.5	0.0888818531142	0.911634169445	1.00623461256	19	0
-198.5	0.0890470329707	0.830065930342	1.08377298415	19	0
-198.5	0.0891379741725	0.957916520844	1.05718178669	19	0
-219.5	0.0891910420198	1.05087149978	1.1069131896	19	0
-219.5	0.0887196273921	1.10905450903	1.09209535762	18	0
-219.5	0.0885287230826	1.35265700657	1.05818878576	17	1
-219.5	0.0881500278305	1.39937059302	1.04890666055	17	1
-219.5	0.0882410345256	1.33595267198	1.06231380723	18	1
-197.0	0.0881716122492	1.36398163957	1.04937785259	19	1
-150.5	0.0872060369115	1.40741769068	1.03995966457	20	1
-168.5	0.0874896016536	1.55346895168	1.08411047971	21	1
-168.5	0.0874456833034	1.65763458402	1.11814377332	22	1
-168.5	0.0874496668482	1.76733682363	1.15267819462	23	1
-197.0	0.0875740579667	1.75719766258	1.17968629891	24	1
-197.0	0.0875256982856	1.80690547813	1.17770438814	25	1
-246.5	0.0882019182369	1.86146449385	1.17019593953	26	1
-246.5	0.0882279767593	1.81082351654	1.16829893098	27	1
-278.0	0.0884392182362	1.8565126825	1.28944680682	28	1
-246.5	0.0882672073206	1.83000969495	1.30435252385	28	1
-246.5	0.0891235545536	1.9181556846	1.31090043499	28	1
-246.5	0.0891379741725	2.05751196758	1.27374743471	28	1
-246.5	0.089162057659	2.05002876277	1.34376980078	28	1
-246.5	0.0890280026437	2.11477867577	1.33424105636	28	1
-197.0	0.0885964404176	2.16439656977	1.31812904398	29	1
-197.0	0.0882410345256	2.18230733671	1.31696322681	30	1
-197.0	0.0880898673914	2.16207840543	1.33701787957	31	1
-240.5	0.0882934568046	2.41116468781	1.38657708843	32	1
-272.0	0.0884214236551	2.53583754246	1.42768682121	33	1
-272.0	0.0884793852749	2.59698886522	1.51667052118	34	1
-240.5	0.0883594187229	2.49968122945	1.62391948533	35	1
-243.5	0.0886464249985	2.54057134138	1.71496798513	35	1
-272.0	0.0886783780863	2.61334530515	1.70166693295	35	1
-272.0	0.0887518408108	2.70690793262	1.6846825185	36	1
-288.5	0.0891765383313	2.95097095758	1.69871370121	37	1
-272.0	0.0889995315884	2.88725865906	1.6463997669	38	1
-288.5	0.089288326409	2.96943394432	1.67082852043	39	1
-302.0	0.0894461656127	3.01918487229	1.74443865172	39	1
-302.0	0.0893669060438	2.96142015094	1.77199091036	39	1
-308.0	0.0897547746985	3.05489950068	1.79742364417	40	1
-308.0	0.089703468998	3.38658166116	1.86764644229	80	1
-302.0	0.0896017063228	3.40038026978	1.86100467297	80	1
-302.0	0.0895512437121	3.4491767851	1.8413190576	80	1
-302.0	0.0895261158755	3.49387743652	1.81252841195	80	1
-299.0	0.0895010565626	3.50133184833	1.84663015555	80	1
-302.0	0.0902677727859	3.50234238955	1.85847221014	80	1
-312.5	0.0906167575316	3.4909126428	1.90209833449	80	1
-321.5	0.0915409717268	3.55276395574	1.94515546426	80	1
-312.5	0.0911927477361	3.68435590338	1.93878600327	80	1
-312.5	0.0910794492616	3.75340938632	1.94911333368	80	1
-321.5	0.0926964249533	3.773289134	1.94587986605	80	1
-329.0	0.0928875925117	3.88950125786	1.90390398073	80	1
-329.0	0.0927174824563	3.87894359095	1.88474806496	80	1
-338.0	0.0928661666479	3.79836918737	1.87397618241	80	1
-348.5	0.0929737664952	3.82843739817	1.9236986442	40	1
-344.0	0.092952152046	3.79545288515	1.91066880934	40	1
-329.0	0.0923182122148	3.92470070575	1.89246582872	40	1
-321.5	0.0918765466091	4.03983899066	1.87265691247	40	1
-309.5	0.0916662285626	4.02337345483	1.78374176154	40	1
-309.5	0.091578377003	3.95437124704	1.74427107055	40	1
-309.5	0.0914789529433	3.6455549831	1.69844711292	40	1
-299.0	0.0911508486363	3.3826128566	1.65576819171	40	1
-299.0	0.0910853787177	3.36281436472	1.54503602592	40	1
-299.0	0.0911927477361	3.29696329135	1.48386475308	40	1
-299.0	0.0915658923213	3.25156988804	1.49724981455	39	1
-299.0	0.0919541807045	3.20010056967	1.50008103262	38	1
-299.0	0.0918765466091	3.1967496575	1.50443452064	37	1
-309.5	0.0919023551829	3.01600559474	1.49516215253	36	1
-299.0	0.0918379630359	2.94971636591	1.46790160063	35	1
-278.0	0.0913378204117	2.91455302628	1.45616857488	34	1
-278.0	0.0913074139836	2.89529270405	1.44244263391	33	1
-278.0	0.0910972487692	2.84116684697	1.39695201049	32	1
-248.0	0.0908337089262	2.75043567135	1.43546867188	31	1
-248.0	0.0908568393182	2.75253600878	1.48781902351	30	1
-173.0	0.0905717145756	2.63094817049	1.47763154654	30	1
-248.0	0.0906620175706	2.60302962986	1.47457431211	30	1
-152.0	0.0904212725756	2.4360223581	1.49527960694	30	1
-42.5	0.0899892412813	2.36908587805	1.46456924244	30	1
-12.5	0.0893817151	2.40982645837	1.40484244589	30	1
-12.5	0.0892639080435	2.41547609267	1.37239728149	30	1
13.0	0.0889900610109	2.23127270114	1.39402318133	30	1
13.0	0.0889381485121	2.177545316	1.36738193947	30	1
17.5	0.0888119716925	2.13028480658	1.37188251486	30	1
17.5	0.0887980598461	1.96540282112	1.43254343227	30	1
17.5	0.0888912114624	1.71893651622	1.4738356713	31	1
17.5	0.0889052671085	1.59110158795	1.48007401705	32	1
41.5	0.0884883356931	1.50262488902	1.43001811921	33	0
61.0	0.088004621346	1.33894964752	1.36674715732	34	0
41.5	0.0881975825183	1.35756360649	1.35018789687	35	0
17.5	0.0884436723909	1.14818831187	1.30680882328	36	0
17.5	0.0883285761184	1.01226130457	1.31011809948	37	0
37.0	0.0881371021555	0.858865161571	1.30456013232	38	0
47.5	0.0879623021182	0.716657199342	1.30533061377	39	0
47.5	0.0878573762071	0.740655605131	1.2344242694	39	0
47.5	0.0877784530477	0.689754189513	1.13366936363	38	0
61.0	0.0874417015591	0.654968840197	1.12066770139	37	0
61.0	0	0.518994974057	1.09970812518	36	0
47.5	0	0.278026356221	1.03820469543	35	0
47.5	0	0.248698230834	1.11089067805	34	0
47.5	0	0.250275665699	1.15001512996	33	0
47.5	0	0.387403465211	1.18101163567	33	0
47.5	0	0.454284527609	1.21050629948	34	0
47.5	0	0.329626218549	1.22247815279	35	0
37.0	0	0.171074280418	1.29211562239	36	0
47.5	0	0.0971606247071	1.2852212408	36	0
47.5	0	0.0688717950842	1.28059693404	36	0
47.5	0	0.0633890063193	1.26528118462	36	0
74.5	0	0.09973312852	1.25352679161	36	0
130.0	0	0.130477367683	1.26975749311	36	0
130.0	0	0.0659714370702	1.24482943774	36	0
181.0	0	0.0193011902027	1.22028092272	36	0
194.5	0	0.031932354822	1.21555319997	36	0
130.0	0	0.0345903386011	1.21050560629	36	0
194.5	0	0.0773536415532	1.14046296224	36	0
194.5	0	0.0139806456559	1.09612510899	35	0
220.0	0	0.0338460594104	1.06421554874	34	0
220.0	0	0.0616158732026	1.06199311781	33	0
220.0	0	0.0107426496084	1.05866894996	32	0
220.0	0	0.164203087386	1.08425150903	31	0
233.5	0	0.260878691734	1.04232739519	30	0
226.0	0	0.172901914773	0.981492312676	29	0
226.0	0	0.226627556703	1.0043669215	28	0
226.0	0	0.227481797273	1.02242959296	27	0
226.0	0	0.183410265626	0.965380045739	26	0
226.0	0	0.0678009823454	0.904715391433	25	0
233.5	0	0.0610354665358	0.906471798762	24	0
233.5	0	0.098841000491	0.93849651986	23	0
226.0	0	0.0674716790155	0.90227091232	23	0
226.0	0	0.154610456636	0.827941503046	23	0
226.0	0	0.0234158891107	0.805865893109	23	0
226.0	0	0.120481284097	0.768018220082	23	0
226.0	0	0.150170813939	0.722656225475	23	0
220.0	0	0.024583652151	0.694617064825	23	0
226.0	0	0.0430144451217	0.705366588161	23	0
233.5	0	0.0467228181716	0.721193351966	23	0
226.0	0	0.0587573549038	0.695984160523	23	0
220.0	0	0.0079405574845	0.765936765834	23	0
220.0	0	0.0278198825394	0.82947473229	22	0
233.5	0	0.0488481121968	0.812122519434	21	0
220.0	0	0.151278688147	0.77580216382	20	0
209.5	0	0.0376017297116	0.785861087242	19	0
184.0	0	0.00106085496673	0.74126000327	18	0
184.0	0	0.106066144406	0.750159732636	17	0
209.5	0	0.271226820568	0.680301971908	16	0
184.0	0	0.32251350133	0.607339549355	15	0
184.0	0	0.362769700932	0.61443175861	14	0
209.5	0	0.367229141567	0.570263027936	13	0
208.0	0	0.547406451559	0.554717025988	12	0
184.0	0	0.535912655179	0.536039079675	11	0
155.5	0	0.345480237225	0.523859967467	11	0
155.5	0	0.226981142995	0.535459140812	11	0
155.5	0	0.320328871113	0.48255763406	11	0
184.0	0	0.206231350189	0.4592688339	11	0
155.5	0	0.216721747712	0.437971549076	11	0
155.5	0	0.148467638334	0.429082209189	11	0
146.5	0	0.276779002311	0.462465678254	11	0
80.5	0	0.417088542321	0.424084854369	11	0
-3.5	0	0.459786711908	0.394060807632	11	0
-11.0	0	0.522296660836	0.365511534586	11	0
-51.5	0	0.542516733051	0.377509183087	11	0
-114.5	0	0.614358153184	0.430415332275	11	0
-51.5	0	0.624702641883	0.381396893671	10	0
-11.0	0	0.620392570235	0.323187543144	9	0
-11.0	0	0.582040112691	0.366697331159	9	0
5.5	0	0.452205703835	0.38173822459	9	0
5.5	0	0.510826396234	0.407538962257	9	0
5.5	0	0.566546804147	0.296109771498	9	0
-11.0	0	0.634824381875	0.304013928927	9	0
5.5	0	0.616021615391	0.405265903796	9	0
5.5	0	0.576812518701	0.473158878832	9	0
5.5	0	0.533203972936	0.492303494336	9	0
5.5	0	0.540428138619	0.506907919367	9	0
16.0	0	0.736214687232	0.496717627733	9	0
16.0	0	0.706553250566	0.542809508419	9	0
5.5	0	0.715496189403	0.585787090707	9	0
5.5	0	0.599386067193	0.65113924133	9	0
16.0	0	0.565168362135	0.614106281592	8	0
29.5	0	0.725762290102	0.607523544447	9	0
29.5	0	0.735367978132	0.591745177333	10	0
77.5	0	0.947842007984	0.629528094587	11	0
77.5	0	0.886631338058	0.666556440869	12	0
29.5	0	0.930619270206	0.677660024245	12	0
77.5	0	0.947482964668	0.680258376997	13	0
77.5	0	0.962606789192	0.723818718387	14	0
128.5	0	1.02620232718	0.784586578744	15	0
128.5	0	1.02887286612	0.795465236988	16	0
77.5	0	1.09515038873	0.902336043123	17	0
29.5	0	1.18134500556	0.981900447704	18	0
77.5	0	1.24755689682	0.996200375849	19	0
73.0	0	1.33115584005	0.965943646868	19	0
29.5	0	1.36636364975	1.00893698243	19	0
8.5	0	1.16406259091	1.11120345781	19	0
8.5	0	1.28081809561	1.12342444457	19	0
14.5	0	1.27776426793	1.16388568724	20	0
4.0	0	1.32370876402	1.24463121422	21	0
4.0	0	1.23993899917	1.25052684945	22	0
14.5	0	1.17562204667	1.26556934821	23	0
22.0	0	1.12761598061	1.24672828459	23	0
32.5	0	1.20511095531	1.25189179867	23	0
73.0	0	1.20542594212	1.2251392041	23	0
73.0	0	1.08899653282	1.17522781153	23	0
32.5	0	1.1187360448	1.23007868239	23	0
32.5	0	1.05481400466	1.27606280113	23	0
73.0	0	0.973141575282	1.26739662323	23	0
32.5	0	1.12046849878	1.28815348476	23	0
65.5	0	1.14667978986	1.28295373286	23	0
65.5	0	1.06997956817	1.45150360494	23	0
110.5	0	0.989768824597	1.49851701881	24	0
110.5	0	0.975329384512	1.44549373503	25	0
110.5	0	1.0116714404	1.44407301265	26	0
128.5	0	1.05071807284	1.46389096001	27	0
142.0	0	1.02605683524	1.52418644788	28	0
128.5	0	1.08981075554	1.56067443239	29	0
110.5	0	1.15282512506	1.5862976688	29	0
110.5	0	1.18377699753	1.58424603921	28	0
110.5	0	1.39432530636	1.55996602358	27	0
70.0	0	1.42649326139	1.54186618014	26	0
29.5	0	1.44553902739	1.49032184071	25	0
17.5	0	1.54714890539	1.47704046464	24	0
4.0	0	1.54299397996	1.42932613228	23	0
4.0	0	1.56079880477	1.34588892533	22	0
4.0	0	1.55587534285	1.33707384836	21	0
-66.5	0	1.54781129327	1.33479489445	21	0
-86.0	0	1.48487349926	1.38577720945	21	0
-86.0	0	1.42618569304	1.41171516077	21	0
-132.5	0	1.44692513358	1.40492320507	21	0
-86.0	0	1.41203543755	1.35114126495	22	0
-21.5	0	1.42057160978	1.24732375571	23	0
-87.5	0	1.36596511351	1.23973907825	24	0
-87.5	0	1.39356751309	1.29698057159	25	0
-87.5	0	1.38434199805	1.29930993187	26	0
-87.5	0	1.45856514032	1.20517908615	27	0
-146.0	0	1.46410057443	1.18562160884	28	0
-146.0	0	1.42344414675	1.15902279436	29	0
-87.5	0	1.39517780104	1.11811823559	30	0
-24.5	0	1.37977125704	1.05979634732	31	0
-24.5	0	1.22985824191	1.06751661014	32	0
-87.5	0	1.14396498279	1.1907030936	33	0
-87.5	0	1.04049790436	1.19352797072	34	0
-146.0	0	0.789282880676	1.2715992544	35	0
-146.0	0	0.860964386813	1.27545445447	35	0
-189.5	0	0.731841470613	1.24795733853	35	0
-222.5	0	0.808499172809	1.13807766687	34	0
-222.5	0	0.85425643846	1.12402989561	33	0
-222.5	0	0.772082064367	1.06948566983	32	0
-246.5	0	0.756564630008	1.06558760761	31	0
-222.5	0	0.772207495787	0.985639760638	30	0
-222.5	0	0.776592235685	0.983370754486	29	0
-222.5	0	0.789769451173	1.02358189181	28	0
-209.0	0	0.540007247253	1.00854973591	29	0
-209.0	0	0.493374197231	0.998865636907	30	0
-222.5	0	0.546168400043	0.99736663106	31	0
-245.0	0	0.48011155952	0.982318388677	32	0
-209.0	0	0.471703105864	0.926072168412	33	0
-245.0	0	0.448445860138	0.805868253504	33	0
-209.0	0	0.334627786138	0.795472809773	33	0
-177.5	0	0.272389030646	0.813962333706	33	0
-141.5	0	0.149320778825	0.861877181106	33	0
-83.0	0	0.0821145800547	0.838995820095	33	0
-83.0	0	0.0327203214506	0.898383303152	32	0
-24.5	0	0.00461187612102	0.95204744103	31	0
-0.5	0	0.0611952338642	1.02251201631	30	0
8.5	0	0.0413761466622	1.00360463097	29	0
8.5	0	0.0620536236862	0.94029673836	28	0
8.5	0	0.0876750297582	0.911248116677	27	0
11.5	0	0.0119411226274	0.889430198255	26	0
11.5	0	0.0105865217721	0.915914239726	25	0
11.5	0	0.0926971679465	0.980912193121	24	0
11.5	0	0.106481390515	0.993056361003	23	0
11.5	0	0.0414553156173	0.931762563936	22	0
34.0	0	0.0417485523459	0.832685491485	21	0
34.0	0	0.14184099828	0.782548296809	20	0
68.5	0	0.155394055658	0.723377272722	19	0
68.5	0	0.19329318242	0.706705036016	18	0
32.5	0	0.199549166412	0.689733269236	17	0
32.5	0	0.176163030061	0.715301628435	16	0
10.0	0	0.351478621413	0.681179795226	16	0
10.0	0	0.488319617683	0.669669269296	16	0
10.0	0	0.583928224772	0.660532603175	16	0
32.5	0	0.698896695043	0.605772830267	16	0
68.5	0	0.478111194428	0.616669124916	16	0
73.0	0	0.558740879043	0.617424975586	16	0
73.0	0	0.529782641849	0.738816416682	16	0
73.0	0	0.736778545731	0.838053288299	16	0
82.0	0	0.871661256873	0.831507711141	15	0
95.5	0	0.933656251087	0.795282700248	14	0
95.5	0	1.04925308073	0.76604901401	13	0
95.5	0	1.28885884082	0.768727356078	12	0
95.5	0	1.34336439734	0.732799922266	12	0
95.5	0	1.50685362568	0.721285405169	13	0
145.0	0	1.65175753806	0.667976370486	14	0
197.5	0	1.64907648457	0.599515878695	15	0
197.5	0	1.71949885595	0.572775488144	16	0
197.5	0	1.6909436444	0.587082497597	17	0
197.5	0	1.70429535956	0.700496495524	18	0
197.5	0	1.8682950381	0.67162425965	19	0
145.0	0	2.08227724963	0.682250393877	20	0
131.5	0	2.1771431189	0.64609000991	21	0
82.0	0	2.05260281836	0.641041418297	21	0
131.5	0	2.31519049956	0.530575639308	21	0
82.0	0	2.39763526677	0.453110196258	21	0
73.0	0	2.33131688204	0.375986985135	21	0
73.0	0	2.37877878179	0.377016121299	21	0
73.0	0	2.44766188183	0.315062408205	21	0
37.0	0	2.43301069971	0.242908310344	21	0
37.0	0	2.4510806091	0.271439522385	21	0
70.0	0	2.473879393	0.215959596262	21	0
13.0	0	2.484919008	0.163607988049	21	0
70.0	0	2.49042246484	0.125474420943	21	0
13.0	0	2.46076184013	0.171669502636	20	0
13.0	0	2.48814001531	0.182022944246	20	0
70.0	0	2.31272797429	0.249609860543	20	0
13.0	0	2.30661501652	0.316352729879	20	0
13.0	0	2.35421404072	0.305370835511	21	0
70.0	0	2.33794650988	0.333463703638	22	0
70.0	0	2.35113650387	0.327359636857	23	0
70.0	0	2.31868901922	0.318033979274	23	0
70.0	0	2.17796674488	0.222112929858	23	0
49.0	0	2.30416508469	0.20696434031	23	0
49.0	0	2.44319897615	0.210307811103	23	0
20.5	0	2.61911907364	0.266692171561	23	0
-29.0	0	2.70408886772	0.231577018156	23	0
20.5	0	2.72180975321	0.176229306198	23	0
55.0	0	2.57737989837	0.0642099688909	22	0
55.0	0	2.55966869651	0.062074383776	21	0
55.0	0	2.53130736671	0.0500151298915	20	0
20.5	0	2.43121289215	0.118893338368	19	0
-29.0	0	2.18633903818	0.158193423732	18	0
-29.0	0	2.19982872421	0.194551494823	17	0
-29.0	0	2.23265593707	0.22932568323	16	0
-29.0	0	2.16752568722	0.243577536186	15	0
-29.0	0	2.14247880087	0.288291837568	14	0
-29.0	0	2.12846479622	0.325619907067	13	0
-68.0	0	2.18222790566	0.342436753912	13	0
-125.0	0	2.10826027117	0.326838295982	13	0
-125.0	0	1.91147648683	0.332461254051	13	0
-32.0	0	1.67941922198	0.321977451417	13	0
20.5	0	1.61223335048	0.351861449767	13	0
55.0	0	1.67727376305	0.378280645863	13	0
20.5	0	1.46381328952	0.42947213534	12	0
55.0	0	1.3542216586	0.463940104046	12	0
55.0	0	1.34050887865	0.461276367384	13	0
55.0	0	1.19400662347	0.453757503079	14	0
77.5	0	1.13365644434	0.488140063251	15	0
91.0	0	1.14036047009	0.520506317075	16	0
91.0	0	1.14477114983	0.5020634513	16	0
91.0	0	1.12731805111	0.497454888704	16	0
131.5	0	1.17183963159	0.500214261358	16	0
131.5	0	1.16242260545	0.522266911992	15	0
200.5	0	1.10855822537	0.54925670616	14	0
200.5	0	0.960221167221	0.606633486324	13	0
131.5	0	1.14105486223	0.558931741425	12	0
131.5	0	1.17596522675	0.57671690771	12	0
131.5	0	1.09255662905	0.51382627166	12	0
91.0	0	1.09853669167	0.432160476997	12	0
91.0	0	1.16603728037	0.334669810408	12	0
91.0	0	1.13306072126	0.424158059288	12	0
91.0	0	1.18387017961	0.497058056845	12	0
131.5	0	0.991461990657	0.528625720649	12	0
91.0	0	1.1564180425	0.575504080752	12	0
131.5	0	1.11707858346	0.548624537301	13	0
178.0	0	0.936204482163	0.581431621082	14	0
178.0	0	0.950177122605	0.674717202641	15	0
131.5	0	0.912449639741	0.714211896408	16	0
65.5	0	0.875676945401	0.770027876316	17	0
10.0	0	0.878293787554	0.785669547443	18	0
65.5	0	0.896431571562	0.791408518457	19	0
131.5	0	0.898993281101	0.771193835979	20	0
65.5	0	0.83573823205	0.737902601578	21	0
65.5	0	0.859216442521	0.701508439031	22	0
94.0	0	0.637869718803	0.741423207042	23	0
94.0	0	0.606607769558	0.733445444745	24	0
178.0	0	0.584059099927	0.729426911401	25	0
178.0	0	0.700332046596	0.733985685486	26	0
178.0	0	0.672663782623	0.773988482711	27	0
94.0	0	0.725561966099	0.805245514331	28	0
94.0	0	0.770214269709	0.760238805783	28	0
10.0	0	0.852668901901	0.737192991632	27	0
10.0	0	0.742991547488	0.7826210891	26	0
80.5	0	0.628795854562	0.834963031382	25	0
80.5	0	0.559700123716	0.864574207969	24	0
136.0	0	0.512017665113	0.928246907129	24	0
136.0	0	0.597059927148	0.985988237544	25	0
136.0	0	0.661705889775	0.992783299337	25	0
80.5	0	0.841085569526	0.958078413116	25	0
10.0	0	1.00257843062	0.860521936305	25	0
-17.0	0	0.837289829403	0.897869509561	25	0
-69.5	0	0.67371140287	0.929530368312	25	0
-119.0	0	0.751161638287	0.875865447862	26	0
-119.0	0	0.786261161595	0.838605815346	27	0
-125.0	0	0.880842281691	0.755524077492	28	0
-134.0	0	0.886547042204	0.749052295844	29	0
-131.0	0	0.820867617162	0.653064518741	30	0
-131.0	0	0.798287288934	0.79950762089	30	0
-125.0	0	0.638088242657	0.852725647913	30	0
-125.0	0	0.579088451729	0.950216314502	30	0
-131.0	0	0.726642905546	0.949567224694	29	0
-131.0	0	0.721228115514	0.89980112729	28	0
-140.0	0	0.679724101528	0.882778868521	27	0
-131.0	0	0.547519238573	0.803803693733	26	0
-131.0	0	0.553226265428	0.784464982029	25	0
-140.0	0	0.710896965889	0.739206186602	24	0
-132.5	0	0.662200906093	0.637405009862	23	0
-132.5	0	0.712782629641	0.647611237274	22	0
-126.5	0	0.718530749101	0.62130522164	21	0
-126.5	0	0.789178817002	0.656828849137	20	0
-126.5	0	0.749569566947	0.632743500474	19	0
-126.5	0	0.777934639447	0.617642336542	18	0
-126.5	0	0.785423244747	0.704756223609	17	0
-119.0	0	0.734206977984	0.730655380992	18	0
-119.0	0	0.861817802555	0.750737129971	19	0
-119.0	0	0.88708803829	0.727137604177	19	0
-119.0	0	0.892867158497	0.713434330522	19	0
-119.0	0	0.780283247739	0.692361213819	19	0
-105.5	0	0.721823958131	0.670657972886	19	0
-83.0	0	0.692078823511	0.663429147983	19	0
-83.0	0	0.711448353128	0.720522487238	19	0
-83.0	0	0.522475018943	0.757685699803	19	0
-83.0	0	0.66943799683	0.750904273526	19	0
-83.0	0	0.790614407666	0.697482413529	19	0
-83.0	0	0.860663647583	0.691669822814	19	0
-83.0	0	0.812890910681	0.659283351293	19	0
-83.0	0	0.884791996567	0.625743087623	19	0
-83.0	0	0.878480834326	0.628492979466	18	0
-83.0	0	0.839783343868	0.664274055136	17	0
-17.0	0	0.708886758024	0.722889945232	17	0
47.5	0	0.7207855667	0.733747233993	17	0
77.5	0	0.724768156257	0.746368999861	17	0
98.5	0	0.595376699113	0.807009996632	17	0
103.0	0	0.621232300999	0.850935046659	17	0
113.5	0	0.540288271738	0.912610989201	17	0
127.0	0	0.488044675456	0.958018770789	17	0
127.0	0	0.53446488157	0.993446329208	17	0
131.5	0	0.500352731843	0.880917216758	17	0
131.5	0	0.679665863322	0.873021885585	17	0
131.5	0	0.697446306572	0.839852617038	17	0
131.5	0	0.600637136663	0.818368174252	17	0
133.0	0	0.607257144808	0.804010029683	17	0
