orf_length_med	shannon_slope	at_skew	gc_skew	max_direction	status
323.5	0	0.7501397796	1.58528342101	39	0
323.5	0	0.628368771598	1.60472517567	39	0
323.5	0	0.631423539998	1.63037545245	39	0
323.5	0	0.531043766372	1.61569401043	39	0
323.5	0	0.411337641465	1.60047298577	39	0
323.5	0	0.48608995886	1.51930231653	39	0
278.5	0	0.526854056838	1.50138237087	39	0
275.5	0	0.53131798031	1.46755678379	39	0
275.5	0	0.447413550457	1.38156618843	39	0
275.5	0	0.375619940667	1.32247989182	39	0
269.5	0	0.475762107333	1.33741230876	39	0
260.5	0	0.545057324587	1.2899578555	39	0
260.5	0	0.536235568992	1.2624296054	39	0
238.0	0	0.557749059986	1.22145867979	39	0
194.5	0	0.689477016223	1.23797159415	39	0
130.0	0	0.741946255723	1.26260172651	39	0
52.0	0	0.903295753505	1.22175431619	39	0
41.5	0	0.944659822816	1.21535285184	39	0
41.5	0	1.1088364031	1.24325881036	39	0
-23.0	0	1.11892964879	1.19308369053	39	0
-23.0	0	1.13493764198	1.076057059	39	0
-63.5	0	1.1512893096	1.02834612697	39	0
-102.5	0	1.21602950088	0.955907218133	39	0
-116.0	0	1.27277454362	0.947712850417	39	0
-117.5	0	1.27357469532	0.974613373932	39	0
-125.0	0	1.26504933259	0.944182917467	39	0
-159.5	0	1.30394714216	0.933920628936	39	0
-125.0	0	1.32168209877	0.911887079674	39	0
-125.0	0	1.33428225353	0.965228648647	40	0
-165.5	0	1.4213362253	1.01601612683	80	0
-203.0	0	1.54296357375	0.988937468169	80	0
-227.0	0	1.60415150341	0.986694920793	80	0
-275.0	0	1.59204160657	0.992337692505	80	0
-303.5	0	1.55695602885	0.982170026821	80	0
-303.5	0	1.61925265318	1.00050093469	80	0
-317.0	0	1.68260152871	0.907233895917	80	0
-335.0	0	1.59766970274	1.00530894327	80	0
-342.5	0	1.47085693529	1.03152427305	80	0
-350.0	0	1.52811338787	0.997042692912	80	0
-350.0	0	1.55545338783	0.998688559261	80	0
-350.0	0	1.5423982453	0.920943090201	80	0
-350.0	0	1.46293060086	0.921599417273	80	0
-357.5	0	1.45121716131	0.882916083992	40	0
-357.5	0	1.51052139549	0.800283675449	40	0
-357.5	0	1.61598213601	0.789420621563	39	0
-350.0	0	1.49123293507	0.845683360616	38	0
-350.0	0	1.43964955184	0.84091795422	38	0
-357.5	0	1.44823555267	0.889956063519	38	0
-357.5	0	1.3953973109	0.941601489389	38	0
-357.5	0	1.3599243961	0.99056693672	38	0
-350.0	0	1.19868159743	0.999607511403	38	0
-350.0	0	1.20382487485	1.05950497831	38	0
-350.0	0	1.1980130135	1.04139733214	38	0
-350.0	0	1.17829990576	1.02793115291	38	0
-357.5	0	1.1893933048	1.02523943547	38	0
-357.5	0	1.11481392736	1.03087744932	38	0
-350.0	0	1.02764754801	1.05565871681	38	0
-350.0	0	1.02454932123	1.03741940805	38	0
-329.0	0	0.938130410777	0.993333702245	38	0
-329.0	0	0.896937219965	1.02137690713	38	0
-329.0	0	0.805907571683	1.04125294114	38	0
-311.0	0	0.7614860941	0.982701016723	37	0
-311.0	0	0.678380374119	0.965334125673	36	0
-311.0	0	0.665173034332	1.00189821704	35	0
-335.0	0	0.655476635566	1.02840885474	34	0
-311.0	0	0.683831026647	1.06479137172	33	0
-330.5	0	0.635828287216	1.06967164078	32	0
-330.5	0	0.713047557761	1.0386407262	31	0
-330.5	0	0.661649757046	0.988999776154	30	0
-311.0	0	0.570947728086	0.964493928171	29	0
-303.5	0	0.448296962749	0.897156798847	28	0
-299.0	0	0.466464664725	0.884161419948	27	0
-260.0	0	0.439727773645	0.919089159652	26	0
-168.5	0	0.550682123129	0.9618639858	25	0
-168.5	0	0.471522586371	0.940970116712	24	0
-153.5	0	0.421185754585	0.964811899519	23	0
-108.5	0	0.487577893474	0.790224880032	22	0
-62.0	0	0.719606346676	0.753009550319	22	0
-62.0	0	0.705551077473	0.76237155135	22	0
-50.0	0	0.706277923551	0.730946580143	22	0
-50.0	0	0.522733590292	0.728826360137	22	0
-50.0	0	0.694978868572	0.670707267998	22	0
2.5	0	0.710659763453	0.757121971022	22	0
-50.0	0	0.763249992873	0.804305665311	22	0
-80.0	0	0.765744207927	0.841042886775	21	0
-80.0	0	0.821312571958	0.802976382736	20	0
-89.0	0	0.791893953625	0.814442450684	19	0
-80.0	0	0.636814029239	0.809839111215	18	0
-80.0	0	0.74653293644	0.809839111215	17	0
-80.0	0	0.715066320305	0.776481364875	16	0
-89.0	0	0.648816489794	0.779145905666	15	0
-89.0	0	0.641032365007	0.767216171343	15	0
-80.0	0	0.630692261436	0.767662593345	15	0
-80.0	0	0.66475026714	0.751580935738	15	0
-69.5	0	0.580209071217	0.746382583521	15	0
-42.5	0	0.517059975835	0.737030361299	15	0
2.5	0	0.501205362191	0.733593658959	16	0
2.5	0	0.580497608335	0.765034091781	17	0
2.5	0	0.63351020915	0.736503626492	17	0
2.5	0	0.713875909544	0.664853221808	17	0
79.0	0	0.782501571209	0.691813260417	17	0
133.0	0	0.864559585975	0.748167207978	17	0
53.5	0	0.94078580639	0.778054019859	17	0
133.0	0	1.00571930848	0.775837713872	17	0
133.0	0	1.1215037368	0.730081760653	17	0
152.5	0	1.21262326582	0.683807923335	18	0
152.5	0	1.276772967	0.630116506558	18	0
152.5	0	1.24313968613	0.63864599172	18	0
152.5	0	1.21692218673	0.667877237984	18	0
212.5	0	1.1715899294	0.669971915397	18	0
212.5	0	1.23313981415	0.723295566623	18	0
212.5	0	1.03504505581	0.710342795523	18	0
212.5	0	1.0700964679	0.734144892689	18	0
152.5	0	0.985470452131	0.688655359705	18	0
152.5	0	1.00929856238	0.726374224863	19	0
152.5	0	0.959246158462	0.745049528444	20	0
128.5	0	0.981354629629	0.817371945586	21	0
128.5	0	0.861996687213	0.789906156301	22	0
152.5	0	0.820482644572	0.793571070751	23	0
212.5	0	0.793714716417	0.806517451573	24	0
212.5	0	0.920573119542	0.799595138796	25	0
266.5	0	0.895657333751	0.858212978314	26	0
266.5	0	0.881930124135	0.818947300749	27	0
266.5	0	0.7972217838	0.79735134961	28	0
266.5	0	0.804565779637	0.726380945575	29	0
266.5	0	0.670058267109	0.725874075275	29	0
266.5	0	0.765996353082	0.733953782811	28	0
278.5	0	0.880963678384	0.693153814313	27	0
278.5	0	0.658308761922	0.650818613909	26	0
196.0	0	0.547190434012	0.620693801714	25	0
196.0	0	0.626411174176	0.620011305301	24	0
196.0	0	0.595040391529	0.62040750649	23	0
218.5	0	0.574676775548	0.587518752207	23	0
218.5	0	0.5284652517	0.654213090243	23	0
218.5	0	0.533235608806	0.62305326505	23	0
218.5	0	0.506847941402	0.551921893629	23	0
128.5	0	0.462395100268	0.55357545026	23	0
128.5	0	0.266289983601	0.592918076907	23	0
128.5	0	0.237734694233	0.609204448938	23	0
139.0	0	0.188488628167	0.650921411802	23	0
121.0	0	0.290902575739	0.67819395434	23	0
121.0	0	0.173816171161	0.671546380816	23	0
139.0	0	0.0521851927693	0.654434103346	23	0
121.0	0	0.00557189355565	0.611993918366	23	0
121.0	0	0.112889797226	0.644525062499	23	0
121.0	0	0.21457111417	0.67577072969	23	0
121.0	0	0.302673697447	0.699487759298	24	0
121.0	0	0.299100758536	0.762453354308	25	0
121.0	0	0.222673764694	0.746605845119	25	0
121.0	0	0.26309878534	0.735897363131	25	0
79.0	0	0.447000379751	0.772309132602	25	0
31.0	0	0.280027875574	0.766950402061	25	0
31.0	0	0.290042564742	0.73181732434	25	0
31.0	0	0.221004336777	0.790717805089	25	0
61.0	0	0.256743971372	0.765853675414	25	0
61.0	0	0.165132373518	0.753149282115	25	0
61.0	0	0.0938422222337	0.706698779971	25	0
31.0	0	0.0589074323498	0.719345607881	25	0
31.0	0	0.017226415861	0.713837043844	25	0
11.5	0	0.117711276231	0.680941720405	26	0
11.5	0	0.000754897020257	0.689338035654	27	0
11.5	0	0.121678934109	0.696068918421	28	0
11.5	0	0.233527415462	0.70351310094	29	0
11.5	0	0.399669592927	0.694200582315	30	0
31.0	0	0.484190728454	0.729388588336	31	0
31.0	0	0.432298019818	0.811281846758	32	0
61.0	0	0.499156415764	0.748048137033	31	0
61.0	0	0.464503691421	0.765629150642	30	0
83.5	0	0.351680666547	0.7838139828	29	0
83.5	0	0.180523186478	0.820224402449	29	0
83.5	0	0.12687784959	0.826143746339	30	0
86.5	0	0.235018132475	0.830621600871	31	0
86.5	0	0.24073785416	0.886749448306	32	0
86.5	0	0.247564048528	0.846135021405	33	0
83.5	0	0.242277460393	0.870755913012	34	0
53.5	0	0.257147756429	0.936839714532	35	0
83.5	0	0.161558232291	0.920234809393	36	0
86.5	0	0.00364922392532	0.8678250681	37	0
86.5	0	0.0391834715047	0.925186905468	38	0
86.5	0	0.0396385788958	0.914486464699	39	0
86.5	0	0.0470913572225	0.829924651057	39	0
83.5	0	0.135000172763	0.795393409644	39	0
83.5	0	0.211951577077	0.791346747276	39	0
86.5	0	0.179696289032	0.793662507532	39	0
86.5	0	0.395231726508	0.714568091856	38	0
83.5	0	0.440986427414	0.652864168885	37	0
86.5	0	0.481739734357	0.614229857006	36	0
88.0	0	0.480607038204	0.604742297122	35	0
88.0	0	0.329727669534	0.609631464087	34	0
86.5	0	0.445735990404	0.653441114227	33	0
86.5	0	0.601099695442	0.670207598374	32	0
88.0	0	0.403968069379	0.700429532172	31	0
92.5	0	0.254571543923	0.709840532239	30	0
92.5	0	0.187581184881	0.706064871374	29	0
97.0	0	0.2196509899	0.721454293304	28	0
97.0	0	0.141971380744	0.723315334964	27	0
97.0	0	0.119345440247	0.771371111814	27	0
110.5	0	0.11654985286	0.754746061899	28	0
110.5	0	0.0787809527453	0.711582042156	28	0
127.0	0	0.0640265626595	0.70557507005	28	0
127.0	0	0.12582098308	0.693132533955	28	0
130.0	0	0.227818978836	0.65225767523	28	0
137.5	0	0.251711341147	0.628435012056	28	0
158.5	0	0.448999468666	0.634657161409	28	0
163.0	0	0.55280612242	0.612009293637	28	0
137.5	0	0.640310094218	0.610992483124	28	0
137.5	0	0.57325049342	0.692350484387	28	0
130.0	0	0.566880789911	0.720042525525	27	0
130.0	0	0.526840344769	0.764385899272	26	0
155.5	0	0.467492716509	0.786195434672	25	0
155.5	0	0.494535719204	0.816557857646	24	0
155.5	0	0.523767598219	0.832841113882	24	0
139.0	0	0.524505929524	0.837859096153	24	0
139.0	0	0.531523872522	0.927781122278	25	0
139.0	0	0.452774003959	0.971122677287	26	0
182.5	0	0.561912481992	0.964971908937	27	0
139.0	0	0.555942170164	1.02655940045	28	0
98.5	0	0.570792701465	1.00943983	29	0
101.5	0	0.651999162521	0.980620437731	30	0
101.5	0	0.575774628308	1.00848961672	31	0
101.5	0	0.359650127434	1.0820208937	32	0
142.0	0	0.174438870129	1.0652426445	32	0
142.0	0	0.0428910272342	1.09132421904	32	0
142.0	0	0.0724760540152	1.10856051272	32	0
142.0	0	0.280573820518	1.15058575037	32	0
182.5	0	0.433390502795	1.16612322127	32	0
142.0	0	0.413763871436	1.15981526015	32	0
101.5	0	0.375320576167	1.1222721321	31	0
128.5	0	0.329392895258	1.13475902733	30	0
128.5	0	0.32975487721	1.13267796367	29	0
128.5	0	0.354702798421	1.13640246853	28	0
128.5	0	0.181246924696	1.13707762986	27	0
101.5	0	0.0587941058471	1.13577509764	27	0
128.5	0	0.0973471791523	1.10126533802	28	0
128.5	0	0.10041300612	1.09285753895	29	0
128.5	0	0.0737140319902	1.10386725085	30	0
157.0	0	0.0219978856657	1.09426858482	31	0
128.5	0	0.121354241334	1.07652358018	32	0
128.5	0	0.0978771071577	1.12578505192	33	0
101.5	0	0.0628774132768	1.17896695992	34	0
101.5	0	0.0819080762027	1.18244071218	34	0
50.5	0	0.222881681362	1.24129304042	34	0
-2.0	0	0.424086422862	1.28030624772	34	0
-2.0	0	0.400099234321	1.2379931292	33	0
-15.5	0	0.38351839243	1.25911843902	32	0
-5.0	0	0.380268370892	1.20664343345	31	0
-5.0	0	0.471679479033	1.17338962752	30	0
-15.5	0	0.472415046494	1.13712058384	29	0
-15.5	0	0.354584766465	1.11156089946	28	0
-27.5	0	0.475793465132	1.07783700598	27	0
-15.5	0	0.427950514131	1.0464926741	26	0
-2.0	0	0.494424133141	1.0374412844	25	0
-2.0	0	0.504608652046	1.01211921093	24	0
-2.0	0	0.516639683463	0.941744978525	25	0
-0.5	0	0.622636275934	0.884908922654	26	0
-15.5	0	0.633587408078	0.919168040989	27	0
-17.0	0	0.606414854456	0.886061120524	28	0
-24.5	0	0.620901733276	0.925845411434	29	0
-33.5	0	0.551472755826	0.911150176166	30	0
-44.0	0	0.56870913425	0.889531722053	31	0
-45.5	0	0.579146913924	0.867948627117	32	0
-54.5	0	0.598224022213	0.910017856691	33	0
-54.5	0	0.73005134738	0.915153992653	34	0
-62.0	0	0.812113686236	0.935812453045	35	0
-54.5	0	0.799543743064	0.947679302587	36	0
-54.5	0	0.932908855138	0.972718729365	37	0
-54.5	0	0.908642492924	1.01844849822	38	0
-54.5	0	0.880856504906	1.01351210815	38	0
-54.5	0	0.813401214268	0.984426993153	37	0
-45.5	0	0.631872266732	0.915160270425	36	0
-29.0	0	0.68838227907	0.857341602599	35	0
-29.0	0	0.690497662536	0.794756193525	34	0
-12.5	0	0.609867846616	0.764251963557	33	0
-12.5	0	0.47134239165	0.74166597458	32	0
-29.0	0	0.475975881274	0.740753974028	31	0
-45.5	0	0.565557732906	0.720654816059	30	0
-71.0	0	0.610796987866	0.695306087429	29	0
-71.0	0	0.523815042831	0.715818024082	28	0
-71.0	0	0.563633919622	0.720384815298	29	0
-71.0	0	0.68144881515	0.728146807215	30	0
-71.0	0	0.627689787752	0.723563612657	31	0
-71.0	0	0.423043899309	0.691233557471	32	0
-71.0	0	0.328627894102	0.641172997171	32	0
-89.0	0	0.406938513978	0.659020692286	32	0
-71.0	0	0.384368679037	0.61309611747	32	0
-71.0	0	0.337962533453	0.619885519765	31	0
-45.5	0	0.409110048197	0.603310404868	30	0
-29.0	0	0.494228127651	0.588555621708	29	0
-15.5	0	0.593917478032	0.536063977397	28	0
-3.5	0	0.503469280034	0.527933240707	27	0
-3.5	0	0.504153141283	0.494901261591	26	0
-15.5	0	0.497103580164	0.403905376338	25	0
-3.5	0	0.511865399155	0.37846112588	24	0
7.0	0	0.471470050386	0.363313980228	23	0
-0.5	0	0.521110294925	0.425870075293	22	0
-0.5	0	0.361720616652	0.36924213702	21	0
-0.5	0	0.480555945456	0.388297190903	20	0
-0.5	0	0.401650255235	0.426003428378	19	0
-0.5	0	0.333981859951	0.47020586597	18	0
25.0	0	0.312225281195	0.497067591436	17	0
44.5	0	0.315312711275	0.510864183128	17	0
67.0	0	0.470821885227	0.510298755528	17	0
44.5	0	0.46017990589	0.512761477879	17	0
44.5	0	0.552495234766	0.508025546247	17	0
25.0	0	0.555870543954	0.51968943381	17	0
-0.5	0	0.63282071314	0.474511980848	18	0
-27.5	0	0.699028935969	0.411381062639	18	0
-0.5	0	0.752297726559	0.44374740478	18	0
-14.0	0	0.864215982386	0.499984937038	18	0
-14.0	0	0.877070135898	0.555757425999	18	0
-14.0	0	0.915549759453	0.548249597533	18	0
-14.0	0	0.884273820401	0.620306350855	18	0
-14.0	0	0.853594303079	0.661454393732	18	0
-30.5	0	0.787065353195	0.606167581866	17	0
-30.5	0	0.825047515608	0.573603358521	17	0
-30.5	0	0.828167183805	0.592983957669	17	0
-15.5	0	0.767037666268	0.653147860287	17	0
-15.5	0	0.814387319709	0.637941107989	17	0
-15.5	0	0.841079012447	0.643000986518	17	0
-14.0	0	0.796228280853	0.629693514037	17	0
-15.5	0	0.824215597003	0.644602549253	17	0
-15.5	0	0.916801597851	0.63995244165	17	0
-14.0	0	0.939435571702	0.622922485698	18	0
-12.5	0	0.844847067603	0.653222423704	19	0
-12.5	0	0.839674571798	0.701705471247	20	0
-12.5	0	0.83557829755	0.727079422245	21	0
-14.0	0	0.711660346143	0.729774265983	22	0
-15.5	0	0.633825656759	0.769683151236	23	0
-30.5	0	0.697570002398	0.827900572541	24	0
-45.5	0	0.588487206641	0.829430738764	25	0
-45.5	0	0.623102390557	0.863673391075	26	0
-45.5	0	0.552285445935	0.975825125457	27	0
-50.0	0	0.471483838588	1.05584184964	28	0
-74.0	0	0.487729742893	1.01778614669	28	0
-74.0	0	0.431548820968	0.945663913379	28	0
-74.0	0	0.559074886531	1.04606109867	28	0
-74.0	0	0.430070081647	1.10507202271	28	0
-74.0	0	0.332240021049	1.09659204293	27	0
-131.0	0	0.264867697599	1.10931430616	26	0
-176.0	0	0.159876822291	1.09902333202	25	0
-186.5	0	0.179950422675	1.07193148015	25	0
-186.5	0	0.1380033503	1.08901946095	26	0
-200.0	0	0.137972745575	1.0675237549	27	0
-200.0	0	0.171991575858	0.967577145794	27	0
-200.0	0	0.189781788193	0.96452837655	27	0
-176.0	0	0.0876587275089	1.02805929266	27	0
-176.0	0	0.0868933145282	1.10518413934	27	0
-176.0	0	0.0141358681355	1.10667758476	27	0
-176.0	0	0.0812224530331	1.09662273902	27	0
-200.0	0	0.0197837642154	1.05795948497	27	0
-200.0	0	0.0657962272682	1.10282281936	27	0
-218.0	0	0.0656925181135	1.09547978471	27	0
-218.0	0	0.081902688725	1.07653781711	28	0
-200.0	0	0.224543634085	1.15405627044	29	0
-176.0	0	0.140035529849	1.16294956884	28	0
-176.0	0	0.0635263366179	1.1369237557	27	0
-176.0	0	0.109157061894	1.08529635713	26	0
-158.0	0	0.236017079343	1.09065694891	25	0
-158.0	0	0.333113814161	1.06244597602	24	0
-191.0	0	0.359306078137	1.01318861961	23	0
-158.0	0	0.394700676207	0.982545079179	22	0
-122.0	0	0.405121366287	0.97039791244	21	0
-122.0	0	0.434684107643	1.03555925748	20	0
-122.0	0	0.434367796696	1.05311631008	19	0
-122.0	0	0.429734635662	1.02710991827	18	0
-122.0	0	0.407245095528	0.995599001174	18	0
-86.0	0	0.36881147704	1.03717270939	18	0
-68.0	0	0.560565480894	1.02327903241	18	0
-45.5	0	0.752802893006	0.988961995024	18	0
-27.5	0	0.656671534611	1.01578507405	18	0
-27.5	0	0.685169769643	1.00523800611	19	0
10.0	0	0.650570633842	0.947435066979	20	0
10.0	0	0.606965755903	0.95104769462	21	0
59.5	0	0.598241438461	1.00102075472	22	0
71.5	0	0.604816085644	1.05092830492	23	0
71.5	0	0.65578802678	1.00158099491	24	0
80.5	0	0.579302210677	0.921533811646	25	0
97.0	0	0.44105634797	0.826226132301	25	0
116.5	0	0.30311783069	0.828400107362	25	0
127.0	0	0.187925666155	0.874522559633	25	0
127.0	0	0.0306096452415	0.921971571624	25	0
116.5	0	0.00466919044622	0.979188930204	25	0
127.0	0	0.0438861930854	1.02374355467	25	0
157.0	0	0.0232798937806	1.12989039529	25	0
184.0	0	0.000741283516565	1.14874087066	24	0
184.0	0	0.0208658451681	1.16886762658	23	0
184.0	0	0.0717996349806	1.13249756571	24	0
184.0	0	0.0500629220319	1.1314715711	25	0
184.0	0	0.0185834198667	1.1048792981	26	0
205.0	0	0.0451099694944	1.12366744292	27	0
184.0	0	0.0276828051017	1.18523491709	27	0
184.0	0	0.11460961686	1.12421153475	27	0
205.0	0	0.0196904616313	1.07853104212	27	0
205.0	0	0.0642339690412	1.05910312237	27	0
205.0	0	0.176968133693	1.03236907966	27	0
235.0	0	0.374921301029	0.995157923211	27	0
235.0	0	0.455425758422	1.06937940813	27	0
235.0	0	0.472553373277	1.11598967404	27	0
205.0	0	0.489153788546	1.14090384222	27	0
205.0	0	0.50273496246	1.24095428622	27	0
205.0	0	0.508508572593	1.34919680307	27	0
167.5	0	0.563950854196	1.45870208313	27	0
140.5	0	0.642884205589	1.38955002291	26	0
119.5	0	0.779167868963	1.31863807155	25	0
101.5	0	0.922273734948	1.2787493002	24	0
85.0	0	0.914825449969	1.30532403987	23	0
79.0	0	0.914247106985	1.30254909119	22	0
88.0	0	1.18644066161	1.31650048671	21	0
101.5	0	1.24974780385	1.27690036584	20	0
97.0	0	1.27787824036	1.27120217218	19	0
97.0	0	1.19633658308	1.28033293792	18	0
97.0	0	1.17215558524	1.30587484914	18	0
97.0	0	1.15197816483	1.20103814034	18	0
97.0	0	0.982686430693	1.1643301725	18	0
97.0	0	0.806883789562	1.11865113268	18	0
104.5	0	0.857978642002	1.08228465641	18	0
97.0	0	0.781177715373	1.05522741839	18	0
88.0	0	0.761467959786	1.08665022332	18	0
77.5	0	0.632686539749	1.08332894825	17	0
77.5	0	0.577553996967	1.07534020514	16	0
67.0	0	0.444427977712	1.02896428202	16	0
67.0	0	0.431307898398	0.992210322202	16	0
58.0	0	0.499017685707	0.961859328475	16	0
46.0	0	0.409163049864	0.900769779453	15	0
46.0	0	0.360048788062	0.879235717095	15	0
46.0	0	0.325540772996	0.857690953918	15	0
46.0	0	0.468242901719	0.877142101691	15	0
46.0	0	0.466426545771	0.848428502598	15	0
46.0	0	0.568919974238	0.858279452206	15	0
-41.0	0	0.680412714766	0.84211924302	15	0
-41.0	0	0.708174774756	0.733579689152	15	0
-41.0	0	0.533002561747	0.748667612934	15	0
-41.0	0	0.509721477	0.766363454578	15	0
-41.0	0	0.199208186093	0.802327878597	15	0
-149.0	0	0.204508007993	0.881847008548	15	0
-209.0	0	0.203055787186	0.895274728675	15	0
-149.0	0	0.174431042731	0.809547785605	14	0
-41.0	0	0.214116473605	0.776995187622	13	0
46.0	0	0.149902872958	0.786142759481	13	0
58.0	0	0.149837578853	0.688301259004	13	0
58.0	0	0.11956218429	0.604927392808	13	0
67.0	0	0.126519488312	0.474320584843	13	0
77.5	0	0.126884106805	0.486893868328	13	0
77.5	0	0.0521415292413	0.519821760144	13	0
77.5	0	0.121272524684	0.533806593015	13	0
91.0	0	0.154513778	0.473002487319	14	0
86.5	0	0.138275334572	0.439572887588	14	0
86.5	0	0.272120492943	0.425769691289	14	0
86.5	0	0.117842498889	0.439626425756	14	0
89.5	0	0.111977812942	0.352041995962	14	0
76.0	0	0.0790629470057	0.306637092926	14	0
70.0	0	0.151547307461	0.271683336013	14	0
53.5	0	0.0990485141449	0.290652639244	14	0
53.5	0	0.083979904909	0.285049548175	15	0
53.5	0	0.22688346149	0.299849334523	15	0
46.0	0	0.188242463376	0.341621705877	14	0
46.0	0	0.153256858686	0.374777071398	13	0
59.5	0	0.0717045228737	0.405048211188	12	0
59.5	0	0.153774423907	0.386069622648	12	0
46.0	0	0.230094932992	0.369468230303	12	0
59.5	0	0.324587961004	0.393672565401	13	0
73.0	0	0.323362765146	0.379947281484	14	0
73.0	0	0.33064695028	0.453836381789	15	0
92.5	0	0.415445630259	0.515224690622	16	0
92.5	0	0.468822079621	0.520364579846	17	0
73.0	0	0.495662825253	0.510695409454	18	0
92.5	0	0.333584234956	0.512257420475	19	0
92.5	0	0.26138653783	0.543916146305	20	0
73.0	0	0.180479125652	0.467221607747	20	0
73.0	0	0.177988534197	0.523905715778	20	0
92.5	0	0.107691540354	0.54803462837	20	0
146.5	0	0.254051400267	0.582410208215	20	0
191.5	0	0.171099666644	0.609622499893	20	0
191.5	0	0.386845150869	0.601169869871	20	0
215.5	0	0.280351501451	0.579963617757	20	0
215.5	0	0.199826151383	0.632876589667	20	0
191.5	0	0.237434970955	0.637325522402	21	0
191.5	0	0.220477094488	0.624935095718	22	0
191.5	0	0.399047791502	0.601729242917	23	0
178.0	0	0.398574807373	0.645764449733	24	0
191.5	0	0.382918885205	0.646543024218	25	0
178.0	0	0.439280717925	0.636665280794	25	0
178.0	0	0.352649380971	0.661238526823	25	0
178.0	0	0.28646558922	0.713259727519	25	0
178.0	0	0.378406894203	0.736692169312	25	0
178.0	0	0.266151898268	0.788548279744	25	0
178.0	0	0.248903976639	0.775120713217	25	0
158.5	0	0.294644449238	0.794334025143	25	0
158.5	0	0.272226529222	0.845948479801	25	0
158.5	0	0.26656639469	0.942278670466	25	0
178.0	0	0.311053796289	0.996601695777	25	0
178.0	0	0.520788977117	0.969080982411	25	0
191.5	0	0.516692375503	1.00227417051	25	0
178.0	0	0.430135781626	1.05473987273	25	0
191.5	0	0.473573409739	1.04384131268	25	0
197.5	0	0.464425919216	1.03214143394	24	0
203.5	0	0.474697855477	1.02929182819	23	0
197.5	0	0.412122580161	1.03602060449	22	0
197.5	0	0.275632301525	1.03923983915	21	0
197.5	0	0.227563691493	1.02674678206	20	0
197.5	0	0.183377357324	1.00672523135	21	0
197.5	0	0.127679043666	0.975829399335	22	0
203.5	0	0.0201723429981	0.897536652027	23	0
197.5	0	0.167676500366	0.874863608472	24	0
197.5	0	0.173274684931	0.872088973211	25	0
203.5	0	0.145092685437	0.890854863764	26	0
215.5	0	0.0500726144784	0.908927718558	27	0
215.5	0	0.186291745518	0.869606419363	28	0
215.5	0	0.199773057859	0.92343112357	29	0
215.5	0	0.137728750087	0.888481901309	29	0
203.5	0	0.129560372576	0.899552149345	29	0
203.5	0	0.155229707544	0.886163993476	29	0
190.0	0	0.107619811045	0.886558853492	29	0
203.5	0	0.0863805786169	0.880998351648	30	0
190.0	0	0.0109759901036	0.886943729845	31	0
190.0	0	0.11065516704	0.871286159961	32	0
203.5	0	0.146882926688	0.917196045816	33	0
190.0	0	0.235718083524	1.01537802981	34	0
157.0	0	0.271117935683	1.00581833014	35	0
157.0	0	0.318244354357	0.964647316307	36	0
157.0	0	0.294546404988	0.97535262926	37	0
190.0	0	0.387979634904	1.04180306031	38	0
194.5	0	0.379650638488	1.06543601322	39	0
194.5	0	0.412429181566	1.05222342404	39	0
194.5	0	0.434389851456	1.07732535652	39	0
194.5	0	0.371844531443	1.08200027363	39	0
194.5	0	0.331181584637	1.10667567778	39	0
194.5	0	0.313037279972	1.082579403	38	0
194.5	0	0.323291096691	1.04581748472	37	0
194.5	0	0.32101259407	1.02277841242	37	0
157.0	0	0.293039002696	1.01651827291	38	0
157.0	0	0.307391449671	1.02202974711	39	0
101.5	0	0.342777039394	1.04244878506	38	0
157.0	0	0.26223557643	1.0168460028	37	0
157.0	0	0.267225276949	1.01472323823	36	0
157.0	0	0.196426925726	1.00815552658	35	0
101.5	0	0.190934999409	1.018913301	34	0
122.5	0	0.000252628563334	1.00179447061	34	0
157.0	0	0.143607162229	0.976578768785	34	0
161.5	0	0.17231434659	0.944190965942	34	0
122.5	0	0.073592591051	0.962269345044	34	0
122.5	0	0.133105719084	1.00039422163	34	0
122.5	0	0.180544251107	0.984359589684	34	0
161.5	0	0.356043165445	0.98727462381	34	0
161.5	0	0.319154621651	0.962991349794	34	0
122.5	0	0.252603110671	0.97092010486	34	0
91.0	0	0.144355464211	0.90781147559	34	0
122.5	0	0.254478004474	0.950925721443	34	0
161.5	0	0.274967541017	0.9420267918	34	0
227.5	0	0.227484381414	0.955540220779	34	0
227.5	0	0.108506892963	0.961170922407	34	0
161.5	0	0.116681656849	0.884844727144	33	0
151.0	0	0.171352108741	0.874596483039	32	0
91.0	0	0.229814725168	0.888495477155	31	0
91.0	0	0.207629397214	0.887036641072	30	0
91.0	0	0.402524989954	0.90710049137	29	0
65.5	0	0.481363876994	0.831319200008	28	0
65.5	0	0.606213668615	0.732581468934	27	0
91.0	0	0.545443771814	0.708080989614	26	0
151.0	0	0.566041077943	0.742910536377	25	0
91.0	0	0.548365473394	0.740615384781	24	0
91.0	0	0.558982858587	0.745339905099	24	0
91.0	0	0.570037259683	0.753540855125	24	0
91.0	0	0.7101638374	0.736737582509	24	0
151.0	0	0.649540111305	0.755085568849	24	0
151.0	0	0.713957638908	0.687287146512	24	0
151.0	0	0.75024110844	0.596512812912	24	0
227.5	0	0.735729460897	0.592310880931	24	0
227.5	0	0.701771940995	0.600227810477	24	0
227.5	0	0.656221635596	0.593874629848	24	0
272.5	0	0.674240322235	0.60403576027	24	0
323.5	0	0.630812803254	0.663056446703	24	0
323.5	0	0.780045433168	0.661796273257	24	0
272.5	0	0.719811148516	0.687097643101	24	0
227.5	0	0.742192600637	0.695208439539	24	0
181.0	0	0.651312206245	0.68228014675	24	0
181.0	0	0.519121727217	0.676369289261	24	0
181.0	0	0.5165472537	0.662426633396	24	0
160.0	0	0.526417717133	0.699571148299	24	0
160.0	0	0.385495263982	0.742569320292	24	0
218.5	0	0.401133291462	0.738335186494	24	0
182.5	0	0.364802754839	0.722036561831	24	0
182.5	0	0.30469202693	0.739052351435	24	0
182.5	0	0.312116933663	0.751933323903	24	0
182.5	0	0.343958584988	0.773792563015	24	0
236.5	0	0.463522652164	0.7514919484	25	0
236.5	0	0.568979350949	0.801998313783	26	0
236.5	0	0.648647311531	0.823239231272	27	0
236.5	0	0.644590401653	0.842747877882	28	0
182.5	0	0.622676788891	0.807098385996	29	0
182.5	0	0.733367459361	0.777552338747	30	0
236.5	0	0.810333692724	0.868283897907	31	0
310.0	0	0.790261468125	0.881924364444	32	0
310.0	0	0.814526061138	0.901522825631	33	0
310.0	0	0.717040378628	0.845880754427	33	0
310.0	0	0.730184805045	0.816871978314	33	0
310.0	0	0.685294400093	0.920082150169	33	0
310.0	0	0.662198508408	0.962539754843	33	0
265.0	0	0.650594448483	1.03934041573	33	0
265.0	0	0.538257900912	1.04267533924	32	0
265.0	0	0.596985723301	1.03899883702	33	0
221.5	0	0.592368699599	1.04624570508	34	0
187.0	0	0.559888994378	1.07032955908	35	0
187.0	0	0.455309466539	1.10998358981	36	0
187.0	0	0.418410709948	1.09841034711	37	0
176.5	0	0.454320031975	1.1519740249	38	0
176.5	0	0.360572909161	1.23556301151	39	0
170.5	0	0.341443455746	1.22544552156	39	0
158.5	0	0.440427349033	1.24407282751	38	0
158.5	0	0.514732011408	1.2458352258	37	0
140.5	0	0.40644266355	1.29344869018	36	0
89.5	0	0.379650790621	1.33117010725	35	0
119.5	0	0.261960126367	1.34435346022	34	0
140.5	0	0.307380996558	1.35348943897	33	0
158.5	0	0.306161281339	1.37012551217	32	0
140.5	0	0.438592593223	1.36279261565	31	0
140.5	0	0.671969224121	1.33384775208	30	0
119.5	0	0.627014864647	1.36845797651	29	0
151.0	0	0.682958335447	1.29999388759	28	0
119.5	0	0.847533060765	1.29360640492	27	0
76.0	0	0.960546934295	1.31111692369	26	0
76.0	0	0.939456675906	1.31801194285	25	0
76.0	0	0.931998595775	1.31212819474	24	0
76.0	0	0.937673402335	1.26296274861	23	0
76.0	0	0.93932402119	1.21049561934	22	0
76.0	0	0.85941437447	1.17063901063	21	0
113.5	0	0.84810173416	1.15191173096	21	0
113.5	0	0.870080969196	1.08068867047	21	0
113.5	0	0.916705619819	1.05788978093	21	0
121.0	0	0.919760376422	1.08049520184	21	0
121.0	0	0.91646439683	1.10539001554	21	0
113.5	0	0.913578147352	1.11441345659	21	0
101.5	0	0.665622103084	1.13077209145	21	0
113.5	0	0.63011533524	1.10840746833	21	0
101.5	0	0.684385867971	1.15670505443	21	0
101.5	0	0.62243974985	1.18385744849	20	0
113.5	0	0.639043050312	1.114659273	19	0
113.5	0	0.596506442844	1.13711406523	18	0
113.5	0	0.597826548487	1.06912947107	17	0
101.5	0	0.688508025421	1.05660891625	16	0
82.0	0	0.640456309283	1.071049778	16	0
82.0	0	0.60935011683	1.03477260877	16	0
56.5	0	0.605468326676	0.98398243289	16	0
56.5	0	0.580803275267	0.907292630902	16	0
25.0	0	0.591162724929	0.862037350728	16	0
44.5	0	0.562686126801	0.822715037844	16	0
56.5	0	0.576032523938	0.792179480902	16	0
56.5	0	0.543254679728	0.830883295348	16	0
56.5	0	0.503486362411	0.841279052568	16	0
44.5	0	0.45160796674	0.853854288458	16	0
56.5	0	0.520144390812	0.775139854171	16	0
82.0	0	0.597826026761	0.72867148645	16	0
56.5	0	0.441684928905	0.707630581408	16	0
44.5	0	0.443133334363	0.651904855258	16	0
44.5	0	0.398313557979	0.650327735169	16	0
44.5	0	0.191726030694	0.625050020049	16	0
44.5	0	0.0124506900217	0.602838098003	16	0
56.5	0	0.010248519365	0.582741248628	16	0
56.5	0	0.0220509354475	0.604964924818	16	0
82.0	0	0.0572782625437	0.586972109454	16	0
109.0	0	0.0456880358929	0.557884443949	16	0
82.0	0	0.0830290006183	0.590114543456	16	0
82.0	0	0.0813056630991	0.611290515898	16	0
56.5	0	0.06052928545	0.616942069857	16	0
56.5	0	0.0354477688967	0.703934986418	16	0
44.5	0	0.0692052509313	0.714741179625	16	0
23.5	0	0.0556139521953	0.674489434521	16	0
23.5	0	0.158125615109	0.703290272231	16	0
-8.0	0	0.11945788316	0.721701900427	16	0
-8.0	0	0.104178268992	0.742596267358	16	0
-8.0	0	0.0653131949199	0.739777909717	16	0
23.5	0	0.0707990190972	0.72221910283	16	0
23.5	0	0.143475193881	0.664504669807	16	0
23.5	0	0.147708142697	0.657910105074	16	0
32.5	0	0.132861002336	0.633866961664	16	0
44.5	0	0.141341725324	0.624887809	16	0
32.5	0	0.0445124913366	0.678789251454	16	0
32.5	0	0.0825807507805	0.648120480138	17	0
1.0	0	0.137221933447	0.68917271584	18	0
1.0	0	0.156852903014	0.703741411699	19	0
1.0	0	0.183517097032	0.70222339764	20	0
32.5	0	0.191915206062	0.74339003752	21	0
44.5	0	0.228379509237	0.762631020134	22	0
32.5	0	0.24348201796	0.810218721235	23	0
44.5	0	0.339026226292	0.827019416107	24	0
34.0	0	0.346368999941	0.875422563618	25	0
34.0	0	0.220769578964	0.908928958848	26	0
83.5	0	0.267816156518	0.887991623328	26	0
124.0	0	0.289531241064	0.822202312824	25	0
142.0	0	0.331271060446	0.830352594001	25	0
124.0	0	0.3125172838	0.842296770826	25	0
127.0	0	0.109536278252	0.887355034017	25	0
127.0	0	0.317212197455	0.902903155428	25	0
142.0	0	0.317259011736	0.965668545624	25	0
127.0	0	0.304506005226	0.982560331848	25	0
127.0	0	0.400695573529	1.0199261895	26	0
142.0	0	0.563907451437	1.06211453581	27	0
142.0	0	0.550448877671	1.05993635312	28	0
142.0	0	0.53630987552	1.06726607261	29	0
142.0	0	0.567444458518	1.07196218039	30	0
127.0	0	0.487799687345	1.00354484954	30	0
142.0	0	0.407988129571	0.949735321892	30	0
142.0	0	0.449687018796	0.879078845321	30	0
161.5	0	0.463021713269	0.918730875133	30	0
142.0	0	0.499183445188	0.843776883285	30	0
161.5	0	0.433588183712	0.849520332431	30	0
161.5	0	0.368393921985	0.89768556471	30	0
172.0	0	0.585785809521	0.923275769718	30	0
200.5	0	0.564479759119	0.958335094359	30	0
220.0	0	0.545804091077	0.956502209897	29	0
200.5	0	0.536315040077	0.947111284992	28	0
200.5	0	0.495533204474	0.949379389578	27	0
220.0	0	0.47620467257	0.984823259625	26	0
220.0	0	0.402887745889	0.974946587395	25	0
220.0	0	0.441636268416	0.990540349816	24	0
170.5	0	0.327944750075	0.963763716134	23	0
220.0	0	0.425635727871	0.953764403613	22	0
220.0	0	0.385809455057	0.958799547401	23	0
220.0	0	0.363375019907	0.987744093556	24	0
220.0	0	0.370603360293	1.01288986164	25	0
220.0	0	0.360634944824	1.00579566965	26	0
220.0	0	0.448000517184	0.964814035275	26	0
220.0	0.0848739425491	0.550312690949	0.932375916974	26	0
220.0	0.0849242567385	0.611647003535	0.959940377721	26	0
170.5	0.0850861161289	0.657415864497	0.980645984141	26	0
170.5	0.0851346811402	0.67530050096	1.0045038133	26	0
127.0	0.0853849415508	0.913428067093	1.05986188748	26	0
118.0	0.0855240642998	0.94151319087	1.05743785268	26	0
79.0	0.085885527146	1.0414272768	1.0962825245	26	0
46.0	0.0873476634582	1.15322196695	1.07433156284	25	0
46.0	0.0873136771579	1.24479756861	1.06195185452	24	0
46.0	0.0868028838859	1.38727210895	1.02683733236	23	0
46.0	0.0866962412491	1.41134132241	1.05140720323	23	1
32.5	0.0869865177383	1.46868663909	1.0478986435	24	1
20.5	0.0871120056735	1.50220262595	1.03575655615	25	1
20.5	0.0871270129273	1.57942946115	1.07673811232	26	1
14.5	0.0879633325087	1.57337851622	1.10526022805	27	1
4.0	0.0880823535001	1.63283706895	1.14720818703	28	1
-12.5	0.0882680329104	1.75531292036	1.16038438249	29	1
-51.5	0.0884753703532	1.75223725537	1.20192185075	30	1
-51.5	0.0883612787212	1.90182525561	1.30088919281	31	1
-90.5	0.0889079580865	1.98330242905	1.29671933768	32	1
-105.5	0.0896937550995	2.0337545494	1.40007091444	33	1
-110.0	0.0899280651216	2.10684484058	1.41001931144	34	1
-110.0	0.0898626382796	2.22835131456	1.44382664454	35	1
-170.0	0.0902383594923	2.30184510087	1.47786963402	36	1
-234.5	0.0904566660356	2.39171323445	1.50110197236	36	1
-234.5	0.0905892814465	2.4763835183	1.50300297415	36	1
-273.5	0.091055385158	2.53430978671	1.47700370109	36	1
-324.5	0.0915184628858	2.66283468661	1.49147271714	36	1
-345.5	0.0916233079745	2.72605779078	1.49933417307	36	1
-351.5	0.0920779626454	2.88674959671	1.52284194284	36	1
-354.5	0.0925234103506	3.05358456181	1.54228667321	36	1
-378.5	0.0927455140047	3.18855049472	1.58469684752	36	1
-378.5	0.0921566139479	3.19344921236	1.6211179773	36	1
-378.5	0.0918286035486	3.36091379281	1.65885594357	36	1
-378.5	0.093680666575	3.36466218285	1.66673527263	36	1
-378.5	0.0934927796863	3.46902441584	1.62719229562	37	1
-380.0	0.0935938924019	3.55575635073	1.63871134116	38	1
-380.0	0.0936026901718	3.59491099681	1.62254570853	39	1
-392.0	0.0937812583678	3.68021299061	1.63268866976	40	1
-392.0	0.094284345592	3.65115293545	1.6904504035	40	1
-392.0	0.0945358384093	3.57569017924	1.73866425856	40	1
-392.0	0.0944063574849	3.62428454044	1.72176037763	40	1
-414.5	0.0944683336423	3.58277217275	1.7367778079	80	1
-414.5	0.0945177856674	3.51963004539	1.57679001237	40	1
-414.5	0.0945939214551	3.49595927548	1.66108314717	39	1
-414.5	0.0924596495834	3.53993916727	1.66815996267	39	1
-392.0	0.0919889097672	3.42392606465	1.68236276272	39	1
-371.0	0.0910570559538	3.36235478186	1.70905002024	39	1
-359.0	0.0906620491987	3.38677542739	1.73366984891	39	1
-359.0	0.0903995383095	3.39289083363	1.72649897362	39	1
-359.0	0.0905552260912	3.4230354381	1.69978293933	39	1
-359.0	0.0904990629511	3.49602829159	1.68700748325	39	1
-359.0	0.0904830653352	3.55242061778	1.68740661761	39	1
-359.0	0.0903936762978	3.55760649486	1.59882908314	39	1
-350.0	0.0899471219646	3.51498063456	1.58859282624	39	1
-359.0	0.0899839658912	3.48389606102	1.54980931869	38	1
-359.0	0.0899998010715	3.47022553728	1.54871244945	37	1
-371.0	0.0901650322217	3.50905441984	1.52599173553	36	1
-383.0	0.0903277757557	3.64853825351	1.43587840099	35	1
-383.0	0.0903168373926	3.66963401078	1.46822958231	34	1
-371.0	0.0896371955248	3.55363250321	1.43492717864	33	1
-359.0	0.0890708769715	3.57060169219	1.42295724154	32	1
-359.0	0.0892298315529	3.41350398468	1.42428161803	31	1
-359.0	0.0889806002894	3.24340207166	1.38107870146	30	1
-350.0	0.0889381485121	3.20030281927	1.38450636309	29	1
-350.0	0.0889711494052	3.12951645681	1.35951397334	28	1
-330.5	0.0887703001127	3.00501015146	1.35645639375	27	1
-315.5	0.0885919100678	2.80489206442	1.30723105874	26	1
-309.5	0.0884258689987	2.66329187132	1.31417581546	25	1
-278.0	0.0879412176896	2.48446202055	1.27572823527	24	1
-204.5	0.0877619267184	2.3664819543	1.25941826664	24	1
-134.0	0.0875136496547	2.29560373928	1.21112999823	24	1
-134.0	0.0876348822768	2.26085985833	1.16334795446	25	1
-134.0	0.0874337434663	2.22533451974	1.15667941135	26	1
-149.0	0.0875016174576	2.17027764558	1.12278292589	27	1
-149.0	0.0874099122475	2.09874966308	1.14768525403	28	1
-125.0	0.0870219616977	2.02086826041	1.07529839638	28	1
-125.0	0.0869614548517	1.99781627634	1.05140526003	28	1
-125.0	0.0869614548517	1.95025673627	1.05163947012	28	1
-86.0	0.0866979140561	1.90816774923	1.02173062656	28	1
-17.0	0.0865205912252	1.92346348192	0.934931082743	28	1
-17.0	0.0866468788304	1.8789918959	1.02757099359	28	1
37.0	0.0863573718189	1.79631827734	1.00792657774	28	1
37.0	0.0862421556054	1.90385345417	1.16803515785	28	1
52.0	0.0860433265601	1.81761148743	1.06661874566	27	1
37.0	0.0871673673504	1.72263730709	1.10219403202	26	1
-8.0	0.0872604624622	1.66553491792	1.07532401699	25	1
-8.0	0.0876470975179	1.55629893675	1.07201582597	24	1
-8.0	0.0875983374797	1.44400681229	1.08374310848	25	0
-8.0	0.0879792056877	1.26137396705	1.05657770796	26	0
40.0	0.0878573762071	1.01029031496	1.03205657251	27	0
49.0	0.0877043260095	0.903591272585	1.03246635793	28	0
49.0	0.0875700178612	0.844737657505	0.970131150241	28	0
55.0	0.0871403998721	0.777792406652	0.960263371524	28	0
55.0	0.0870981895602	0.667450140256	0.936633790786	28	0
62.5	0.086841686594	0.625371430505	0.934340503717	28	0
76.0	0.0865961424341	0.51054302684	0.913979080556	28	0
76.0	0.0864527998381	0.490305290712	0.90530137995	28	0
115.0	0	0.157079987772	0.991401393695	28	0
115.0	0	0.00991614916465	0.964928306476	27	0
115.0	0	0.0562145289569	0.95525228028	26	0
115.0	0	0.232006020395	0.954294320375	25	0
115.0	0	0.197476164847	0.955972723407	24	0
76.0	0	0.0686910772207	0.989572016862	23	0
76.0	0	0.0667855796062	0.933522694525	22	0
76.0	0	0.142544444418	0.918124353064	21	0
71.5	0	0.00879847331371	0.864574052635	20	0
115.0	0	0.0568325296386	0.841160549054	19	0
182.5	0	0.0761515265418	0.812890759331	18	0
101.5	0	0.153272330226	0.78659257378	18	0
101.5	0	0.131348116087	0.836594709087	18	0
76.0	0	0.098911466555	0.864114023322	18	0
76.0	0	0.101341189616	0.886969076006	18	0
76.0	0	0.0815028807122	0.89183375376	18	0
119.5	0	0.0942839215619	0.900763979423	18	0
76.0	0	0.0726546420055	0.929311683865	18	0
55.0	0	0.0197929936663	0.951312501973	18	0
55.0	0	0.0339357163248	0.907195756462	18	0
55.0	0	0.0894890344568	0.893081450701	18	0
55.0	0	0.111594037885	0.871542760507	18	0
55.0	0	0.163752943789	0.949872664558	18	0
55.0	0	0.185859458935	0.864347907674	17	0
55.0	0	0.248014347985	0.85287236461	16	0
76.0	0	0.322706075689	0.793454037421	15	0
73.0	0	0.206010052876	0.723242675141	14	0
73.0	0	0.184336434087	0.694305762153	14	0
73.0	0	0.163257897839	0.729664326322	14	0
73.0	0	0.107802136271	0.745935051437	14	0
73.0	0	0.115452444472	0.74370716667	14	0
64.0	0	0.0214428678409	0.750555423698	14	0
41.5	0	0.102796611797	0.746576432021	14	0
41.5	0	0.057923138608	0.729264728035	14	0
95.5	0	0.0755546325515	0.760667022881	15	0
41.5	0	0.0588964916736	0.805663964799	16	0
41.5	0	0.137914204263	0.801508746104	17	0
41.5	0	0.0862990233834	0.788530406741	18	0
41.5	0	0.0956308082542	0.794243061781	19	0
95.5	0	0.00278894883788	0.761846475769	19	0
95.5	0	0.12810828804	0.748487834242	19	0
95.5	0	0.240628688693	0.744937227903	19	0
50.5	0	0.275943614394	0.754158899572	19	0
-3.5	0	0.455679844687	0.784194011065	19	0
50.5	0	0.440409449467	0.737658324564	19	0
50.5	0	0.26727251402	0.672939797703	19	0
50.5	0	0.273900417396	0.674807689011	19	0
95.5	0	0.35155426436	0.702201587678	19	0
95.5	0	0.331174345461	0.733978215227	19	0
94.0	0	0.350233109986	0.754731227472	19	0
94.0	0	0.422433009102	0.772630088048	19	0
95.5	0	0.359784246834	0.801634897431	19	0
101.5	0	0.375619046794	0.71675299121	18	0
101.5	0	0.38996925001	0.694586456046	19	0
95.5	0	0.430388763336	0.72849370234	20	0
95.5	0	0.34801326544	0.699813922927	21	0
95.5	0	0.304129845846	0.668884999101	21	0
95.5	0	0.364385202463	0.613824933997	21	0
101.5	0	0.265842305231	0.597927412836	21	0
101.5	0	0.328862609883	0.623174778383	21	0
101.5	0	0.434039101006	0.580298592433	21	0
101.5	0	0.360513729725	0.559015725963	21	0
101.5	0	0.259392254206	0.517509261195	21	0
101.5	0	0.298566661799	0.465407972518	21	0
101.5	0	0.370535666112	0.482915260516	21	0
101.5	0	0.368497328579	0.505454374853	21	0
101.5	0	0.251223621024	0.516513235634	21	0
124.0	0	0.296709880133	0.481981840511	20	0
143.5	0	0.339046883872	0.444157707904	20	0
143.5	0	0.293425992273	0.384992253929	19	0
143.5	0	0.380769087536	0.362667641144	19	0
157.0	0	0.415283332956	0.380810415748	19	0
157.0	0	0.451673453283	0.405826110889	19	0
157.0	0	0.533123373034	0.416627211503	19	0
143.5	0	0.516712524001	0.470545986994	19	0
143.5	0	0.580799435203	0.468587191742	19	0
143.5	0	0.612112530444	0.464637765532	19	0
143.5	0	0.626742232649	0.460824031739	19	0
143.5	0	0.665543143152	0.454309175622	19	0
143.5	0	0.702949476437	0.506947984794	19	0
124.0	0	0.600078992748	0.504547775149	19	0
133.0	0	0.534551050743	0.511075597984	19	0
143.5	0	0.583289846486	0.437688022369	19	0
143.5	0	0.486366655329	0.415080278378	19	0
143.5	0	0.458090786899	0.460949299264	19	0
227.5	0	0.605035682707	0.520820539227	19	0
293.5	0	0.60275482527	0.574077291658	19	0
293.5	0	0.562656914112	0.55091212304	18	0
293.5	0	0.530907832949	0.552551264706	17	0
293.5	0	0.470125664537	0.544619674909	17	0
211.0	0	0.374913104734	0.532803718727	18	0
143.5	0	0.412121031613	0.534463604204	19	0
143.5	0	0.390482559182	0.554392570541	20	0
200.5	0	0.337507106835	0.568093226169	21	0
200.5	0	0.248255270039	0.534343210277	22	0
143.5	0	0.371190225383	0.505635416964	22	0
142.0	0	0.417824975464	0.46879030674	22	0
142.0	0	0.272371931838	0.418115573066	22	0
142.0	0	0.425018989307	0.41656053572	22	0
142.0	0	0.252026361372	0.443989762041	21	0
179.5	0	0.0193420819295	0.480195690981	20	0
179.5	0	0.00322971275791	0.515339162997	19	0
179.5	0	0.119718573191	0.562093693552	18	0
235.0	0	0.125987829405	0.634855394479	17	0
235.0	0	0.0886075219309	0.643257936526	18	0
176.5	0	0.136248461923	0.687690610025	19	0
196.0	0	0.137361205163	0.654691703848	19	0
158.5	0	0.233859265061	0.617740130907	19	0
131.5	0	0.322409276909	0.577924792524	19	0
131.5	0	0.328476722819	0.634557379376	19	0
131.5	0	0.26060663427	0.71793698378	19	0
131.5	0	0.251901208917	0.728884783385	19	0
131.5	0	0.233632799917	0.781073503668	19	0
103.0	0	0.210666680619	0.802898728256	19	0
103.0	0	0.205395831095	0.741670972235	19	0
103.0	0	0.181435647813	0.730017991199	19	0
103.0	0	0.0670097477129	0.721323217816	20	0
103.0	0	0.0229484324577	0.725066646255	21	0
103.0	0	0.0383120081228	0.747419368973	22	0
103.0	0	0.028169070731	0.707242221637	23	0
103.0	0	0.0568665338944	0.704094720579	24	0
76.0	0	0.127835523999	0.715545553256	25	0
65.5	0	0.130916303002	0.778850640449	26	0
76.0	0	0.133979279794	0.802976561441	26	0
76.0	0	0.1294446335	0.807043238576	26	0
76.0	0	0.12286028347	0.821135712206	26	0
76.0	0	0.235501781056	0.793489220545	26	0
92.5	0	0.17834726932	0.814803384095	26	0
76.0	0	0.1886116788	0.851652683766	27	0
92.5	0	0.217427038881	0.855516608771	28	0
92.5	0	0.258138927453	0.877112273803	29	0
92.5	0	0.240398925164	0.792275592805	29	0
71.5	0	0.25158102341	0.81427391469	29	0
53.5	0	0.318874215971	0.835713318648	29	0
53.5	0	0.510473761841	0.948411745121	29	0
53.5	0	0.535121786778	1.04328532799	29	0
53.5	0	0.450520774134	1.12947322248	29	0
53.5	0	0.512454135332	1.21255460402	29	0
32.5	0	0.446044126933	1.25383158828	29	0
-11.0	0	0.420300185159	1.27201023106	30	0
-11.0	0	0.586164151531	1.26090584932	31	0
-54.5	0	0.711618159997	1.20036825764	32	0
-54.5	0	0.556208928226	1.15395697729	32	0
-54.5	0	0.43775718694	1.07140443017	32	0
-11.0	0	0.548913466204	1.02235022047	32	0
25.0	0	0.566202753409	1.01075351793	32	0
-11.0	0	0.536919402988	1.06264295186	32	0
-11.0	0	0.273506404378	1.11312887307	32	0
-11.0	0	0.145744745894	1.23307518567	32	0
-11.0	0	0.139550196579	1.21444918875	31	0
25.0	0	0.115060477003	1.14734504662	30	0
-11.0	0	0.105651700041	1.18037375502	29	0
25.0	0	0.103032862542	1.12848538957	28	0
38.5	0	0.0345355256253	1.1259938709	27	0
53.5	0	0.0340906854506	1.15706872912	27	0
38.5	0	0.0573321617074	1.18528255566	26	0
-5.0	0	0.208894637296	1.15989263775	25	0
-5.0	0	0.23715133805	1.11285550996	24	0
-42.5	0	0.0979070293691	1.10902661285	23	0
-72.5	0	0.185667529662	1.2285439682	22	0
-72.5	0.0869088535094	0.234892881301	1.23066285225	21	0
-42.5	0.0866505142557	0.189000729929	1.23625603538	21	0
-5.0	0.0864102569348	0.178838725895	1.24952236194	21	0
-42.5	0.086617850217	0.229430683919	1.17074047129	21	0
-72.5	0.0867898017835	0.324786838934	1.18724888796	21	0
-101.0	0.0868714745995	0.483117860669	1.16550374733	21	0
-107.0	0.0871557996886	0.481097948786	1.16644300817	21	0
-107.0	0.086860292146	0.601137140532	1.15925011384	21	0
-107.0	0.0870067956162	0.611395200519	1.14237405892	22	0
-107.0	0.0876105022998	0.703461745629	1.16686940432	23	0
-107.0	0.087190548603	0.798801586503	1.16995704695	24	1
-101.0	0.0871365541469	0.820916322806	1.27336007333	25	1
-72.5	0.0861421647694	0.884591988379	1.27993832703	26	1
-72.5	0.0862317575564	0.916558494734	1.26266482199	27	1
-72.5	0.0861937387178	0.841326910433	1.18529611096	28	1
-72.5	0.0861730719192	0.823144810905	1.18284229685	29	1
-72.5	0.0861045400435	0.945397439407	1.17162431036	30	1
-72.5	0.0861661940331	1.111679684	1.18321899375	31	1
-72.5	0.0862456244201	1.18984963741	1.2102143009	32	1
-72.5	0.086228294335	1.33145796913	1.22561830873	33	1
-107.0	0.0868864069165	1.38850867826	1.29476070977	34	1
-72.5	0.086578094108	1.4103232303	1.36168068363	35	1
-89.0	0.0867787237847	1.60929670308	1.42223081457	36	1
-89.0	0.0867861075478	1.68319369799	1.46137811582	37	1
-107.0	0.0869426322008	1.80906128939	1.50447789253	37	1
-119.0	0.0871519471944	1.61487512734	1.59592495417	37	1
-113.0	0.0867971949691	1.67799357826	1.62395101922	37	1
-126.5	0.0868491240417	1.93840804958	1.63977582905	37	1
-126.5	0.0868491240417	2.07658173201	1.61366276597	37	1
-129.5	0.0873152276592	2.04655377987	1.64761588095	37	1
-158.0	0.0877784530477	2.1534107773	1.65343068028	37	1
-129.5	0.0877495521541	2.26302296297	1.6382080429	37	1
-203.0	0.0881371021555	2.31496068042	1.72262815978	38	1
-288.5	0.0883682504005	2.37513722193	1.72581027325	39	1
-306.5	0.0894760654348	2.48448317345	1.73670834698	40	1
-306.5	0.0895462126466	2.50115661052	1.72836668873	40	1
-314.0	0.0897085867474	2.54110414955	1.8145526687	40	1
-323.0	0.0898686606644	2.70008699418	1.87944948672	80	1
-323.0	0.0897599209911	2.84259756592	1.88015732434	80	1
-314.0	0.0896017063228	2.79127755476	1.77823451442	80	1
-314.0	0.089591591632	2.79018098868	1.79181225903	80	1
-314.0	0.08987387078	2.85462707371	1.72509771991	80	1
-314.0	0.089863453481	2.92509874981	1.71483183636	80	1
-306.5	0.0896728220106	2.93185500449	1.79619166158	80	1
-293.0	0.0895865384529	3.00552446357	1.8071329322	80	1
-306.5	0.0897137073381	2.97215342745	1.82960152241	80	1
-309.5	0.0898426540093	3.03433158454	1.82692312079	80	1
-323.0	0.0905604875347	3.16333689494	1.87545752842	80	1
-323.0	0.0905324785851	3.23548807185	1.93855175327	80	1
-335.0	0.0907876176556	3.20814325737	1.90476687336	40	1
-353.0	0.0916725346038	3.09601823324	1.84045315231	40	1
-366.5	0.0919217571026	3.25608064902	1.88402241787	39	1
-386.0	0.0941437696781	3.26183535847	1.82835317218	38	1
-366.5	0.0939987802798	3.21694890894	1.76461278628	37	1
-366.5	0.0940790713627	3.22436363073	1.68608530959	36	1
-366.5	0.0939668429411	3.2359665008	1.59906264066	35	1
-386.0	0.0941437696781	3.29705972014	1.68248065024	34	1
-404.0	0.0942991164642	3.22231754015	1.70153626031	33	1
-386.0	0.0939987802798	3.25078289247	1.66673081824	32	1
-386.0	0.0939987802798	3.30342048578	1.64873773098	31	1
-362.0	0.0933786696886	3.29988321538	1.57826472636	31	1
-362.0	0.0937382955815	3.31658981117	1.51759462949	31	1
-362.0	0.0927526793068	3.27628229744	1.45720829469	30	1
-362.0	0.0925918125269	3.25368282136	1.46097136152	29	1
-348.5	0.0921643115426	3.07038837122	1.44621007254	28	1
-335.0	0.0915846254568	3.27763504641	1.30918313831	27	1
-335.0	0.0917931436132	3.16678473995	1.23774934836	26	1
-335.0	0.091603395328	2.8983003115	1.15847387804	25	1
-335.0	0.0916978003201	2.68155728025	1.14432758875	24	1
-335.0	0.0917294763297	2.75094038092	1.07813020939	23	1
-335.0	0.0916473352909	2.69861398219	1.03091678169	22	1
-348.5	0.0918894422489	2.62423357608	1.03002536599	21	1
-362.0	0.0919867137196	2.6719681616	0.892837982517	20	1
-342.5	0.0916599266667	2.61770306855	0.88322032562	19	1
-306.5	0.091162800951	2.51262740333	0.859491586538	18	1
-306.5	0.0911448781188	2.39940796902	0.964630571587	17	1
-272.0	0.0906904161781	2.18407329921	0.901667719946	16	1
-224.0	0.0901704114583	2.09438800507	0.878537396129	16	1
-272.0	0.0904989779294	1.98349302617	0.937872180443	16	1
-272.0	0.0898530478987	1.97986144052	0.943833603777	16	1
-272.0	0.0892785512361	1.93562850308	0.905594424164	15	1
-207.5	0.0891668819965	1.83330911831	0.943040614841	14	1
-308.0	0.0896118321423	1.76473133803	0.90900110624	13	1
-308.0	0.0893177147652	1.58843119488	0.838766141432	12	1
-324.5	0.0893324444155	1.46121943386	0.783179456202	11	1
-324.5	0.0893226220151	1.38410415511	0.790341607068	11	1
-324.5	0.0892492882705	1.20587095612	0.839913434757	12	1
-324.5	0.0892834375164	0.967254053653	0.76841632711	13	1
-224.0	0.0886191263616	0.837465652844	0.714059981091	14	1
-138.5	0.0883022237452	0.759803389871	0.743255660983	15	0
-62.0	0.0878782625678	0.782331937031	0.800575129618	16	0
-24.5	0.0877207451814	0.460431829134	0.676407020268	16	0
-24.5	0.0877495521541	0.407344253548	0.807702267733	16	0
17.5	0.0874377216139	0.364338631817	0.895776907527	16	0
17.5	0.0873506150114	0.426691994133	0.951702499957	16	0
22.0	0.0873427388336	0.388116194082	0.971707028109	16	0
55.0	0.0871135152146	0.213483812283	0.888299660758	16	0
79.0	0.08674925133	0.071725435266	0.757291099407	16	0
79.0	0.0869163485785	0.119489009771	0.735809337306	16	0
79.0	0	0.0795306745825	0.687076212746	16	0
31.0	0	0.0727302220784	0.724099369545	16	0
31.0	0	0.0528415859716	0.775186157657	16	0
-6.5	0	0.0317189332308	0.769294758394	16	0
-6.5	0	0.0909923270048	0.772006298198	16	0
-6.5	0	0.0578589558583	0.731136736509	16	0
-29.0	0	0.118789324906	0.780351540209	16	0
-101.0	0	0.0721862476753	0.860305275191	16	0
-192.5	0	0.0248823709818	0.969150530777	16	0
-101.0	0	0.124912704356	0.926842392237	16	0
-29.0	0	0.104320595868	0.957274853343	16	0
-29.0	0	0.073197883035	1.02486846384	16	0
-6.5	0	0.101156431759	1.00852456571	16	0
31.0	0	0.0926153423106	1.04865720493	17	0
31.0	0	0.0605632080982	1.06544176592	18	0
31.0	0	0.00510785716958	1.07623294342	19	0
31.0	0	0.0525064932748	0.981324756877	20	0
31.0	0	0.291277638771	1.00509269871	21	0
31.0	0	0.29816087132	1.04177290761	22	0
91.0	0	0.362388636495	0.999940584363	23	0
91.0	0	0.307472475332	0.997286571266	24	0
91.0	0	0.367730237452	0.990064371338	25	0
124.0	0	0.40981278324	0.948236027279	25	0
124.0	0	0.262602967875	0.916522199389	24	0
91.0	0	0.228624007094	0.909879889662	23	0
124.0	0	0.226792159032	0.923383116963	22	0
124.0	0	0.148311296574	0.918165281841	21	0
124.0	0	0.138181254966	0.892523697207	21	0
124.0	0	0.0905684413521	0.876545968679	21	0
92.5	0	0.0819815384516	0.912985789156	21	0
65.5	0	0.0852808257406	0.936228746399	21	0
65.5	0	0.0921772134636	0.874880456768	21	0
92.5	0	0.267938284612	0.944555742879	21	0
124.0	0	0.204904617705	0.868075650876	21	0
124.0	0	0.21891666031	0.843979470646	21	0
164.5	0	0.0969043639535	0.812522719747	21	0
211.0	0	0.0904894998139	0.825919370481	21	0
211.0	0	0.191783542479	0.830441527421	22	0
158.5	0	0.36478801359	0.88913328232	22	0
158.5	0	0.316451380979	0.865424031927	22	0
211.0	0	0.307894255286	0.855918723651	22	0
220.0	0	0.232813568084	0.808514578543	22	0
235.0	0	0.0872676318234	0.757842557552	22	0
235.0	0	0.187787387183	0.764505973643	22	0
220.0	0	0.308725951912	0.710600836592	23	0
208.0	0	0.338875979809	0.762097717853	24	0
208.0	0	0.234539497812	0.736890676513	23	0
208.0	0	0.194758092087	0.705594574195	22	0
208.0	0	0.315124900323	0.711022119199	21	0
208.0	0	0.305271247972	0.739943726383	20	0
208.0	0	0.318699543379	0.736270800546	19	0
220.0	0	0.441343637936	0.697185693462	18	0
208.0	0	0.383160654238	0.6850396803	17	0
158.5	0	0.462619164063	0.687389630299	16	0
208.0	0	0.367240638149	0.671953762152	17	0
208.0	0	0.311191908501	0.66468108917	18	0
218.5	0	0.329028193028	0.627399722606	19	0
208.0	0	0.231050321463	0.623256110179	20	0
133.0	0	0.257836813179	0.600512312001	21	0
43.0	0	0.281804557022	0.584282622883	22	0
43.0	0	0.300997765789	0.553041312802	22	0
43.0	0	0.274802071448	0.524806541753	22	0
-3.5	0	0.215613168059	0.582240125311	22	0
-3.5	0	0.381508469351	0.635974120491	22	0
-3.5	0	0.629650924439	0.722521111648	22	0
-30.5	0	0.654151892274	0.691601469795	22	0
-3.5	0	0.709055975159	0.678529666182	22	0
43.0	0	0.635827153088	0.654354079521	22	0
-3.5	0	0.774144551524	0.748441382292	22	0
8.5	0	0.739257207588	0.718476285068	22	0
47.5	0	0.709686791595	0.708307656702	23	0
47.5	0	0.711802015337	0.741357174108	23	0
26.5	0	0.662757524351	0.722908193199	23	0
8.5	0	0.774152733755	0.699209371727	23	0
8.5	0	0.688787908167	0.678100530227	23	0
8.5	0	0.711316109065	0.684087429906	23	0
8.5	0	0.677892302358	0.709497256255	23	0
8.5	0	0.481101092349	0.704094159651	23	0
8.5	0	0.221682538374	0.728455045413	23	0
26.5	0	0.192013846634	0.742043699826	23	0
26.5	0	0.220461502458	0.792475757651	23	0
26.5	0	0.232184325624	0.822160453814	23	0
8.5	0	0.357743491061	0.878749458532	23	0
8.5	0	0.285320588405	0.881377992015	23	0
26.5	0	0.156708031325	0.965271607821	23	0
26.5	0	0.0550572919907	0.921647341476	23	0
26.5	0	0.0658034271327	0.916277866684	22	0
16.0	0	0.159023072579	0.908302286343	22	0
35.5	0	0.0408716304344	0.827632797519	21	0
16.0	0	0.0481876748304	0.75722976924	20	0
16.0	0	0.00878261796666	0.767024072677	19	0
-14.0	0	0.0174014398734	0.844316791457	19	0
16.0	0.086984095784	0.0534837544805	0.869892459111	19	0
35.5	0.0868268307468	0.0874198105073	0.894024627821	19	0
16.0	0.087056181979	0.129937903605	0.861761161021	19	0
-14.0	0.0874417015591	0.263337372179	0.873780737668	19	0
-32.0	0.0876186214911	0.368236737855	0.924090703211	19	0
-14.0	0.0872487713824	0.414825596767	0.917360037491	19	0
16.0	0.0871211881212	0.521439972168	0.91363185941	20	0
35.5	0.0867235447339	0.575186148415	0.922398624525	21	0
16.0	0.0868231207461	0.585468486051	0.979197195528	22	0
16.0	0.0864741502059	0.528257848488	1.04892210321	23	0
16.0	0.0865385198315	0.531311015441	1.08424501079	24	1
16.0	0.086531343926	0.642776957022	1.12190450144	25	1
16.0	0.0864244146016	0.624330970678	1.12433696178	26	1
16.0	0.0865026997355	0.586788989255	1.13655522477	27	1
-24.5	0.0867455742956	0.705452046294	1.15615913024	28	1
-47.0	0.0873742859636	0.923759517902	1.20761416522	29	1
-47.0	0.0874816002049	0.984388013833	1.19751898643	30	1
-47.0	0.0875861893826	1.07246169547	1.23099935132	31	1
-87.5	0.0877991543548	1.17526134875	1.25637786913	32	1
-87.5	0.0877784530477	1.21289090133	1.31589084436	33	1
-137.0	0.087886630876	1.35583185438	1.33809052388	34	1
-87.5	0.0874976103702	1.32348348459	1.36018182692	35	1
-137.0	0.0881113067725	1.45330541523	1.34729544152	36	1
-149.0	0.0886100451368	1.47209529321	1.35298562453	37	1
-176.0	0.0891043638109	1.6501396484	1.35594118854	38	1
-176.0	0.0891331650983	2.02671659269	1.38187605224	39	1
-210.5	0.0893275318977	2.31881923208	1.40836580139	39	1
-251.0	0.089806367134	2.39192696186	1.45550381646	39	1
-251.0	0.0895814880476	2.42652118432	1.49472110802	39	1
-251.0	0.0894910519481	2.41900321616	1.49082072938	39	1
-284.0	0.089591591632	2.61669201453	1.5109907006	39	1
-284.0	0.0895311359501	2.71023148234	1.51303103078	39	1
-299.0	0.089683026357	2.92833187552	1.50632772377	39	1
-315.5	0.089806367134	3.21124960367	1.56004039251	39	1
-321.5	0.0899628942917	3.19740256068	1.63098558783	39	1
-347.0	0.0901328219388	3.25753163736	1.70563126059	40	1
-347.0	0.0903277757557	3.34375372727	1.76398243078	80	1
-347.0	0.0902569044961	3.44095613984	1.83539398729	80	1
-347.0	0.0904934061119	3.56498920123	1.81579211858	80	1
-335.0	0.0903936762978	3.61037387011	1.75402158174	80	1
-335.0	0.0903936762978	3.65871340345	1.74554551362	80	1
-359.0	0.0908742243997	3.6173843197	1.8513726619	80	1
-359.0	0.0906506821055	3.74400754586	1.85189765914	80	1
-378.5	0.0908742243997	3.65355354171	1.95282392412	80	1
-392.0	0.0910027021891	3.69529080788	1.93922323256	80	1
-401.0	0.0918059278566	3.77138415353	1.95534826067	80	1
-405.5	0.0922845471582	3.74337096269	2.01375578503	80	1
-405.5	0.0932147105523	3.80453282707	2.02264579251	80	1
-408.5	0.0934920364433	3.90747499809	2.01899762932	80	1
-417.5	0.0949807055698	4.06813772615	2.04885144789	80	1
-428.0	0.0950248598503	4.20154311334	2.02876876935	80	1
-428.0	0.0950692056483	4.14621195569	1.99706678971	80	1
-428.0	0.0949455190361	4.16932829637	1.94518474088	40	1
-428.0	0.0948146398737	4.2672534107	1.94550125364	40	1
-417.5	0.0941762756482	4.2376022969	1.92496948655	40	1
-417.5	0.0941681393024	4.19400175991	1.87424445833	39	1
-417.5	0.0939987802798	4.09837816951	1.81628080793	38	1
-417.5	0.0937227247377	4.09551260564	1.78947529409	37	1
-404.0	0.0933038058369	4.05898844515	1.77182291229	37	1
-404.0	0.0933486562003	4.0203021702	1.74514000466	37	1
-404.0	0.0930534283133	3.88288637194	1.76510321771	37	1
-404.0	0.0929090652418	3.8443637809	1.76425817246	37	1
-392.0	0.092759733888	3.85246145098	1.79117566142	37	1
-371.0	0.0924335540087	3.81071417114	1.82040651429	37	1
-351.5	0.0920981534641	3.64978834348	1.80800437578	37	1
-351.5	0.0920586748028	3.58898236151	1.79244345756	37	1
-335.0	0.0914665973466	3.52866719114	1.77633588718	37	1
-297.5	0.0911508486363	3.46539865434	1.75494532878	37	1
-297.5	0.0910498575092	3.43266291951	1.73000442051	37	1
-297.5	0.0909792123424	3.43199883333	1.73000442051	37	1
-251.0	0.0907933667542	3.21674211156	1.7450071465	37	1
-227.0	0.0906280521158	2.96982431173	1.76639338115	37	1
-227.0	0.0907189007975	2.80671885125	1.78267766437	37	1
-189.5	0.0898011949044	2.71577563801	1.75357280656	36	1
-189.5	0.0896728220105	2.69162290104	1.65198032119	35	1
-189.5	0.0896779227716	2.68271550611	1.49079104149	34	1
-105.5	0.0887518408108	2.59596272637	1.46815412365	33	1
-32.0	0.0885873819927	2.54410209263	1.46359080452	32	1
-32.0	0.0887980598461	2.47173063046	1.51363244031	31	1
-32.0	0.0888538358669	2.1270847944	1.49273559912	30	1
-71.0	0.088909957166	2.08407320912	1.47093007673	29	1
-63.5	0.0887242222898	2.14283002632	1.38216599779	28	1
-63.5	0.0885738113955	2.08014155583	1.41841248592	27	1
-32.0	0.0881284954152	2.06543030083	1.34792971004	26	1
2.5	0.0877867277747	2.01303637823	1.3240201856	27	0
14.5	0.0874896016536	1.85765734709	1.31090983822	28	0
32.5	0.0871211881212	1.75900271043	1.25832863151	29	0
32.5	0.0871635097652	1.51163021934	1.25733898014	30	0
67.0	0.0867088893624	1.39033202946	1.23011653746	31	0
91.0	0.086217913041	1.26506007595	1.17996904711	32	0
91.0	0.0861971880278	1.14209960667	1.15698132701	33	0
98.5	0.0859791839288	1.04305505782	1.18513938397	34	0
98.5	0.0861353116147	0.947569346337	1.25164911536	35	0
98.5	0	0.854714231046	1.32532582014	36	0
91.0	0	0.799417604224	1.29584693478	37	0
91.0	0	0.532871600674	1.2722009653	36	0
98.5	0	0.528237025076	1.31016059293	35	0
91.0	0	0.615496495068	1.27499695956	34	0
67.0	0	0.707183533598	1.24198669645	33	0
67.0	0	0.714032660098	1.23581030807	32	0
67.0	0	0.744531010066	1.23406856641	31	0
32.5	0	0.714973767731	1.22891216549	30	0
32.5	0	0.647432939761	1.28025249824	29	0
32.5	0	0.613791445518	1.25802944243	28	0
32.5	0	0.674091404737	1.25047614415	28	0
80.5	0	0.522345975097	1.22496964804	29	0
80.5	0	0.367269115846	1.22309565292	30	0
128.5	0	0.352618860011	1.19969518922	31	0
32.5	0	0.394368384923	1.16864253607	32	0
32.5	0	0.381429255796	1.14551859743	33	0
32.5	0	0.38550107302	1.10688061545	34	0
32.5	0	0.560803135823	1.05170735865	34	0
32.5	0	0.669185745106	0.993930365158	34	0
32.5	0	0.658075454068	1.00583352766	34	0
128.5	0	0.66816974119	1.02500318521	34	0
128.5	0	0.59503974961	1.12765766376	34	0
32.5	0	0.701353312482	1.2296531859	33	0
23.5	0.0871135152146	0.628120450462	1.28386788985	32	0
17.5	0.0871173508268	0.671750627121	1.28076835736	31	0
80.5	0.0869238501002	0.849799817129	1.29928833316	30	0
80.5	0.0869652242619	0.826362286949	1.34158963965	29	0
166.0	0.0868008939214	0.807449679242	1.31842243186	28	0
80.5	0.0871596538784	0.850599527446	1.31491063084	27	0
17.5	0.0875096370984	0.818735925612	1.3149668372	27	0
-14.0	0.0876879372222	0.817678819533	1.3287966352	28	0
-44.0	0.0879117831666	0.966783241064	1.33686677452	29	0
-44.0	0.0877289661936	1.03641602714	1.3294373403	30	0
-14.0	0.0874736060119	1.24519368602	1.30306403512	31	1
-14.0	0.0873309377831	1.32076319793	1.30742032762	32	1
-26.0	0.0877084279499	1.34488436746	1.31773435046	33	1
-14.0	0.0867787237847	1.42525676461	1.33859861581	34	1
-26.0	0.0869013648827	1.46841907202	1.34507958913	35	1
-26.0	0.0868305423307	1.566350581	1.31784152007	36	1
-26.0	0.08674925133	1.67456491527	1.30912186573	37	1
-26.0	0.0867898017835	1.6669719953	1.33666308886	38	1
-26.0	0.0868752052785	1.95226622975	1.38964507056	39	1
-44.0	0.0871135152146	1.95355809752	1.38049357568	39	1
-44.0	0.0871944181148	1.83365447046	1.41975060341	39	1
-44.0	0.0872682651774	1.78440577894	1.46901618847	39	1
-44.0	0.0873191525576	1.83639958271	1.48911619238	39	1
-96.5	0.0874616283009	1.97020094937	1.48217652534	39	1
-96.5	0.0875377633912	2.17806397453	1.49156878703	39	1
-96.5	0.0876389521496	2.22538018689	1.4943656216	39	1
-96.5	0.0874736060119	2.30949639273	1.50831381383	39	1
-96.5	0.087291715024	2.29139867371	1.5251462431	39	1
-96.5	0.0873309377831	2.31004107144	1.54066937903	39	1
-132.5	0.0876715787175	2.58616615464	1.55640127815	39	1
-147.5	0.0878908179863	2.67164071584	1.60435574797	39	1
-147.5	0.0879454305816	2.65740754396	1.63988492622	39	1
-147.5	0.0881457171944	2.6744369216	1.69424472881	39	1
-164.0	0.0882019182369	2.72685807743	1.75859997808	40	1
-164.0	0.088280322451	2.65259312803	1.7290510363	40	1
-192.5	0.0884436723909	2.51811926451	1.79372083065	39	1
-221.0	0.0887610657547	2.47087686412	1.80107064592	39	1
-240.5	0.0892736675655	2.55924604281	1.82956597744	39	1
-246.5	0.0893669060438	2.68354993154	1.84305184724	39	1
-246.5	0.0893718397365	2.75337556985	1.803233932	39	1
-263.0	0.0894461656127	2.81351377467	1.79500404493	39	1
-285.5	0.0896626289498	2.81544306902	1.7460475488	39	1
-305.0	0.0899156576241	2.89756826405	1.7938494487	39	1
-309.5	0.0900315527458	2.94816537491	1.81523496476	39	1
-318.5	0.0904157468022	3.04477130532	1.81194435705	39	1
-309.5	0.0903004538423	3.11424196232	1.79574708302	39	1
-309.5	0.0902406257778	3.18251300814	1.76190574442	39	1
-309.5	0.090213557602	3.25817954852	1.73994828629	39	1
-305.0	0.0901919595419	3.27526373333	1.76746754676	39	1
-315.5	0.0909557806872	3.28301718172	1.76684852155	39	1
-324.5	0.0913439133639	3.30514069997	1.81194808701	39	1
-327.5	0.0922644040427	3.37106446982	1.82378562525	39	1
-333.5	0.0925226885071	3.37716064599	1.85711932803	39	1
-341.0	0.09446526635	3.46426495794	1.88413481105	39	1
-354.5	0.0946341905736	3.56563462346	1.82646330953	39	1
-372.5	0.0947627553522	3.55546156739	1.78444674256	39	1
-383.0	0.0949718975644	3.4080466386	1.72241503732	38	1
-386.0	0.0951584778429	3.44057729297	1.73515889276	37	1
-383.0	0.0948842329756	3.45504851881	1.68809731756	36	1
-383.0	0.0949807055698	3.55584545915	1.66476666697	35	1
-384.5	0.0949807055698	3.70756871232	1.62159414846	34	1
-384.5	0.0950071752398	3.76960844906	1.58507315358	33	1
-384.5	0.0952304597545	3.7803263734	1.53433237936	32	1
-384.5	0.0948233130597	3.69320074377	1.50826299568	31	1
-374.0	0.0942334149881	3.54786770683	1.48041446557	30	1
-363.5	0.0939748177413	3.62545404759	1.41699339079	29	1
-363.5	0.0944988265829	3.40739481968	1.39855245081	28	1
-363.5	0.0949104533644	3.3436276965	1.37887550471	27	1
-363.5	0.0950959056818	3.2137705603	1.39404583763	26	1
-374.0	0.095302950074	2.92318866335	1.26298462804	26	1
-372.5	0.0949983443956	2.78363452824	1.22365169066	26	1
-350.0	0.0933861872877	2.7762280935	1.18537934045	26	1
-372.5	0.0936221027421	2.88387039701	1.07312105359	26	1
-384.5	0.0938401023636	2.7009594974	1.00898321655	26	1
-384.5	0.0939270638733	2.76110954876	1.14658719925	26	1
-372.5	0.0938401023636	2.9796540951	1.11620338654	25	1
-372.5	0.0938322341338	3.06260152385	1.14010505229	25	1
-372.5	0.0936298069179	2.95455908267	1.11810568156	24	1
-372.5	0.0932740181206	2.7967045168	1.06045354775	23	1
-372.5	0.0931925616693	2.67576282406	0.970782699395	22	1
-384.5	0.0932295041128	2.66402939769	0.930124490638	21	1
-372.5	0.0929305850242	2.65647438814	0.93857634614	20	1
-354.5	0.0925779484848	2.5757691739	0.874154183272	19	1
-338.0	0.0909090909091	2.47453124349	0.808967602214	18	1
-326.0	0.090377157541	2.3865688903	0.792441439069	17	1
-326.0	0.089806367134	2.22939164586	0.787610339459	17	1
-294.5	0.0897290861874	2.02333410848	0.763691111476	17	1
-294.5	0.0894064501697	1.91802434106	0.773309544349	17	1
-275.0	0.0892249738412	1.69597254671	0.73345259521	17	1
-179.0	0.0889475651114	1.53375347784	0.724330944712	17	1
-128.0	0.0886783780863	1.42843621175	0.634839319457	17	1
-75.5	0.0885017780337	1.28351843748	0.572694887134	17	1
-23.0	0.0880684793808	1.19249309272	0.534168846831	17	0
-2.0	0.0875458159677	1.05052937982	0.473010740891	17	0
11.5	0.0873152276592	0.90169982366	0.490614288274	17	0
25.0	0.0870409564134	0.789182619338	0.448399982415	17	0
86.5	0.0862803897853	0.873130365692	0.404250639634	17	0
136.0	0.0859657413297	0.713345784782	0.385874680934	17	0
158.5	0.0857895977308	0.605369342862	0.437018193283	17	0
158.5	0.085792887718	0.601134043753	0.612474587331	17	0
158.5	0.0856849845162	0.530248889453	0.617051098871	17	0
158.5	0.0856073615441	0.476636390004	0.600334537112	17	0
158.5	0.0856882342626	0.471099978756	0.651307517626	17	0
136.0	0.085792887718	0.504526742328	0.645921578662	17	0
86.5	0.0859322270988	0.493071668855	0.636520832062	17	0
86.5	0.0858955127821	0.377249334944	0.669813891998	17	0
86.5	0.086002759479	0.612287862711	0.694424592979	17	0
34.0	0.0862213720783	0.718390039032	0.793084022917	18	0
26.5	0.0863996539189	0.940003381392	0.772891879039	19	0
34.0	0.0859489677733	1.06554403538	0.870729140581	20	0
83.5	0.0852388238662	1.13941316532	0.878611053886	21	1
83.5	0.0855432141601	1.14838524767	0.879908939325	22	1
136.0	0.085152965717	1.05579461256	0.984981575664	23	1
136.0	0.085083090131	1.23684703574	1.00013831419	24	1
136.0	0.085034822136	1.18996687294	0.960607345477	25	1
136.0	0.0850077930982	1.11431048097	0.958073831184	26	1
136.0	0.0849689045848	1.14174321509	0.957159885528	27	1
136.0	0.0850589213853	1.29528508542	0.980493799734	28	1
83.5	0.0852511611958	1.39398820597	1.04146171963	29	1
83.5	0.085241906503	1.37570700025	1.10475380485	29	1
83.5	0.0852542483566	1.39646216224	1.11770997745	29	1
136.0	0.08522035173	1.40738938791	1.08916304349	29	1
83.5	0.0853006921412	1.59567922867	1.08300301289	29	1
26.5	0.0861558875324	1.79528854959	1.09188363987	29	1
26.5	0.086322294599	1.81149402796	1.12070709754	29	1
26.5	0.0864492465724	1.89127594832	1.13099279446	29	1
55.0	0.086385536821	2.06670976883	1.17307279924	29	1
26.5	0.086730881711	1.9308324388	1.2063149241	30	1
17.5	0.0869088535094	2.13105157137	1.21588931338	31	1
-35.0	0.0870714341185	2.27476523634	1.25288297086	32	1
-111.5	0.0872060369115	2.36873252137	1.32384969347	33	1
-155.0	0.0874337434663	2.46358374697	1.4464423081	34	1
-203.0	0.0878074484205	2.61440383423	1.4943857853	35	1
-237.5	0.0883109992675	2.71857426983	1.54243522119	36	1
-261.5	0.0886327653589	2.81655668863	1.59861730297	37	1
-296.0	0.0889005794736	2.8746838328	1.6932000836	38	1
-318.5	0.0899187211069	2.92882520726	1.79578818175	39	1
-330.5	0.0903190532756	3.16769520663	1.80674751576	39	1
-345.5	0.0908061645067	3.23048999319	1.81732621017	39	1
-330.5	0.0904777794626	3.18024112892	1.67738186527	40	1
-330.5	0.0905728261196	3.1641889002	1.69698926741	80	1
-330.5	0.0905059163805	3.14784048403	1.73463665019	80	1
-318.5	0.0903950931097	3.17107982846	1.66710282791	80	1
-318.5	0.0901879757928	3.13414054443	1.69790047855	80	1
-318.5	0.0901555468058	3.16269856129	1.76019212364	80	1
-318.5	0.0902801683465	3.32951284225	1.76960074058	80	1
-318.5	0.0902854898947	3.35719837789	1.75808526056	80	1
-318.5	0.0902964137526	3.45319272568	1.64816365803	80	1
-318.5	0.0903401599646	3.50153976818	1.6433242874	80	1
-330.5	0.0910557684699	3.50315098304	1.70246364884	80	1
-345.5	0.0927034390857	3.55735005116	1.69796425262	40	1
-362.0	0.0933711577881	3.60492001561	1.71485603885	40	1
-374.0	0.09446526635	3.71423013686	1.72253412349	40	1
-374.0	0.0943735458701	3.80686972081	1.71952103692	40	1
-362.0	0.0938008230127	3.90981011991	1.71042959694	40	1
-362.0	0.0936298069179	3.97885395387	1.61118793669	40	1
-362.0	0.0935530322334	3.9288700703	1.58344225074	40	1
-374.0	0.0936221027421	3.78466547088	1.51407598179	40	1
-374.0	0.0936839036509	3.51962779075	1.40921250014	40	1
-347.0	0.0935530322334	3.58824816172	1.40290772412	39	1
-318.5	0.0933187333913	3.55722850344	1.36666078129	38	1
-347.0	0.0937382955815	3.4882863954	1.4056584256	37	1
-347.0	0.0935224875375	3.32145155456	1.3882998472	36	1
-318.5	0.0930316383363	3.1664616243	1.37051326129	35	1
-318.5	0.0931851897338	3.15119085025	1.33970199456	34	1
-318.5	0.093599025924	3.14382250782	1.31976364983	33	1
-318.5	0.0935224875375	3.12766060389	1.29860819486	32	1
-318.5	0.0934692592371	3.23868670064	1.27944180489	31	1
-296.0	0.0928305605205	3.12370766723	1.30037333157	30	1
-272.0	0.0927104582512	3.09247047607	1.30741694612	29	1
-272.0	0.09242673119	3.01267614795	1.2800846837	28	1
-234.5	0.0921444165744	2.86786243576	1.19825808393	27	1
-201.5	0.0913195649063	2.79010289089	1.13283266702	26	1
-191.0	0.0910913118855	2.73217534894	1.13573968614	25	1
-170.0	0.0905380736864	2.66311946061	1.08127575574	24	1
-131.0	0.0902949990437	2.62460775688	1.03194191291	23	1
-105.5	0.0893866567761	2.52184176453	0.977094489898	23	1
-105.5	0.0894014978126	2.52916831525	0.950314741892	23	1
-104.0	0.0892687865021	2.45592497396	0.941496888235	23	1
-104.0	0.0889758736188	2.44626192374	0.939961976688	23	1
-98.0	0.0888445159902	2.36715453813	0.913169566347	23	1
-98.0	0.0886966878712	2.3562132455	0.880846055875	23	1
-98.0	0.0886509828087	2.28717302643	0.938306962348	23	1
-98.0	0.0888678336704	2.23509333041	0.91510184993	23	1
-104.0	0.0890613318756	2.20682884755	0.924163929169	23	0
-104.0	0.0890470329707	2.04270102009	0.84372915143	23	0
-98.0	0.0886509828087	1.81228002145	0.772257350835	23	0
-98.0	0.0885197324373	1.59670664105	0.769826801304	23	0
-89.0	0.0880770284349	1.49291235677	0.776350253996	23	0
-80.0	0.0877495521541	1.515821935	0.751590583191	23	0
-80.0	0.0877619267184	1.4722769155	0.787438051041	22	0
-80.0	0.087712531791	1.39853213855	0.811919668065	21	0
-80.0	0.0875579086223	1.2952613897	0.729694361572	21	0
-63.5	0.0870447603181	1.1722446997	0.681323944444	21	0
-63.5	0	1.0551907489	0.693096046808	21	0
-63.5	0	0.976549504479	0.770550020699	21	0
-26.0	0	0.937208695845	0.770909941488	21	0
40.0	0	0.852837725643	0.808532542412	21	0
118.0	0	1.03110361883	0.924274909323	21	0
118.0	0	0.883276946633	0.892061696269	21	0
118.0	0	0.877944740767	0.912624415099	21	0
118.0	0	0.790913962656	0.894657811367	22	0
118.0	0	0.827790060856	0.918790155139	23	0
118.0	0	0.680260704452	0.962821830388	24	0
164.5	0	0.680907966516	0.973910011362	25	0
184.0	0	0.672338841325	0.98735587961	26	0
164.5	0	0.752355370342	0.985045699302	27	0
164.5	0	0.796137169723	0.986485780835	27	0
164.5	0	0.81745936722	0.951923549762	27	0
164.5	0	0.849403128338	0.991049692556	27	0
118.0	0	0.835018606018	1.05913674079	27	0
164.5	0	0.896333962557	1.07439881234	27	0
118.0	0	0.878584595451	1.1205227057	27	0
118.0	0	0.951017220784	1.17088664555	27	0
118.0	0.0861147849622	1.0174642654	1.17045424474	27	0
80.5	0.0862769069154	1.04247930742	1.20136796379	27	0
70.0	0.0867676598921	1.05589728101	1.21884870819	27	0
70.0	0.0868082965513	0.900676051678	1.24824544702	27	0
70.0	0.0869351145034	0.977772312953	1.16629127774	27	0
31.0	0.0873663885649	1.00370218047	1.16055773991	27	0
-3.5	0.0874576393455	1.15071543566	1.1816935045	27	0
-45.5	0.087712531791	1.24942587697	1.1830676328	27	0
-3.5	0.0872332074708	1.3021808876	1.16744676242	28	0
31.0	0.0871211881212	1.38363016746	1.18723096077	29	0
70.0	0.0865636825033	1.42205095241	1.1613492501	30	1
80.5	0.0864670275476	1.46929109521	1.19579399094	31	1
80.5	0.0856073615441	1.58542474318	1.24905163329	32	1
80.5	0.085675242732	1.70450691837	1.29774548354	33	1
70.0	0.0859523198503	1.72752107801	1.34121585167	34	1
31.0	0.0861079536555	1.80215473831	1.30824140339	35	1
31.0	0.086097716897	1.77541147643	1.28561380715	36	1
31.0	0.0861524547824	1.80057023622	1.27057171772	37	1
31.0	0.0862456244201	1.83577618844	1.35279702421	38	1
-3.5	0.0867861075478	1.86782341183	1.43382037214	39	1
-3.5	0.0869238501002	1.85733177339	1.433923986	39	1
-66.5	0.0870030082087	1.92496108999	1.45292036349	39	1
-134.0	0.0873861453716	2.10889953114	1.4688210225	39	1
-158.0	0.0877908680344	2.20957658594	1.51235103962	39	1
-158.0	0.0876105022998	2.29110916678	1.50581229104	39	1
-134.0	0.0871982893359	2.43056542987	1.51133665702	39	1
-134.0	0.0869501563862	2.46763339681	1.51134699787	39	1
-134.0	0.0868045944484	2.62514927121	1.52241877153	39	1
-158.0	0.087090536791	2.69315248399	1.55258651216	39	1
-230.0	0.0872721691378	2.93882973082	1.56071310388	39	1
-288.5	0.0878615495534	2.94266480085	1.60960485365	39	1
-297.5	0.0885828561904	3.04813576674	1.62887513699	39	1
-297.5	0.0886418694882	3.10939384206	1.70795068376	39	1
-288.5	0.088280322451	3.04792422203	1.7253297364	39	1
-297.5	0.0885512390363	3.16844805551	1.78881275298	39	1
-288.5	0.08775367509	3.17859998301	1.72922328355	39	1
-230.0	0.0871789503096	3.22261923975	1.68553734226	39	1
-233.0	0.0874019828219	3.33796118927	1.65866846446	39	1
-233.0	0.087291715024	3.37299315678	1.63745808004	39	1
-233.0	0.0872526666784	3.34758888857	1.63040934659	40	1
-288.5	0.0875056263665	3.26192010184	1.67442768264	80	1
-288.5	0.0875821437259	3.28436338264	1.64821851511	80	1
-297.5	0.0877002259681	3.32547584094	1.69861467071	80	1
-297.5	0.0877043260095	3.42557288073	1.68842735465	80	1
-297.5	0.087724854734	3.47511541818	1.73995583384	80	1
-297.5	0.0877289661936	3.53002230082	1.70633707849	80	1
-308.0	0.0878740813665	3.50038305857	1.74617444556	80	1
-318.5	0.0879454305816	3.45185861972	1.77923884923	80	1
-342.5	0.0886100451368	3.49189960246	1.78640773279	80	1
-363.5	0.0888538358669	3.53588757305	1.77299207974	40	1
-363.5	0.089496052893	3.56913305303	1.75252924288	40	1
-363.5	0.0896168992322	3.67011023453	1.7623483319	40	1
-363.5	0.0911269890739	3.76799926376	1.75049985536	40	1
-359.0	0.0904600446327	3.5817480841	1.69936449817	39	1
-359.0	0.0903332497464	3.51218471485	1.6695360628	38	1
-363.5	0.0905101315144	3.42242789586	1.64187489899	37	1
-359.0	0.0897188307732	3.43202530632	1.61712149424	36	1
-342.5	0.0895865384529	3.45135652735	1.58981405183	36	1
-318.5	0.0890852134018	3.36412729927	1.53242353662	36	1
-300.5	0.0886966878712	3.31192584865	1.46937974562	36	1
-300.5	0.0884883356931	3.32965854726	1.43621433502	36	1
-300.5	0.0884392182362	3.10342789995	1.41207328543	36	1
-240.5	0.0878740813665	2.94110150954	1.40511962139	36	1
-185.0	0.0874178488223	2.94156742549	1.39221453296	36	1
-240.5	0.0877743185773	2.99494090621	1.35323713646	36	1
-300.5	0.0882019182369	3.11103994907	1.35946386134	36	1
-300.5	0.088051405809	3.01531528725	1.35807176002	36	1
-300.5	0.0877825894463	2.93406565485	1.3565673761	36	1
-240.5	0.0876145609633	2.80528311109	1.31659200746	36	1
-213.5	0.087594286258	2.64457448731	1.28694795605	36	1
-185.0	0.0874496668482	2.6391574509	1.24555830145	36	1
-138.5	0.0871635097652	2.49294337483	1.24033427891	36	1
-69.5	0.0867052293839	2.26101901435	1.15332226411	36	1
-69.5	0.0868901440003	2.32768650368	1.07827021699	35	1
-48.5	0.0867639750571	2.29192266452	0.966635269427	34	1
-48.5	0.0872487713824	2.25642896897	0.981952751907	33	1
-77.0	0.0877043260095	2.24716807362	0.906360439479	32	1
-48.5	0.0876186214911	2.12936070677	0.920937141773	31	1
-77.0	0.0878074484205	1.97258103692	0.937610084924	30	1
-48.5	0.0875780999211	1.89971594656	0.876952071937	29	1
-48.5	0.0876023905596	1.89971594656	0.828550378643	28	1
-48.5	0.0875337398563	1.85030272288	0.840652666987	27	0
-48.5	0.0874896016536	1.80435335282	0.811885026455	26	0
-48.5	0.0874059466418	1.73462727701	0.84175916769	27	0
-30.5	0.0869916558365	1.48948262038	0.844770181277	28	0
-30.5	0.0869765422759	1.38102826978	0.889060936875	29	0
-30.5	0.0868901440003	1.28748202052	0.85137384166	30	0
-14.0	0.0867235447339	1.26405766742	0.80010054695	30	0
-14.0	0.08671987857	1.19993720881	0.838011975609	30	0
10.0	0.0861696322869	0.995464745063	0.862413994318	30	0
10.0	0.0861558875324	0.911845821629	0.87734573738	30	0
55.0	0	0.786946268368	0.795890831423	30	0
10.0	0	0.780905134411	0.805692653387	30	0
10.0	0	0.951654662788	0.830672751788	29	0
55.0	0	1.01560791051	0.816311079593	28	0
55.0	0	1.05343432659	0.899506787028	27	0
4.0	0	1.06396745295	0.92319728752	26	0
55.0	0	1.01690097891	0.956630321665	25	0
55.0	0	1.057747142	1.00127554519	24	0
4.0	0	1.05586363221	1.03352168555	23	0
-30.5	0	1.10311544219	1.06671194643	22	0
-38.0	0	1.25762941288	1.07287294346	21	0
-38.0	0	1.28005520106	1.05330854668	21	0
-38.0	0	1.19602543477	1.01858475368	22	0
-18.5	0	1.06519503915	1.02676367296	23	0
-18.5	0	0.859213901459	0.959936550519	23	0
-38.0	0	0.996246881212	0.886302796153	23	0
-38.0	0	1.02033856145	0.865584470476	23	0
-81.5	0	1.02789669044	0.906146288549	23	0
-81.5	0	1.02661378034	0.940285652908	23	0
-81.5	0	0.856891970594	0.93867609089	23	0
-81.5	0	0.902780321255	0.870465793494	23	0
-81.5	0	0.966149616432	0.860749663978	23	0
-81.5	0	0.711055661295	0.885621124892	23	0
-62.0	0	0.529549124292	0.916946409306	23	0
-122.0	0	0.537435997231	0.855733325643	23	0
-122.0	0	0.522277855401	0.876421172317	23	0
-122.0	0	0.514498757981	0.905437534525	22	0
-62.0	0	0.645724118547	0.834541140267	21	0
-62.0	0	0.622416050341	0.845726082853	21	0
5.5	0	0.62594193203	0.853830727758	21	0
28.0	0	0.631281705156	0.851055767817	21	0
28.0	0	0.610473406553	0.837740173453	21	0
28.0	0	0.630801806477	0.807060961177	21	0
5.5	0	0.803090064143	0.803705418151	21	0
28.0	0	0.798692400509	0.793383402946	21	0
28.0	0	0.801279826825	0.808253259617	21	0
38.5	0	0.736611728811	0.854700921262	22	0
58.0	0	0.67267302276	0.868878593843	23	0
58.0	0	0.714251385877	0.899777541999	24	0
58.0	0	0.740189518812	0.957194332936	25	0
58.0	0	0.715232114289	1.0461399435	26	0
58.0	0	0.659130442608	1.08886276973	26	0
49.0	0	0.548068298348	1.10950978887	26	0
49.0	0	0.499424459511	1.11954105564	26	0
58.0	0	0.459084450675	1.08848465972	26	0
68.5	0	0.479802820321	1.0683385139	26	0
58.0	0	0.572270775837	1.05850898943	27	0
58.0	0	0.512663147662	1.06039782654	28	0
58.0	0	0.586824431404	1.02422933659	29	0
58.0	0	0.589219518074	1.00343461665	30	0
58.0	0	0.589616018466	1.0389773898	31	0
58.0	0	0.451820987302	1.11334094098	32	0
38.5	0	0.481959701474	1.13347637314	33	0
58.0	0	0.519077823518	1.13236655671	34	0
68.5	0	0.514244331117	1.17945488055	35	0
68.5	0	0.486305468937	1.25422480009	36	0
58.0	0	0.373639329548	1.2565016628	37	0
58.0	0	0.262171994524	1.22341868794	38	0
58.0	0	0.251551482859	1.19482968447	39	0
44.5	0	0.38647293747	1.18980373789	40	0
44.5	0	0.300035184109	1.26524296818	40	0
34.0	0	0.327537283156	1.24108079885	39	0
34.0	0	0.503182655486	1.28091528873	38	0
34.0	0	0.57290950539	1.284413556	37	0
34.0	0	0.402303138406	1.26619097402	36	0
44.5	0	0.387360246356	1.31634197476	35	0
44.5	0	0.386145746304	1.30272804749	36	0
34.0	0	0.299439707986	1.31817137477	36	0
44.5	0	0.281794236298	1.28829779935	35	0
20.5	0	0.188403365386	1.26774441987	34	0
-3.5	0	0.0350197292359	1.27430278384	33	0
20.5	0	0.031311328886	1.27076244661	33	0
44.5	0	0.120035215729	1.27149644679	33	0
71.5	0	0.168546393398	1.27246412513	33	0
71.5	0	0.356985637602	1.26488872429	33	0
127.0	0	0.336550309223	1.27034544854	33	0
127.0	0	0.258411941248	1.23907383398	33	0
127.0	0	0.209128637294	1.18143934997	33	0
127.0	0	0.160620359682	1.12797614516	33	0
191.5	0	0.240246714131	1.06769748102	33	0
127.0	0	0.231590102073	1.09948313249	33	0
191.5	0	0.245129981877	1.0622811121	33	0
217.0	0	0.217584041879	1.03911625589	33	0
185.5	0	0.30808249321	1.05039139342	33	0
185.5	0	0.249845967828	1.04702244446	33	0
185.5	0	0.405237881638	1.07068193388	33	0
217.0	0	0.496347072972	1.0314859225	32	0
217.0	0	0.409644942683	0.972255667671	31	0
217.0	0	0.443629873026	0.951385807628	30	0
217.0	0	0.472548926829	0.967746697494	29	0
217.0	0	0.468518586217	0.945280326207	28	0
217.0	0	0.296472218662	0.855388389158	27	0
217.0	0	0.234323368771	0.868171259786	26	0
217.0	0	0.311176313014	0.87917591432	25	0
217.0	0	0.300819809888	0.91458985446	24	0
217.0	0	0.377691851089	0.869661931616	24	0
217.0	0	0.279264580135	0.815007914774	24	0
217.0	0	0.101605674249	0.782371592174	24	0
217.0	0	0.0131433774698	0.75750887971	24	0
217.0	0	0.012576992825	0.716070599555	24	0
206.5	0	0.160110887421	0.688788160764	24	0
217.0	0	0.159892050936	0.704773176508	24	0
206.5	0	0.168222081379	0.677475803318	24	0
181.0	0	0.120703316437	0.747058732119	24	0
181.0	0	0.0773543128131	0.799490850218	24	0
206.5	0	0.0611475323728	0.784988668715	24	0
172.0	0	0.261610157834	0.751476793887	24	0
172.0	0	0.0877019023674	0.783513978453	24	0
151.0	0	0.0499352400494	0.740642499788	23	0
151.0	0	0.0558622092125	0.746902232799	22	0
181.0	0	0.219860920488	0.677192507762	21	0
151.0	0	0.255437191231	0.612273498074	20	0
151.0	0	0.294981800912	0.621972959713	19	0
181.0	0	0.302452498534	0.580179300804	18	0
181.0	0	0.483721230935	0.56126416139	17	0
151.0	0	0.471213101792	0.543364534387	16	0
151.0	0	0.282479487158	0.535204957025	15	0
151.0	0	0.170329309937	0.54572603678	14	0
151.0	0	0.00193778226358	0.575080409682	13	0
151.0	0	0.0982094832772	0.581393107452	12	0
151.0	0	0.0588021416423	0.521543421998	11	0
151.0	0	0.0733899382038	0.478177172265	11	0
122.5	0	0.0533365305809	0.512155126602	11	0
56.5	0	0.192177493818	0.471074478535	11	0
-6.5	0	0.225473672679	0.463060955561	11	0
-14.0	0	0.290542307023	0.434052322221	11	0
-54.5	0	0.300235945644	0.45467498121	11	0
-101.0	0	0.372660974114	0.507310193543	11	0
-101.0	0	0.362152515498	0.512715946034	11	0
-54.5	0	0.378055173393	0.463553570002	10	0
-47.0	0	0.385894355224	0.461237957171	9	0
-14.0	0	0.195342918869	0.509472762953	9	0
2.5	0	0.191165167909	0.527270225988	9	0
2.5	0	0.285241382952	0.43954686183	9	0
-14.0	0	0.371057083811	0.378078756812	9	0
-14.0	0	0.34056884688	0.444832676866	9	0
-14.0	0	0.381178843867	0.544062240687	9	0
-14.0	0	0.312822082142	0.578717897451	9	0
-14.0	0	0.301188519857	0.568450336198	9	0
2.5	0	0.254024291645	0.595247115198	9	0
13.0	0	0.468058245872	0.611192906266	9	0
2.5	0	0.479731767342	0.647288894313	9	0
2.5	0	0.364771788315	0.709729647051	9	0
13.0	0	0.335343732269	0.670751951343	8	0
26.5	0	0.487396467617	0.671837433936	9	0
26.5	0	0.500285458697	0.655137250228	10	0
74.5	0	0.710614168272	0.691632626743	11	0
130.0	0	0.619320842383	0.704351251517	12	0
74.5	0	0.630993508029	0.792145243479	12	0
74.5	0	0.70164103169	0.76267380746	13	0
74.5	0	0.699788354943	0.801338268829	14	0
125.5	0	0.77686550317	0.850897020423	15	0
125.5	0	0.779146434182	0.859161391281	16	0
74.5	0	0.857224421531	0.964108424215	17	0
74.5	0	0.928441283286	0.994586170865	18	0
107.5	0	0.89021089539	0.938890333945	18	0
70.0	0	0.964467114919	1.00466540636	18	0
26.5	0	0.888563127241	1.05610645832	18	0
5.5	0	0.894787839975	1.09645724359	18	0
5.5	0	1.00799394411	1.10789030394	19	0
11.5	0	1.00362315487	1.14546138406	20	0
1.0	0	1.0424951481	1.22505806838	21	0
1.0	0	0.956104277144	1.23138208686	22	0
11.5	0	0.899707403933	1.24339021111	23	0
19.0	0	0.865035436316	1.20583691738	23	0
29.5	0	0.9373790767	1.20961413666	23	0
70.0	0	0.952271185133	1.17168138542	23	0
70.0	0	0.881874898991	1.17517879821	23	0
70.0	0	0.814760643889	1.22090462061	23	0
70.0	0	0.746926303605	1.26747477519	23	0
107.5	0	0.665948554145	1.26185855004	23	0
70.0	0	0.804206748875	1.2828488368	23	0
107.5	0	0.814300601321	1.28770888083	23	0
107.5	0	0.720474526996	1.38853242533	23	0
125.5	0	0.678121422172	1.46483321907	23	0
107.5	0	0.691053579219	1.50450717438	24	0
125.5	0	0.654864301132	1.48319833272	25	0
143.5	0	0.609501446322	1.46551914449	26	0
143.5	0	0.645584927764	1.51832486126	27	0
143.5	0	0.715742620053	1.5465125947	28	0
143.5	0	0.734335489896	1.55867239413	28	0
143.5	0	0.742039066523	1.57632646502	28	0
143.5	0	0.892209782236	1.57080187867	28	0
125.5	0	0.934490022713	1.57280088743	27	0
121.0	0	1.00555402024	1.58445428269	26	0
67.0	0	1.01720552874	1.58263523233	25	0
26.5	0	1.02179889635	1.50662598886	24	0
14.5	0	1.11383669251	1.46187017952	24	0
14.5	0	1.20095182413	1.39584986044	24	0
14.5	0	1.13092389614	1.40711394319	24	0
1.0	0	1.17001751532	1.37474237799	24	0
-51.5	0	1.15348885475	1.36621426945	24	0
-71.0	0	1.12294252689	1.39634876354	24	0
-24.5	0	1.01084674078	1.35414099713	24	0
-71.0	0	0.967599574726	1.34811308935	24	0
-71.0	0	1.0418071406	1.410728458	24	0
-24.5	0	1.17657563269	1.32908224256	24	0
-24.5	0	1.34728979546	1.2815325964	25	0
-0.5	0	1.46518525145	1.21880000679	26	0
-24.5	0	1.42568695556	1.24466050044	27	0
-71.0	0	1.40404420611	1.23462027564	28	0
-24.5	0	1.34125124209	1.19405769812	29	0
-0.5	0	1.33856596712	1.14668846103	30	0
-9.5	0	1.3376825621	1.13442682067	31	0
-9.5	0	1.13154785795	1.18031508027	32	0
-29.0	0	1.06192462036	1.27050603852	33	0
-29.0	0	0.975170229439	1.31024802571	34	0
-29.0	0	1.01705138551	1.25270599925	34	0
-71.0	0	0.975663450751	1.23997209107	34	0
-129.5	0	1.05755571913	1.13446983168	33	0
-144.5	0	1.09841422356	1.12189729154	32	0
-180.5	0	1.02794826988	1.06795008529	31	0
-212.0	0	1.02881104745	1.05925503579	30	0
-212.0	0	1.06433620267	1.04459572736	29	0
-212.0	0	1.03405704617	1.01156685012	28	0
-180.5	0	1.01894141719	0.962866209614	27	0
-180.5	0	0.843114219245	0.969429826351	26	0
-180.5	0	0.880924161744	0.997189953061	27	0
-180.5	0	0.873247586719	1.00041807434	28	0
-212.0	0	0.764886050838	0.987398265921	29	0
-225.5	0	0.722973752484	0.965796796429	30	0
-212.0	0	0.729672438897	0.923801586133	31	0
-212.0	0	0.709114980566	0.782992190301	31	0
-212.0	0	0.656781809993	0.779952948462	31	0
-180.5	0	0.512362942689	0.771297535556	31	0
-144.5	0	0.407475903613	0.783268092723	31	0
-86.0	0	0.469894547638	0.798552490242	31	0
-86.0	0	0.235277020505	0.864164944348	31	0
-86.0	0	0.0633940625721	0.917630141105	31	0
-29.0	0	0.0903942597557	0.955129146055	30	0
-29.0	0	0.324065243795	0.929570523425	29	0
-29.0	0	0.447059750051	0.95088240391	28	0
-5.0	0	0.453007509626	0.927793848128	27	0
-71.0	0	0.359866862188	0.985667674103	26	0
-71.0	0	0.308306823801	0.932459326584	25	0
-71.0	0	0.277790896823	0.910700116893	24	0
-71.0	0	0.131197689518	0.938921690598	23	0
-3.5	0	0.161620992514	0.964177913072	22	0
-3.5	0	0.144350308029	0.989744916756	21	0
7.0	0	0.180598720905	0.964736298191	20	0
7.0	0	0.169829913577	0.966614340045	19	0
-3.5	0	0.186073647682	0.988840730146	18	0
-3.5	0	0.189044094564	0.945925276318	18	0
-60.5	0	0.205552596183	0.8942278736	18	0
-60.5	0	0.363136641492	0.834571039947	18	0
-60.5	0	0.389694321885	0.792033015846	18	0
-152.0	0	0.508542570076	0.742055664871	18	0
-152.0	0	0.53587826252	0.852454071148	18	0
-60.5	0	0.665686133233	0.842709765416	18	0
7.0	0	0.524571943338	0.920875023569	18	0
23.5	0	0.430998969644	0.908082486171	18	0
46.0	0	0.341129347558	0.896922378339	17	0
56.5	0	0.334219773914	0.858548308852	16	0
46.0	0	0.357996448994	0.878491610356	15	0
23.5	0	0.56078868865	0.968006313427	14	0
23.5	0	0.662064477876	0.941481393107	13	0
23.5	0	0.916128602309	0.918579235246	13	0
50.5	0	1.01292312342	0.887137766087	13	0
68.5	0	1.16255341124	0.865987973561	13	0
77.5	0	1.26513790009	0.811124001233	13	0
77.5	0	1.14389787959	0.773541181413	13	0
68.5	0	1.08207364528	0.786618140227	13	0
77.5	0	1.19298017653	0.84823357727	13	0
77.5	0	1.24563088602	0.810381201633	13	0
68.5	0	1.30380872253	0.789122112537	13	0
68.5	0	1.38117290964	0.787123093873	13	0
50.5	0	1.36139674428	0.827015384215	13	0
68.5	0	1.65771019886	0.771190811108	14	0
68.5	0	1.91564823133	0.751070439104	15	0
50.5	0	1.92626634257	0.706460144663	16	0
50.5	0	1.56473606363	0.729586260035	16	0
68.5	0	1.63857897235	0.645232693278	16	0
50.5	0	1.71943283152	0.566975749914	16	0
68.5	0	1.87650969896	0.458246296036	16	0
68.5	0	1.96330997719	0.424832039061	16	0
70.0	0	1.92236133128	0.45198188434	15	0
67.0	0	2.0444464274	0.438272165452	15	0
67.0	0	1.96388355749	0.520533554605	15	0
67.0	0	1.9924330764	0.475426042516	15	0
67.0	0	2.01477277226	0.427215835767	15	0
67.0	0	2.05511840804	0.39749194026	15	0
76.0	0	2.11662730473	0.341275715755	15	0
76.0	0	1.96232916484	0.38168273122	15	0
76.0	0	1.92753555955	0.472486888473	15	0
67.0	0	1.98432667985	0.485227967289	15	0
76.0	0	1.98946591952	0.456122582358	16	0
76.0	0	1.91960821012	0.511867078881	17	0
76.0	0	1.80041772607	0.408365558623	17	0
67.0	0	1.69792587704	0.360256022435	17	0
46.0	0	1.77069656516	0.35503256843	17	0
17.5	0	2.03750432257	0.341865383886	17	0
17.5	0	2.21143365907	0.346304271738	17	0
17.5	0	2.23658151536	0.345099936266	17	0
17.5	0	2.25743186916	0.360932753375	17	0
17.5	0	2.14173839717	0.226079305822	17	0
17.5	0	2.09872371286	0.206858813243	17	0
17.5	0	2.08486373675	0.205024634327	17	0
17.5	0	2.04523698065	0.202237331173	17	0
-32.0	0	1.85050081896	0.212387962756	17	0
-32.0	0	1.85084932406	0.279694788572	17	0
-32.0	0	2.01288852374	0.349094996857	17	0
17.5	0	2.05785943624	0.359899877278	16	0
-32.0	0	1.93610514325	0.423788014868	15	0
-71.0	0	1.95415308379	0.474335405461	14	0
-71.0	0	1.89009805664	0.476408909962	14	0
-71.0	0	1.83850024303	0.466620182998	14	0
-35.0	0	1.74548734343	0.470101911859	14	0
-35.0	0	1.54391117862	0.491664274991	14	0
17.5	0	1.3239594233	0.473068122725	14	0
52.0	0	1.27928505925	0.486590786195	14	0
52.0	0	1.35129408847	0.509554529529	14	0
52.0	0	1.14025467074	0.552626202017	14	0
52.0	0	1.10904338171	0.552301873972	14	0
52.0	0	0.969076042595	0.543049826753	14	0
86.5	0	0.910893615432	0.576250755203	15	0
89.5	0	0.940491223889	0.512046559325	16	0
131.5	0	0.846879385807	0.532032928939	16	0
131.5	0	0.921595687449	0.395136502083	16	0
197.5	0	0.964433067502	0.395860995367	16	0
197.5	0	0.955757445061	0.416178990216	15	0
241.0	0	0.900262470152	0.449476844413	14	0
241.0	0	0.750497690933	0.506169742758	14	0
197.5	0	0.926883163814	0.458951376788	14	0
197.5	0	0.921942866128	0.471576955648	14	0
197.5	0	0.848065397899	0.444493947537	14	0
131.5	0	0.902034945112	0.353579001102	14	0
131.5	0	0.875529064346	0.401140764764	14	0
131.5	0	0.888878029549	0.483869214585	14	0
175.0	0	0.931128346836	0.545809325114	14	0
218.5	0	0.946672886109	0.580402084925	14	0
271.0	0	0.685294336853	0.59907883103	14	0
218.5	0	0.69440435604	0.666862986768	14	0
175.0	0	0.683896058685	0.700556490331	15	0
175.0	0	0.683332841235	0.685804884755	16	0
175.0	0	0.615529041359	0.769246718945	17	0
175.0	0	0.634985114637	0.790207077367	18	0
175.0	0	0.563100015274	0.842295864476	19	0
175.0	0	0.520902245646	0.917079185395	20	0
215.5	0	0.500230993105	0.923382554913	21	0
175.0	0	0.439789104406	0.886718834402	22	0
175.0	0	0.463573293777	0.858310081179	23	0
175.0	0	0.281275127042	0.863598085096	24	0
215.5	0	0.257391787386	0.842879586695	25	0
241.0	0	0.188415861524	0.843656357904	26	0
241.0	0	0.393371038775	0.875198759697	27	0
215.5	0	0.44073306641	0.904564940588	28	0
215.5	0	0.487947911821	0.867006301511	28	0
175.0	0	0.594860338788	0.828282419662	28	0
143.5	0	0.50868991529	0.854973148951	27	0
133.0	0	0.398591810384	0.899846481139	26	0
164.5	0	0.329393921991	0.91862453934	25	0
164.5	0	0.319106740834	0.961742891306	24	0
196.0	0	0.27001024291	1.0311330721	25	0
164.5	0	0.541829176824	0.990331782698	25	0
133.0	0	0.663239580246	0.945689002616	25	0
77.5	0	0.556646666626	1.00156320226	25	0
23.5	0	0.650515568559	0.959618961474	25	0
76.0	0	0.634579006914	0.989849724948	25	0
16.0	0	0.606414409868	0.937383218327	26	0
-0.5	0	0.578094860098	0.875069670688	27	0
-20.0	0	0.506466431435	0.891076678333	27	0
-78.5	0	0.651483891382	0.833429401242	27	0
-69.5	0	0.456166595767	0.868609184805	27	0
-69.5	0	0.444801673972	0.822925938326	27	0
-114.5	0	0.461164346891	0.886476245972	27	0
-128.0	0	0.503800033045	1.02863064204	27	0
-134.0	0	0.55087454464	0.984584638593	26	0
-134.0	0	0.469143642055	0.911534525656	25	0
-134.0	0	0.55445604261	0.859041423386	24	0
-134.0	0	0.56548257861	0.836144640838	23	0
-143.0	0	0.720199897386	0.793907862817	22	0
-135.5	0	0.673758746443	0.694370350628	21	0
-135.5	0	0.725114885052	0.707358199244	20	0
-129.5	0	0.723455983909	0.701915011824	19	0
-129.5	0	0.823221170932	0.689787575561	18	0
-114.5	0	0.747316814824	0.723935577104	17	0
-114.5	0	0.777527210206	0.697867126912	16	0
-129.5	0	0.766224776635	0.707220128513	15	0
-129.5	0	0.758614410189	0.70617219333	15	0
-114.5	0	0.808002543711	0.702298980756	15	0
-86.0	0	0.78293381916	0.696360114909	15	0
-114.5	0	1.01302316754	0.681394561038	15	0
-114.5	0	0.906751442962	0.684621689868	15	0
-114.5	0	0.896362876809	0.677022751644	15	0
-86.0	0	0.746667679628	0.677602963048	15	0
-30.5	0	0.757454044768	0.678963183172	15	0
-86.0	0	0.625425272339	0.7176270011	15	0
-30.5	0	0.602816134567	0.767120560042	15	0
-30.5	0	0.707295969021	0.719353676461	16	0
-30.5	0	0.823035750653	0.689180698591	17	0
-30.5	0	0.835205260572	0.667926183451	17	0
-30.5	0	0.889416439092	0.650154325634	17	0
-30.5	0	0.96899736382	0.603706086572	17	0
-30.5	0	0.931899816104	0.638506755946	17	0
34.0	0	0.808081840943	0.690160912222	17	0
74.5	0	0.810527173737	0.707764865512	17	0
94.0	0	0.696827026536	0.760462517461	17	0
94.0	0	0.705280760509	0.772414107253	17	0
98.5	0	0.609722622091	0.839739569095	17	0
100.0	0	0.638318695497	0.882046085259	17	0
115.0	0	0.666149063081	0.79163179529	17	0
130.0	0	0.638870630152	0.798889321531	17	0
130.0	0	0.80504800575	0.850591331352	17	0
139.0	0	0.854196768324	0.847544176952	17	0
139.0	0	0.913086657492	0.793651669158	17	0
