orf_length_med	shannon_slope	at_skew	gc_skew	max_direction	status
154.0	0	1.05117771	0.979020151474	23	0
154.0	0	1.04352898635	1.11334031055	23	0
115.0	0	1.05896105827	1.19564175019	23	0
115.0	0	0.72814257822	0.996969334113	23	0
115.0	0	0.666060059134	0.93486213191	22	0
154.0	0	0.571318554162	0.943674801848	22	0
115.0	0	0.366844067259	0.883678064791	22	0
115.0	0	0.386103691216	0.895056882575	22	0
82.0	0	0.400618734003	0.932226648705	22	0
82.0	0	0.508234186641	1.07910962003	22	0
82.0	0	0.418017973234	1.09446438834	22	0
62.5	0	0.422087245918	1.01197237893	22	0
62.5	0	0.319629040907	1.12708694517	21	0
62.5	0	0.428018386007	0.919137967511	21	0
82.0	0	0.440027304587	0.963393282091	21	0
82.0	0	0.430881742373	1.07633854753	21	0
62.5	0	0.280413111183	1.03770292559	21	0
23.5	0	0.217811346494	1.15118030136	21	0
23.5	0	0.202411698426	1.03935636117	21	0
-8.0	0	0.31635723304	1.05614503925	21	0
-8.0	0	0.232757125071	1.08324090737	21	0
11.5	0	0.213436995649	0.930475479466	21	0
40.0	0	0.171921198525	0.913860425274	21	0
40.0	0	0.250619783149	0.860634920063	21	0
11.5	0	0.373820014925	1.01893409371	20	0
-8.0	0	0.398594562808	0.902835795922	19	0
-8.0	0	0.163388332766	0.883384338024	18	0
-8.0	0	0.246587613737	0.911034766671	17	0
-23.0	0	0.343899397938	1.0046158062	16	0
-38.0	0	0.289887877661	1.04533148071	15	0
-38.0	0	0.331126159703	1.0865811721	14	0
-23.0	0	0.3542156231	1.1672152426	13	0
-23.0	0	0.430745234763	1.19512772337	12	0
-38.0	0	0.498326839372	1.34800065476	13	0
-74.0	0	0.451767472761	1.41365191653	13	0
-74.0	0	0.437251563495	1.33856904407	13	0
-111.5	0	0.449089609023	1.14924393123	13	0
-123.5	0	0.501684893049	0.980892402865	13	0
-137.0	0	0.52301321506	0.873557608636	13	0
-141.5	0	0.574572945126	0.868809728273	13	0
-135.5	0	0.77490101378	0.893798138942	13	0
-123.5	0	0.615044499615	0.884615393483	13	0
-123.5	0	0.632298138267	0.640224457181	13	0
-111.5	0	1.11012342799	0.788600059061	13	0
-111.5	0	1.17410315601	0.939285194376	13	0
-123.5	0	1.22347747395	1.06610013449	13	0
-123.5	0	1.34665440958	1.00241370478	13	0
-123.5	0	1.38395335074	1.1065125595	13	0
-111.5	0	1.32157816415	1.07815543342	13	0
-111.5	0	1.23070815476	0.962982338171	13	0
-111.5	0	1.22645182311	0.866395780081	13	0
-123.5	0	1.08373068746	0.939096890253	13	0
-123.5	0	1.23538052283	0.901171952959	13	0
-134.0	0	1.39988208699	0.984177384595	13	0
-138.5	0	1.56833805863	0.985153337882	13	0
-138.5	0	1.64091765913	1.05284786157	13	0
-138.5	0	1.61137294464	1.00614680917	13	0
-138.5	0	1.68303910173	0.885384064702	12	0
-138.5	0	1.73987792052	0.872876399639	12	0
-138.5	0	1.60622899182	0.793761913376	12	0
-134.0	0	1.4315210302	0.717992683998	12	0
-134.0	0	1.3618664605	0.833194873698	12	0
-134.0	0	1.31305863967	0.835617127361	12	0
-116.0	0	1.30833215566	0.813650686017	12	0
-134.0	0	1.1971902423	0.586823653268	13	0
-134.0	0	1.09739628445	0.600142075377	14	0
-119.0	0	1.00637700092	0.33963225564	14	0
-95.0	0	1.03319685039	0.465460499979	14	0
-95.0	0	0.813599980462	0.457341405618	14	0
-69.5	0	0.855389317848	0.479728493311	14	0
-69.5	0	0.691931790807	0.563608634316	14	0
-69.5	0	0.675551884944	0.447978716971	14	0
-69.5	0	0.709629349924	0.409895325321	15	0
-69.5	0	0.619793495272	0.347325382444	16	0
-69.5	0	0.581965623497	0.407660377332	17	0
-69.5	0	0.367242860318	0.479226202885	18	0
-69.5	0	0.52532807062	0.601091990562	19	0
-44.0	0	0.647819955648	0.737653777114	20	0
-44.0	0	0.763993289679	0.796022545477	20	0
-35.0	0	0.846129949838	0.909199130668	20	0
-35.0	0	0.699816646719	0.930137287738	20	0
-35.0	0	0.830363464722	1.00866536478	20	0
-9.5	0	0.771671122925	1.14858451365	20	0
-9.5	0	0.497722338348	1.10812649176	20	0
-9.5	0	0.353357775028	1.01133959	20	0
-9.5	0	0.0519721845964	0.824670319498	20	0
41.5	0	0.207968083835	0.935444543526	20	0
41.5	0	0.0278193106101	0.721416083971	20	0
50.5	0	0.113377539416	0.683774394092	20	0
50.5	0	0.028017077955	0.693744960721	21	0
50.5	0	0.149831300325	0.709787962058	22	0
50.5	0	0.125954559334	0.778929751016	22	0
89.5	0	0.153471662047	0.843977316976	22	0
89.5	0	0.123599060725	0.76671496741	22	0
124.0	0	0.0400160304086	0.783863431807	22	0
89.5	0	0.105867629273	0.690061445937	22	0
50.5	0	0.0409484709445	0.851906050057	22	0
50.5	0	0.0304233587962	0.728024630051	22	0
89.5	0	0.015238755178	0.840156157764	22	0
124.0	0	0.00704277021552	1.01755307877	22	0
89.5	0	0.0328566145916	0.966464380132	22	0
50.5	0	0.050322307586	1.07992254526	22	0
22.0	0	0.0173115956398	0.844825283534	22	0
22.0	0	0.156858125451	0.857283738499	22	0
50.5	0	0.20048951577	1.0357441336	22	0
50.5	0	0.164509182511	1.21347414529	22	0
28.0	0	0.310362699029	1.52571731286	21	0
19.0	0	0.0702397529445	1.42598747502	20	0
19.0	0	0.0493476302061	1.39491552588	19	0
19.0	0	0.101104272842	1.37166387665	18	0
-26.0	0	0.34019805993	1.19672400682	17	0
-26.0	0	0.393962351159	1.22786732692	16	0
-26.0	0	0.33533205924	1.08619518901	16	0
-26.0	0	0.500042481381	1.21561467343	16	0
17.5	0	0.510599381922	0.94569680555	16	0
17.5	0	0.555337270765	0.912875644781	16	0
17.5	0	0.487711401727	0.97386840376	16	0
-26.0	0	0.516349686997	0.841580809225	16	0
17.5	0	0.623394843696	0.829939031109	16	0
17.5	0	0.398483670258	0.791223475216	16	0
23.5	0	0.506764858073	0.80250338992	16	0
23.5	0	0.528991096042	0.72437955857	15	0
-21.5	0	0.68017712527	0.831674477305	14	0
-77.0	0	0.732107933184	0.617642513232	13	0
-77.0	0	0.565794398412	0.398237956425	12	0
-21.5	0	0.880179436522	0.465511100069	11	0
-21.5	0	0.758340480221	0.401960512688	11	0
23.5	0	0.93838501127	0.608721179188	11	0
23.5	0	0.888625714445	0.73787904866	11	0
55.0	0	0.792987380414	0.807061132492	11	0
55.0	0	0.951487177656	0.859799419334	11	0
55.0	0	0.784077399192	0.884178069015	11	0
23.5	0	0.712182478194	0.344979070288	11	0
55.0	0	0.651776619343	0.41811527417	11	0
23.5	0	0.613519780135	0.440314605286	11	0
55.0	0	0.743738945474	0.625675002992	11	0
110.5	0	0.683908029749	0.525716415993	10	0
110.5	0	0.719829187152	0.682396531004	10	0
71.5	0	0.655657262473	0.685855886232	10	0
71.5	0	0.649334731376	0.614382180849	10	0
110.5	0	0.658765017185	0.676199138036	10	0
140.5	0	0.631193270995	0.587778323261	10	0
155.5	0	0.670108272981	0.789475048827	10	0
155.5	0	0.559764743226	0.789093362736	10	0
196.0	0	0.612248566141	0.72460877016	10	0
352.0	0	0.852874749848	0.619696054652	10	0
479.5	0	0.958598094697	0.648427366674	9	0
479.5	0	1.1147277811	0.655242048757	9	0
479.5	0	1.26099089201	0.636159293512	9	0
352.0	0	1.23210343733	0.640721529824	9	0
431.5	0	1.21826734392	0.775301466006	9	0
431.5	0	1.0826403525	0.992729910427	9	0
305.5	0	1.05016075156	1.29235501053	9	0
305.5	0	0.719000972212	1.01495093375	10	0
196.0	0	0.848631550934	1.30078307264	10	0
155.5	0	1.02560523994	1.3728740801	10	0
196.0	0	0.966028498733	1.40265197169	10	0
196.0	0	0.922506890417	1.53579435767	9	0
155.5	0	0.882614191969	1.4804375764	9	0
142.0	0	1.05921167529	1.48641931633	9	0
142.0	0	0.969034465778	1.51974961891	9	0
142.0	0	0.955324459846	1.49029696229	9	0
155.5	0	0.536402185723	1.26526202912	9	0
155.5	0	0.688269056592	1.62700710588	9	0
155.5	0	0.906088983663	1.98649673644	9	0
155.5	0	0.957686317458	2.04580574271	10	0
142.0	0	1.18489405515	2.12561720995	11	0
142.0	0	1.29893147677	2.24538771242	12	0
133.0	0	1.42775786554	2.28420201371	12	0
133.0	0	1.29450979404	2.10446185103	12	0
142.0	0	1.31143903343	1.93752987718	12	0
142.0	0	1.14617462242	1.83623440292	12	0
143.5	0	1.18652068483	2.39752069162	12	0
140.5	0	1.1911606262	2.34525103087	12	0
140.5	0	1.3228780227	2.25935693594	12	0
133.0	0	1.21766066428	2.1386257394	12	0
133.0	0	1.1912944581	2.14954113366	12	0
115.0	0	1.07784326128	2.07486277306	12	0
115.0	0	1.1804848472	2.15976288255	12	0
115.0	0	1.09791059308	2.01170669141	12	0
115.0	0	1.04988647991	2.01172377264	12	0
65.5	0	1.25697803896	2.00612709934	12	0
26.5	0	1.36207744593	2.13336470777	12	0
26.5	0	1.30377964241	2.00469011053	12	0
25.0	0	1.38656030397	2.00590933502	12	0
23.5	0	1.30646784362	1.83947880419	12	0
23.5	0	1.18791078504	1.57454765592	12	0
17.5	0	1.22502722573	1.51056855313	12	0
8.5	0	1.30729885814	1.45408548414	12	0
-38.0	0	1.29737529858	1.41401432214	13	0
-89.0	0	1.35940440724	1.28666594289	14	0
-89.0	0	1.39334810559	0.866787749095	15	0
-138.5	0	1.24542520952	0.677467847466	16	0
-89.0	0	1.47149101142	0.700967410749	17	0
-89.0	0	1.42993346448	0.461845924155	18	0
-89.0	0	1.4773153449	0.336135745811	19	0
-89.0	0	1.38290095711	0.0908177117354	20	0
-66.5	0	1.30078739294	0.132599748234	21	0
-66.5	0	1.24039280797	0.237307879293	22	0
-0.5	0	1.13533442753	0.447576745396	23	0
-0.5	0	0.946269564747	0.720817618064	24	0
-8.0	0	0.887656745617	0.87719805579	24	0
-8.0	0	1.1232496978	0.93174934491	24	0
17.5	0	0.850586263016	1.27436833108	24	0
25.0	0	0.706075459266	1.57070438431	24	0
25.0	0	0.596379649453	1.69034597889	24	0
29.5	0	0.553315930891	1.68407578044	24	0
29.5	0	0.485944454721	1.91329945639	24	0
29.5	0	0.613604001854	2.22711250746	23	0
17.5	0	0.817798726808	2.06846085695	23	0
17.5	0	0.99496604695	1.80510092141	24	0
29.5	0	1.15294335206	1.75502227973	25	0
17.5	0	1.03796459044	1.96645597256	26	0
17.5	0	1.01452864907	2.02422010477	27	0
17.5	0	0.825320246971	1.8449507084	27	0
17.5	0	0.803458093033	1.87701202163	27	0
17.5	0	0.676922954647	1.93598245103	27	0
29.5	0	0.784353052756	1.98016570338	27	0
34.0	0	0.571913992178	2.13945932937	27	0
34.0	0	0.582390039752	2.06655682441	27	0
34.0	0	0.651667570994	2.11347723122	27	0
34.0	0	0.487685583834	2.02412706296	27	0
34.0	0	0.43545496215	2.10249160161	27	0
22.0	0	0.572252824146	1.91860905318	27	0
34.0	0	0.545327111817	1.95218477874	26	0
65.5	0	0.453276297974	1.81581618335	25	0
73.0	0	0.547114653589	1.54273121294	24	0
94.0	0	0.412986265288	1.41724523596	23	0
94.0	0	0.264733381398	1.34307964877	22	0
118.0	0	0.362881011981	1.20867851712	21	0
118.0	0	0.219901158446	1.10225377679	20	0
118.0	0	0.147699107353	0.898473430188	19	0
118.0	0	0.229139802939	0.923510383405	18	0
124.0	0	0.232106861572	0.735545846283	17	0
118.0	0	0.188590767903	0.665687478971	16	0
124.0	0	0.0127427579952	0.631002273337	15	0
124.0	0	0.207389470563	0.485470134278	14	0
124.0	0	0.359976419007	0.320440969265	13	0
124.0	0	0.300747995242	0.151767370507	13	0
124.0	0	0.260792283546	0.0554320083251	13	0
124.0	0	0.480592794984	0.212662710975	13	0
124.0	0	0.510773646314	0.53182572532	13	0
124.0	0	0.497914029367	0.791805806292	13	0
124.0	0	0.601743781706	1.00927654003	13	0
100.0	0	0.774216879299	1.18693801248	13	0
100.0	0	0.746962434675	1.23375081648	13	0
55.0	0	0.552211140341	1.16723695134	14	0
55.0	0	0.450491628388	1.22381037692	13	0
100.0	0	0.378218748624	1.56759131534	13	0
100.0	0	0.157540286922	1.62133223821	13	0
100.0	0	0.0146610161464	1.44856100924	13	0
173.5	0	0.0133135888367	1.46783344414	13	0
223.0	0	0.150774489191	1.58145200095	13	0
223.0	0	0.119492463217	1.67219095151	13	0
223.0	0	0.181923659833	1.57213655103	13	0
257.5	0	0.200080680584	1.55289030036	13	0
223.0	0	0.0925966392281	1.55017077353	13	0
173.5	0	0.128961321216	1.71067913972	13	0
101.5	0	0.418818933085	1.91739292498	13	0
77.5	0	0.414662272081	1.83948303014	13	0
73.0	0	0.37379597322	1.85094579942	13	0
73.0	0	0.525157485732	1.79107669893	13	0
73.0	0	0.509941873789	1.5613105673	13	0
73.0	0	0.492604766857	1.65687030785	13	0
50.5	0	0.539814764875	1.70906085403	13	0
50.5	0	0.552839930402	1.67908125625	13	0
-5.0	0	0.453316852966	1.60855445035	14	0
-57.5	0	0.665833181238	1.52718130475	15	0
-83.0	0	0.81859698155	1.45478901487	16	0
-83.0	0	0.675760102663	1.27819780535	16	0
-57.5	0	0.619380022408	1.0780697401	16	0
-57.5	0	0.676444339448	1.09018596669	16	0
-41.0	0	0.741578676523	1.20698081596	16	0
-41.0	0	0.754810799247	1.14237055038	16	0
14.5	0	0.763305653628	1.26889721113	16	0
-41.0	0	0.984690377906	1.28933883575	16	0
-57.5	0	0.950844559532	1.35261192993	16	0
-83.0	0	0.871548896213	1.24722300667	16	0
-83.0	0	1.00391770486	1.37292965385	16	0
-71.0	0	1.16832514965	1.50086688774	16	0
-71.0	0	1.14934724985	1.450257031	15	0
-71.0	0	1.18017818905	1.40001883487	15	0
-83.0	0	1.2187456946	1.35378223709	15	0
-83.0	0	1.13931221333	1.40602690403	15	0
-71.0	0	0.917210440822	1.48999021026	16	0
-54.5	0	1.02084237812	1.61001236256	17	0
-54.5	0	1.04073969871	1.5361016031	18	0
-41.0	0	1.14546693624	1.54759451355	19	0
-54.5	0	1.11526920396	1.46302256154	20	0
-83.0	0	1.30182153613	1.4323700381	21	0
-83.0	0	1.32222861456	1.46041028134	22	0
-83.0	0	1.36449812667	1.5294753106	23	0
-83.0	0	1.36224350909	1.571022908	24	0
-54.5	0	1.53257174843	1.52091845335	25	0
-54.5	0	1.50209834609	1.58386021669	26	0
-62.0	0	1.49412141228	1.63664221018	27	0
-48.5	0	1.73792018534	1.74501739521	28	0
-41.0	0	1.72227859432	1.752796555	29	0
-48.5	0	1.62435667098	1.57962800687	29	0
-48.5	0	1.67450516544	1.63694422587	29	0
-41.0	0	1.65465731198	1.64051461456	28	0
-48.5	0	1.40547805955	1.52517238818	27	0
-9.5	0	1.37469477276	1.64420545952	26	0
28.0	0	1.17013697991	1.56223572142	25	0
28.0	0	1.03744576742	1.41163062887	25	0
-6.5	0	1.02688887021	1.39252598563	25	0
28.0	0	1.11058378402	1.4383889	25	0
28.0	0	1.02262698025	1.61955201149	25	0
41.5	0	0.954954346664	1.67608090103	25	0
28.0	0	0.914473667871	1.75715609663	25	0
41.5	0	0.816372708421	1.85738354357	25	0
41.5	0	0.892701000913	1.90830499705	25	0
28.0	0	0.771750610789	1.94317513063	25	0
20.5	0	0.60398375865	2.12468519336	25	0
20.5	0	0.784267007855	2.16729494443	25	0
28.0	0	0.609907717479	2.0989463077	26	0
41.5	0	0.616077467145	2.01569022399	27	0
59.5	0	0.642781984236	2.02976545846	28	0
41.5	0	0.676578961935	1.84756294694	28	0
41.5	0	0.649400169326	1.73893259129	27	0
41.5	0	0.576621747549	1.70102759478	26	0
59.5	0	0.604873185478	1.57216113201	25	0
68.5	0	0.580882532345	1.44763506479	24	0
68.5	0	0.67559817724	1.33900909652	23	0
68.5	0	0.837943652785	1.25852435163	22	0
62.5	0	0.8448577806	1.10956886939	21	0
68.5	0	0.873768840675	1.20223451417	20	0
62.5	0	0.925487948486	1.20972203758	19	0
68.5	0	0.930738730175	1.23007830975	18	0
68.5	0	0.981512130969	1.20648512591	17	0
62.5	0	1.01956786224	1.29692112616	16	0
53.5	0	0.837571666524	1.27775786349	17	0
34.0	0	0.618509124324	1.31837702846	18	0
5.5	0	0.446883422919	1.37246668097	18	0
34.0	0	0.466012446843	1.27716111174	18	0
34.0	0.0860162604706	0.3868339928	1.20486928936	18	0
5.5	0.0861216217191	0.475678387986	1.15381295319	18	0
-21.5	0.0864812787449	0.635266447931	1.34294531911	18	0
-21.5	0.0865997566201	0.652916134281	1.25983845655	18	0
-21.5	0.0867345525266	0.579768380395	0.940899450648	18	0
-56.0	0.0874099122475	0.558484569418	0.779481717505	18	0
-56.0	0.0873545557479	0.803217972822	0.844337180228	18	0
-56.0	0.0873348697063	0.767642844914	0.821353400101	18	0
-56.0	0.0873861453716	0.906087710737	0.714499991504	18	0
-42.5	0.0871635097652	1.03509180387	0.822177195847	18	0
-42.5	0.0872293208041	1.09022197956	0.803149280137	18	1
-86.0	0.0876064454991	1.14735037269	0.767535091458	18	1
-86.0	0.087712531791	1.26516319898	0.555930270318	19	1
-107.0	0.0880898673914	1.45332478437	0.446191648699	20	1
-107.0	0.088280322451	1.6890647167	0.305848898994	21	1
-107.0	0.0879757013549	1.84137185132	0.243827310623	22	1
-107.0	0.0878879125042	1.84397872478	0.16538761542	23	1
-120.5	0.08797736793	2.10716691937	0.111834429115	24	1
-164.0	0.0882184621339	2.14964039368	0.103342755632	25	1
-255.5	0.0884344887164	1.90896777205	0.241369167853	25	1
-255.5	0.0885838580827	2.09809116514	0.209082798004	25	1
-315.5	0.0888626340084	2.10199867326	0.211273548563	25	1
-315.5	0.0889326238654	2.11719778672	0.2133973062	25	1
-255.5	0.0883039181064	2.04845857943	0.279052642476	25	1
-164.0	0.0877368935378	2.1098576436	0.130148811901	25	1
-266.0	0.0879149463164	2.21770683375	0.142066620199	25	1
-332.0	0.088066805376	2.04149980672	0.0412754451515	25	1
-332.0	0.088160897337	1.81589561011	0.0132964187264	25	1
-332.0	0.0882299554339	1.81286101246	0.145727104911	25	1
-332.0	0.0882733889022	1.87775980024	0.308444845536	24	1
-285.5	0.0878565827757	1.87365006716	0.320454537178	23	1
-285.5	0.0873951282371	1.86582293196	0.323822581584	24	1
-285.5	0.0870358038756	1.80535921885	0.313497949393	24	1
-332.0	0.0874386180608	1.94312972888	0.312170366425	24	1
-332.0	0.0870395901995	1.95146354656	0.361893837616	24	1
-285.5	0.0867015994163	1.96016629142	0.350562197766	24	1
-225.5	0.0862336289949	2.19249359495	0.325407463322	24	1
-285.5	0.0863762844388	2.36701882506	0.211103813154	24	1
-272.0	0.0862924920077	2.20188728989	0.208746406826	24	1
-272.0	0.0862924920077	2.27747516293	0.210436344575	24	1
-225.5	0.085936118895	2.48833082859	0.255054548913	24	1
-201.5	0.0856831232674	2.3957888386	0.34901102675	24	1
-201.5	0.0857217874903	2.29764828695	0.148961179559	24	1
-164.0	0.0855949602238	2.25737240467	0.285027646227	23	1
-164.0	0.0854939425572	2.2165772033	0.621815864395	22	1
-116.0	0.0853203503357	2.30848555891	0.688766928123	21	1
-116.0	0.0853436446344	2.12632867564	0.470107487842	20	1
-116.0	0.0849363571248	2.16574498538	0.48380192476	19	1
-164.0	0.0850411631296	2.00902316535	0.595167771169	18	1
-164.0	0.0849420872761	1.9224057491	0.605056799718	17	1
-164.0	0.0849599559235	1.87469565499	0.541410613231	16	1
-164.0	0.0849391128773	1.78057719937	0.580884141692	16	0
-164.0	0.0849838403258	1.70409231616	0.642046277019	16	0
-164.0	0.0849183216693	1.39684548906	0.681913367574	16	0
-164.0	0.0849123908125	1.22255345098	0.708753716728	16	0
-188.0	0.085241906503	1.07890512622	0.669346756732	16	0
-197.0	0.0855081391134	1.11672494421	0.808364055902	16	0
-188.0	0.0853974948242	0.965292884412	0.805809071872	16	0
-155.0	0.0852388238662	1.05393194954	0.78280938972	16	0
-116.0	0.084467949161	1.14445696292	0.791801419835	16	0
-116.0	0.0833848627881	1.09491695623	0.863364172786	16	0
-92.0	0	1.08703082449	0.943535590508	16	0
-98.0	0	0.897297078843	1.06996152428	16	0
-98.0	0	0.723208189763	1.1942683408	16	0
-98.0	0	0.685025251478	1.18220088481	16	0
-65.0	0	0.714411069474	1.3432072799	16	0
-26.0	0	0.793440295831	1.33156696025	16	0
-26.0	0	1.17824758248	1.18055467413	16	0
-26.0	0	1.23600870506	1.11185227354	16	0
38.5	0	1.19319161003	1.04891285107	16	0
38.5	0	1.18991006583	1.07320311676	16	0
38.5	0	1.08199657606	0.945330964711	16	0
38.5	0	1.04803461418	0.971528679303	16	0
38.5	0	0.861519452521	0.885034637475	16	0
38.5	0	0.586399084279	0.848927067831	16	0
38.5	0	0.612302940613	0.873975263254	16	0
-26.0	0	0.578510601717	0.773375182101	16	0
38.5	0	0.591857039651	0.807042128098	16	0
86.5	0	0.798528940216	0.854591958916	16	0
86.5	0	0.759130075122	0.907479488763	15	0
86.5	0	0.689829523589	0.910890260033	15	0
41.5	0	0.579428088451	0.74227168223	15	0
86.5	0	0.471440139207	0.631649052651	15	0
92.5	0	0.326571933472	0.489774072796	15	0
98.5	0	0.479175352246	0.665249645104	15	0
98.5	0	0.445167192206	0.746836956654	15	0
98.5	0	0.462633519721	0.795958749449	15	0
92.5	0	0.603612175591	0.849112019605	15	0
92.5	0	0.851815624491	0.699964152823	14	0
92.5	0	0.823860754993	0.753014175085	13	0
98.5	0	0.80858294728	0.84469542493	12	0
197.5	0	0.76959059219	0.845146665763	12	0
197.5	0	0.662959342414	0.955644405493	13	0
311.5	0	0.719458138061	0.962500761677	14	0
311.5	0	0.696303557916	1.01534730075	15	0
311.5	0	0.841548110555	1.21238798206	15	0
311.5	0	0.692429587101	0.923574092602	15	0
311.5	0	0.827796453321	0.92593831283	15	0
311.5	0	0.971045475773	0.978479706063	14	0
197.5	0	1.02887820465	0.755926126939	13	0
98.5	0	0.947909178039	0.708655317651	13	0
98.5	0	1.04825143287	0.706479777523	13	0
178.0	0	1.32246985283	0.558240646628	13	0
178.0	0	1.64235080716	0.680594198938	13	0
98.5	0	1.65138556165	0.632953259125	13	0
98.5	0	1.46998992814	0.478723139071	13	0
98.5	0	1.50580570927	0.506831461887	12	0
98.5	0	1.40647273966	0.42515871559	12	0
176.5	0	1.34847072751	0.516991127222	12	0
98.5	0	1.29455749445	0.24742652808	12	0
73.0	0	1.24853777396	0.100286439476	12	0
40.0	0	1.388410653	0.271286878288	12	0
40.0	0	1.31250399619	0.179122492435	11	0
40.0	0	1.27006274278	0.185806886347	11	0
14.5	0	1.42652811277	0.178456978303	11	0
14.5	0	1.38429209532	0.176991274064	11	0
40.0	0	1.43253752578	0.328391022415	11	0
14.5	0	1.47691409194	0.311255854798	11	0
-6.5	0	1.34587138083	0.276393647607	11	0
-6.5	0	1.28899577549	0.0611453125819	11	0
-50.0	0	1.36809238256	0.15562877306	11	0
-50.0	0	1.45659576531	0.236193024358	11	0
-110.0	0	1.46830859897	0.301717454196	11	0
-110.0	0	1.70689903054	0.42899669912	11	0
-110.0	0	1.4879349013	0.217364090531	12	0
-110.0	0	1.605078445	0.238489472746	12	0
-50.0	0	1.58234155028	0.380783206015	12	0
-50.0	0	1.48954904982	0.436866233473	11	0
7.0	0	1.37805769474	0.51637374304	10	0
-50.0	0	1.34358881728	0.497469501644	9	0
-50.0	0	1.37688479883	0.479908296843	8	0
-116.0	0	1.40430729616	0.417022446858	7	0
-116.0	0	1.38665665111	0.342989630039	7	0
-116.0	0	1.32604214374	0.202046858823	7	0
-116.0	0	1.27357179576	0.28591943052	7	0
-116.0	0	1.21179061465	0.497038407111	7	0
-50.0	0	1.30687467759	0.664134383334	7	0
-116.0	0	1.26651384644	0.612692944628	7	0
-80.0	0	1.15139267825	0.647538641347	7	0
-80.0	0	1.1438367418	0.956312686783	7	0
7.0	0	1.12006090179	0.840631668726	7	0
-80.0	0	0.955597203512	0.568550068236	7	0
-156.5	0	0.840764354343	0.611090753882	7	0
-156.5	0	0.794924196739	0.566655818441	8	0
-156.5	0	0.638317017663	0.404882773983	9	0
-156.5	0	0.635677287385	0.236800177472	10	0
-156.5	0	0.576720668728	0.0320367424981	11	0
-80.0	0	0.491666030065	0.16377382159	12	0
-156.5	0	0.320238520093	0.00326878198122	13	0
-186.5	0	0.317222198034	0.111307346474	14	0
-186.5	0	0.258912698865	0.177893893417	15	0
-156.5	0	0.128402176317	0.0236556538422	16	0
-156.5	0	0.194914343534	0.0359163966538	17	0
-137.0	0	0.0403108643603	0.0350198421939	18	0
-137.0	0	0.125438187476	0.056833271942	19	0
-137.0	0	0.164749605011	0.00651068201259	20	0
-156.5	0	0.210449809227	0.034577824587	21	0
-137.0	0	0.262683236489	0.0572789531651	22	0
-54.5	0	0.329754681368	0.089723815083	23	0
-137.0	0	0.419109077578	0.382225969449	24	0
-147.5	0	0.300789076773	0.40314608478	25	0
-147.5	0	0.287029848904	0.458648770567	24	0
-147.5	0	0.397859408391	0.645440771187	24	0
-186.5	0	0.271344754651	0.725299220753	24	0
-186.5	0	0.488024890024	0.804314298804	24	0
-186.5	0	0.356074235174	0.879233197794	24	0
-186.5	0	0.354396874557	0.892631436629	25	0
-147.5	0	0.312557725129	0.844542690542	25	0
-147.5	0	0.305213347607	0.784417785836	25	0
-54.5	0	0.227406128674	0.802174475117	25	0
-54.5	0	0.217096434137	0.969949433719	25	0
49.0	0	0.0240195622473	1.00230739797	26	0
83.5	0	0.106023861263	1.1275267691	27	0
83.5	0	0.24199182908	1.14404694633	27	0
95.5	0	0.452910856462	1.16443520451	27	0
95.5	0	0.419021619989	0.864644650313	27	0
95.5	0	0.259568661981	0.647306629713	27	0
95.5	0	0.359573525747	0.572341660481	27	0
83.5	0	0.368307149163	0.638394547434	27	0
95.5	0	0.244634411861	0.425649391843	27	0
95.5	0	0.2740680086	0.581235233858	26	0
103.0	0	0.237395020839	0.868845639741	25	0
107.5	0	0.167933192496	0.817355691714	24	0
115.0	0	0.0102848283613	0.74360956175	23	0
119.5	0	0.0243580003544	0.839202829828	22	0
122.5	0	0.0687749298868	0.836004558519	22	0
122.5	0	0.025131827325	1.06001729952	22	0
127.0	0	0.0795904543925	1.12511249736	21	0
127.0	0	0.260097209863	1.28752819798	20	0
133.0	0	0.41441756931	1.40091523469	19	0
133.0	0	0.467863512901	1.51337793683	18	0
133.0	0	0.485797131666	1.57523635488	17	0
133.0	0	0.642738908747	1.77594925183	16	0
133.0	0	0.851888718213	1.75451293713	15	0
133.0	0	0.775642328378	1.62374740915	14	0
133.0	0	0.609327447725	1.58481249526	14	0
133.0	0	0.340975354652	1.43247025482	14	0
127.0	0	0.0820388169343	1.40372761939	14	0
122.5	0	0.170522331842	1.41595135757	14	0
122.5	0	0.121065342264	1.19666239385	14	0
127.0	0	0.218920656626	1.1361090105	14	0
133.0	0	0.142777817938	0.824492544436	14	0
133.0	0	0.0874517575176	0.709802605823	14	0
133.0	0	0.0967605757632	0.598362739488	14	0
127.0	0	0.0779629933651	0.529889324425	14	0
127.0	0	0.125167855317	0.424026635978	14	0
122.5	0	0.00732762054567	0.222061108768	14	0
122.5	0	0.141017941559	0.14323637142	13	0
121.0	0	0.0100538187188	0.123369302053	14	0
115.0	0	0.0442872791994	0.0757634965126	15	0
110.5	0	0.0156267741943	0.103441589898	15	0
89.5	0	0.22607872539	0.113975462924	15	0
89.5	0	0.00805440352431	0.127100156718	15	0
64.0	0	0.0374350092143	0.0636295676896	15	0
43.0	0	0.0192982727296	0.0569356476278	15	0
20.5	0	0.165879583334	0.0536518326423	15	0
-23.0	0	0.369124039581	0.216677538733	15	0
20.5	0	0.313069735487	0.439787884942	15	0
20.5	0	0.274607839889	0.382077711844	15	0
20.5	0	0.349957689478	0.492882222342	14	0
-23.0	0	0.397413884899	0.516999156447	14	0
-47.0	0	0.433382925127	0.604189124262	14	0
-47.0	0	0.5459068492	0.749336761768	14	0
-47.0	0	0.469086902299	0.815261263142	14	0
-47.0	0	0.58928429617	0.961685212238	14	0
-47.0	0	0.810428567166	1.17698026141	14	0
-47.0	0	0.831189019762	1.11916477818	15	0
-74.0	0	0.720590067355	1.12729428245	15	0
-74.0	0	0.732030041885	1.01492088432	15	0
-110.0	0	0.664088951568	0.931395500597	15	0
-171.5	0	0.768925834425	0.834274162161	15	0
-171.5	0	0.603300402407	0.674466122974	15	0
-212.0	0	0.549453712493	0.427336547683	15	0
-221.0	0	0.528387144016	0.556637581123	15	0
-212.0	0	0.631294797344	0.708786485303	15	0
-212.0	0	0.689556218033	0.708363292474	15	0
-212.0	0	0.969697502363	0.825219379771	15	0
-171.5	0	1.25413337147	0.925965827706	15	0
-108.5	0	1.16539119502	0.864926156586	15	0
-72.5	0	0.987705429033	0.94053146054	15	0
-72.5	0	0.846957067541	0.831147559564	15	0
-72.5	0	0.943573505589	1.13769987794	15	0
-108.5	0	0.807357543683	0.952735159022	15	0
-114.5	0	0.844888130899	0.893460125325	15	0
-114.5	0	0.855463335377	0.889082432385	15	0
-171.5	0	0.823255150682	0.942455780607	15	0
-171.5	0	1.08148174644	1.27095636341	15	0
-171.5	0	1.10097049664	1.15518322997	15	0
-114.5	0	0.955494293997	1.19014911265	15	0
-114.5	0	1.14093506433	1.21108115264	15	0
-92.0	0	1.07628681784	1.13043459533	15	0
-33.5	0	1.03808069335	1.15773554293	15	0
-92.0	0	1.26588615134	1.32394830469	14	0
-92.0	0	1.26598658912	1.39705308594	13	0
-33.5	0	1.06299603737	1.35792745268	12	0
-33.5	0	1.01760202998	1.36679541267	11	0
47.5	0	0.987623644112	1.35203826515	12	0
-33.5	0	0.98223320158	1.28700920114	12	0
-92.0	0	1.01230131571	1.26775264045	12	0
-92.0	0	1.0572606769	1.28879495184	11	0
-92.0	0	1.1079851209	1.3541307854	10	0
-92.0	0	1.149025262	1.07990162147	9	0
-111.5	0	1.00519795212	0.867356525584	8	0
-128.0	0	1.25939624264	0.722912610352	7	0
-189.5	0	1.17255777534	0.795099122146	8	0
-189.5	0	1.13453503789	0.778031992036	9	0
-267.5	0	1.12298145481	0.911085749193	9	0
-189.5	0	1.24065298391	0.942964436539	9	0
-189.5	0	1.19134932115	0.786407175265	9	0
-279.5	0	0.991729476793	0.640633824056	9	0
-279.5	0	0.758407157406	0.68112872506	9	0
-279.5	0	1.10165572093	0.949032914179	9	0
-186.5	0	1.14441782599	1.09048126068	10	0
-186.5	0	1.28277983128	1.07143498045	11	0
-186.5	0	1.18631699752	0.879011431249	12	0
-111.5	0	1.22937954134	1.05518129253	13	0
-111.5	0	1.12194673351	0.984327408618	14	0
-111.5	0	1.02794248887	0.912280962763	15	0
-186.5	0	1.11246854102	1.04380682319	15	0
-279.5	0	1.23153670957	0.921345578256	15	0
-315.5	0	1.23692871681	0.817613667037	15	0
-315.5	0	1.17116102709	0.674610662778	15	0
-327.5	0	1.27039760579	0.636350446914	15	0
-327.5	0	1.17616630174	0.496496651657	16	0
-300.5	0	1.1167824612	0.505268948161	17	0
-257.0	0	1.14907036913	0.429544441194	18	0
-186.5	0	0.949212669187	0.256425800494	18	0
-186.5	0	1.04002436545	0.448952897354	18	0
-186.5	0	0.931610031432	0.482921750764	18	0
-24.5	0	0.89849990996	0.542884233484	18	0
-186.5	0	1.09704009943	0.422704932445	18	0
-186.5	0	1.109889459	0.324502575929	18	0
-186.5	0	1.14798578766	0.30650634525	18	0
-53.0	0	1.15310981704	0.363168945975	18	0
-65.0	0	1.16475818576	0.375596711125	18	0
7.0	0	1.23478143577	0.465778041586	18	0
7.0	0	1.31599071806	0.489168276184	18	0
32.5	0	1.21575208071	0.453833905325	18	0
32.5	0	1.19662994552	0.340036837586	18	0
32.5	0	1.14355069473	0.354399069036	18	0
32.5	0	0.893361473122	0.096469253076	18	0
32.5	0	0.911369569168	0.284055264888	18	0
32.5	0	0.95051173311	0.474713409725	18	0
32.5	0	0.766920284181	0.646673437356	18	0
32.5	0	0.831248042537	0.630584139169	18	0
7.0	0	0.882239000073	0.761966616927	18	0
32.5	0	0.894570673497	0.741310573877	18	0
32.5	0	0.907367052363	0.886032906489	18	0
32.5	0	0.977942956083	1.06344837371	17	0
53.5	0	1.1527061002	1.32257010735	16	0
68.5	0	1.33048167359	1.28325731766	15	0
68.5	0	1.34616675321	1.35346061259	16	0
58.0	0	1.29478337553	1.41291103216	17	0
58.0	0	1.07564794264	1.18311861187	17	0
50.5	0	1.21430099513	1.08649776895	17	0
50.5	0	1.23910172763	0.977967075081	17	0
50.5	0	1.05311640397	0.872577411807	17	0
50.5	0	0.842251065253	0.776757131115	17	0
50.5	0	0.754431692188	0.648502934527	16	0
58.0	0	0.78563893128	0.767204486828	15	0
68.5	0	0.947422446842	0.823748099987	15	0
58.0	0	0.977489411822	0.839350324219	15	0
58.0	0	1.0098976432	1.03977999837	15	0
70.0	0	1.14026813516	1.32060871286	16	0
58.0	0	1.28278935244	1.47914857763	16	0
58.0	0	1.31312923761	1.54915193494	16	0
50.5	0	1.48290980815	1.63192693984	16	0
32.5	0	1.49813348836	1.48289835296	16	0
7.0	0	1.6710668509	1.585719552	16	0
7.0	0	1.63513139001	1.53223259557	16	0
7.0	0	1.3792904888	1.54789138859	16	0
-20.0	0	1.28532045543	1.68840192139	16	0
7.0	0	1.41392564924	1.66945086781	16	0
20.5	0	1.49493818046	1.66213739512	16	0
5.5	0	1.60772891654	1.67456780984	16	0
5.5	0	1.63782395912	1.73241076617	16	0
10.0	0	1.52370892671	1.57812800016	16	0
-98.0	0	1.57597859846	1.38481939065	16	0
10.0	0	1.66457232915	1.61446843784	16	0
10.0	0	1.73124588066	1.55796909898	16	0
47.5	0	1.96077268557	1.78070390906	17	0
55.0	0	1.99955324936	1.83125132612	18	0
55.0	0	2.11161422438	1.83583678703	19	0
58.0	0	2.20090923632	1.77801310997	20	0
58.0	0	2.17625014008	1.68673795199	20	0
58.0	0	2.03703070405	1.54858168432	20	0
55.0	0	1.9868146449	1.49239448306	21	0
47.5	0	1.96497436976	1.4333894565	22	0
47.5	0	2.04040290687	1.53874807818	23	0
47.5	0	1.91078476449	1.45050898113	23	0
47.5	0	1.69862858083	1.59075856755	23	0
47.5	0	1.63584877251	1.59123356733	23	0
47.5	0	1.58037145421	1.57653921807	23	0
113.5	0	1.72875028199	1.7635464264	23	0
175.0	0	1.65835856755	1.92121455237	23	0
113.5	0	1.58985249947	1.78266179162	23	0
113.5	0	1.58069921427	1.98196205626	23	0
47.5	0	1.7638526107	1.95361843411	22	0
113.5	0	1.88139950685	2.0672142384	21	0
47.5	0	1.9374058605	2.15163655969	21	0
29.5	0	1.88465204605	2.30604476026	21	0
29.5	0	1.9061323444	2.4129289265	21	0
29.5	0	1.8563266471	2.34469856682	21	0
29.5	0	1.8113349218	2.28708037621	22	0
29.5	0	1.79952843043	2.10656233886	23	0
19.0	0	1.72513764814	2.05814816898	24	0
29.5	0	1.67175743048	2.05373897703	25	0
29.5	0	1.74001317752	2.25200966025	26	0
47.5	0	1.59097921609	2.13358482626	27	0
47.5	0	1.60273706985	2.16140776438	28	0
47.5	0	1.66864413529	2.1941460628	28	0
47.5	0	1.81217511827	2.16706426918	28	0
47.5	0	1.61191610608	2.08428064667	28	0
47.5	0	1.55513203714	2.09530361443	27	0
94.0	0	1.39780342067	2.04920098144	26	0
47.5	0	1.20332500688	1.9053848001	25	0
47.5	0	1.25459141174	2.01650945905	24	0
47.5	0	1.34880352535	2.12963021983	23	0
38.5	0	1.24685656502	2.00284409564	22	0
28.0	0	0.8936628244	1.82152020983	21	0
19.0	0	0.674076373189	1.66197270084	21	0
-0.5	0	0.642379476954	1.46181505582	21	0
-33.5	0	0.559338659299	1.48960073686	21	0
-60.5	0	0.718714101914	1.48562791602	21	0
-60.5	0	0.504019383498	1.50700744976	21	0
-33.5	0	0.686609707433	1.58651978705	21	0
-60.5	0	0.575240504005	1.52631753572	21	0
-60.5	0	0.521484331566	1.54053249691	21	0
-77.0	0	0.592466033713	1.42803335308	21	0
-95.0	0	0.688640937239	1.5689233404	22	0
-95.0	0	0.835074290047	1.56533387343	23	0
-95.0	0	0.855290577611	1.55295749021	24	0
-95.0	0	0.970593713416	1.52504015283	25	0
-95.0	0	0.933773782078	1.37762584717	26	0
-95.0	0	0.663015095963	1.30662499492	26	0
-95.0	0	0.557218522977	1.38247818899	26	0
-95.0	0	0.507187891782	1.33608688151	26	0
-135.5	0	0.514241383071	1.33943611729	26	0
-168.5	0	0.370036154541	1.22269717796	25	0
-168.5	0	0.329450815122	1.04252450857	24	0
-186.5	0	0.249194111981	0.974759450142	23	0
-186.5	0	0.279768344195	0.869949190065	23	0
-143.0	0	0.375762582896	0.864735850557	23	0
-186.5	0	0.504692455787	0.886161283056	23	0
-186.5	0	0.222818863074	0.962443348026	23	0
-186.5	0	0.217344219438	1.00707814648	23	0
-237.5	0	0.228541913418	0.879692874233	23	0
-264.5	0	0.211166466447	0.880520975306	23	0
-278.0	0	0.362154876939	0.95498138866	23	0
-294.5	0	0.469340116883	0.832654100932	23	0
-306.5	0	0.676198112617	0.741692657114	23	0
-312.5	0	0.706547018444	0.597761590489	22	0
-345.5	0	0.900729292272	0.516946659758	21	0
-356.0	0	0.811302152789	0.369755289162	20	0
-381.5	0	0.792383407132	0.506708029751	20	0
-381.5	0	0.743675127819	0.565799856518	20	0
-381.5	0	0.643503152193	0.683255117403	20	0
-356.0	0	0.427193132244	0.801092358969	20	0
-356.0	0	0.412924807236	0.785257197834	20	0
-330.5	0	0.606930562604	1.02566137699	20	0
-330.5	0	0.734825041861	1.08239689606	19	0
-330.5	0	0.658589300764	1.17477320036	18	0
-320.0	0	0.660716483112	1.0259355473	17	0
-320.0	0	0.548456760848	1.13866917465	16	0
-314.0	0	0.729678429765	1.02924865707	15	0
-314.0	0	0.671147323025	1.0174786706	14	0
-312.5	0	0.856043567912	1.15502696609	13	0
-312.5	0	0.850184056052	0.979220687245	12	0
-306.5	0	0.788057359419	1.03462343838	12	0
-306.5	0	0.896260944219	0.986607119831	12	0
-306.5	0	0.970534864664	0.952703434266	12	0
-306.5	0	0.94981060722	0.854841604083	12	0
-306.5	0	0.867943762488	0.84272507004	12	0
-312.5	0	1.00451515374	1.05321861979	13	0
-312.5	0	1.27814993214	1.22385140163	14	0
-312.5	0	1.49044257295	1.32160877901	15	0
-312.5	0	1.6505748603	1.31171804801	16	0
-306.5	0	1.68200811122	1.53633862801	17	0
-296.0	0	1.81761829798	1.65378835289	18	0
-296.0	0	1.8340807106	1.71221470699	19	0
-285.5	0	1.94264333865	1.74629398002	20	0
-285.5	0	1.78038601411	1.80215362657	20	0
-296.0	0	1.81282986845	1.67460866932	20	0
-285.5	0	1.73524410462	1.64549433538	20	0
-261.5	0	1.89080177443	1.53225957401	20	0
-261.5	0	1.79781973174	1.39447240527	20	0
-239.0	0	1.73524778237	1.49155189484	20	0
-239.0	0	1.50528385991	1.46242222179	20	0
-239.0	0	1.25162567528	1.4563306756	20	0
-230.0	0	0.997158579025	1.36894023139	20	0
-230.0	0	0.815037513875	1.2144578497	20	0
-230.0	0	0.547045471255	1.21229856582	20	0
-230.0	0	0.389674596222	1.24301390131	20	0
-230.0	0	0.384966872543	1.21107709895	20	0
-230.0	0	0.52814788949	0.798042609801	20	0
-230.0	0	0.846550784312	0.566730170911	20	0
-230.0	0	0.842425662734	0.318710948828	20	0
-230.0	0	1.03177901887	0.248666694096	20	0
-230.0	0	1.12985405977	0.252799996122	20	0
-230.0	0	1.14414474366	0.436861168869	20	0
-230.0	0	1.23981491253	0.641427254778	20	0
-230.0	0	1.36926725116	0.732377526005	19	0
-230.0	0	1.32935035211	0.71472859048	19	0
-264.5	0	1.19256062442	0.355988614571	19	0
-294.5	0	1.22343949664	0.348898531514	19	0
-264.5	0	1.26145777295	0.362763931666	19	0
-264.5	0	1.1169760937	0.241274420518	19	0
-264.5	0	1.14570627528	0.321068832272	19	0
-294.5	0	1.06563154794	0.198734154101	19	0
-294.5	0	1.01538114039	0.187296214111	19	0
-294.5	0	1.07269654958	0.21565162212	19	0
-303.5	0	0.944549922905	0.0668063215784	19	0
-327.5	0	1.00635759366	0.113393926571	18	0
-327.5	0	0.878188813862	0.0129504065928	17	0
-327.5	0	0.863123176539	0.0467769787832	16	0
-327.5	0	0.82101870707	0.0222464653076	15	0
-357.5	0	0.896236241613	0.171655441368	15	0
-357.5	0	0.915640538801	2.56212119493e-05	15	0
-372.5	0	0.916316171472	0.034533792596	15	0
-390.5	0	0.910974071152	0.149961120804	15	0
-390.5	0	0.800875734454	0.0353188259542	15	0
-416.0	0	0.76687119463	0.0538006402348	15	0
-390.5	0	0.689901279068	0.119916270054	15	0
-416.0	0	0.468492625978	0.133947583367	15	0
-444.5	0	0.450121154616	0.187239961847	15	0
-438.5	0	0.408281035088	0.391435418196	15	0
-438.5	0	0.534122653269	0.257851306161	15	0
-390.5	0	0.544672017881	0.207952672553	15	0
-357.5	0	0.807235282773	0.173289110739	15	0
-357.5	0	0.974877312981	0.354175903233	15	0
-357.5	0	1.06631465153	0.640864699611	15	0
-318.5	0	1.29552541054	0.763339055244	15	0
-318.5	0	1.40373519515	0.899164630758	15	0
-291.5	0	1.36327053068	1.03348478983	15	0
-243.5	0	1.27831267182	1.16447297597	15	0
-197.0	0	1.03776595876	1.37999356454	15	0
-197.0	0	1.06525521431	1.47201587179	15	0
-243.5	0	0.944105628835	1.31304201263	15	0
-191.0	0	0.824628886989	1.28138814236	15	0
-167.0	0	0.72838937496	1.06238898641	15	0
-167.0	0	0.548415746663	0.923242979655	15	0
-167.0	0	0.487833905083	0.845674753017	15	0
-144.5	0	0.549347868804	0.989071123863	14	0
-104.0	0	0.706475297789	1.27716497741	13	0
-33.5	0	0.688345767126	1.30258409809	12	0
-69.5	0	0.669774599256	1.34131254896	11	0
47.5	0	0.81128468299	1.45468955427	10	0
-69.5	0	0.941234715845	1.57409656192	10	0
-66.5	0	0.911953751088	1.44545403664	11	0
-93.5	0	0.862871189016	1.39856492868	11	0
-93.5	0	0.725434769548	1.38941967132	11	0
-93.5	0	0.800776382206	1.50615791667	11	0
-93.5	0	0.838956942778	1.39878600267	11	0
-26.0	0	0.833069011843	1.43998532456	11	0
-93.5	0	0.910658002688	1.4894804299	11	0
-93.5	0	0.965078592044	1.51780396685	11	0
-26.0	0	0.999497544579	1.38991054366	12	0
-26.0	0	0.995950601251	1.27974213265	13	0
53.5	0	0.91999655417	1.25508250377	14	0
110.5	0	0.920729071407	1.168157973	15	0
53.5	0	0.969626210521	1.37556689724	16	0
119.5	0	1.0914811504	1.43999066023	17	0
151.0	0	1.029323211	1.38119265057	18	0
151.0	0	0.916019011375	1.40427900383	18	0
151.0	0	0.652075306047	1.00483060904	18	0
182.5	0	0.917296565429	0.892271680382	18	0
151.0	0	0.848247492921	0.839361410495	18	0
182.5	0	1.05922467632	0.899781405907	18	0
151.0	0	0.858112591026	0.766323362023	18	0
119.5	0	0.826899118497	0.747511042038	18	0
53.5	0	0.860799673811	0.712508770808	18	0
-26.0	0	0.87100596433	0.701423293307	18	0
53.5	0	0.647991700969	0.595760183194	18	0
53.5	0	0.739335670904	0.692769186969	18	0
71.5	0	0.783633089829	0.907847767469	18	0
71.5	0	0.787848981145	0.956206884511	18	0
71.5	0	0.666657469855	1.13764322342	18	0
119.5	0	0.711606827688	1.37436871587	18	0
85.0	0	0.762651660826	1.32617540996	18	0
85.0	0	0.742175437048	1.32166171186	18	0
85.0	0	0.935146100268	1.3722323606	18	0
-8.0	0	0.790882051349	1.27412145871	18	0
-81.5	0	0.734469451744	1.19236010137	18	0
-81.5	0	0.723055414862	1.09499529733	17	0
-122.0	0	0.734652982272	1.14884045776	17	0
-122.0	0	0.73725716038	0.877057821664	17	0
-122.0	0	0.64521873684	0.696946699269	17	0
-81.5	0	0.449468373432	0.55134402907	17	0
-23.0	0	0.498356523589	0.799097157569	17	0
22.0	0	0.592211959357	0.873053705176	17	0
22.0	0	0.441067184097	0.689940226991	17	0
22.0	0	0.451350435756	0.676504498091	16	0
22.0	0	0.435397834632	0.725510140888	15	0
22.0	0	0.349349885102	0.804001228076	14	0
22.0	0	0.221322350939	0.733582225376	13	0
22.0	0	0.0691620032821	0.704471771635	12	0
22.0	0	0.0565798993668	0.580278442929	11	0
-51.5	0	0.0590378225429	0.810552344211	10	0
-51.5	0	0.0632875696281	0.776562363253	9	0
-51.5	0	0.0744070930148	0.801377864543	9	0
-47.0	0	0.0420759629095	0.710892698832	9	0
-105.5	0	0.0448122942314	0.707241829621	10	0
-156.5	0	0.195495923566	0.75593855959	10	0
-105.5	0	0.480577171086	0.927745977547	10	0
-47.0	0	0.792630363285	1.07483137183	10	0
-105.5	0	0.686930095323	1.09094736306	10	0
-47.0	0	0.694056156187	1.27612400594	10	0
-47.0	0	0.52983877276	1.13065701284	10	0
22.0	0	0.590364428754	1.2799387997	10	0
22.0	0	0.613322099063	1.17790456591	10	0
22.0	0	0.479300997379	1.08556199387	10	0
22.0	0	0.283988657002	0.981422140199	10	0
-47.0	0	0.372712411683	1.03735656041	10	0
22.0	0	0.314174106636	0.815422292774	10	0
-47.0	0	0.334966797482	0.778291892009	11	0
-47.0	0	0.427780533036	0.720586825846	11	0
-47.0	0	0.659625163329	0.561286108308	11	0
-47.0	0	0.528125347636	0.418085480301	11	0
64.0	0	0.502694641015	0.484535895213	11	0
-47.0	0	0.606608266563	0.307494225335	11	0
64.0	0	0.510464484182	0.226911995821	11	0
64.0	0	0.676206879134	0.412148925152	11	0
133.0	0	0.731025855521	0.622837625218	11	0
133.0	0	0.607598389841	0.618156051853	11	0
133.0	0	0.59647623512	0.583297687323	11	0
154.0	0	0.559258443201	0.717967922552	11	0
154.0	0	0.593912248539	0.763382270127	11	0
154.0	0	0.657473815221	0.789629175292	11	0
133.0	0	0.642311983596	0.753502661913	12	0
77.5	0	0.606685060724	0.665002299048	13	0
22.0	0	0.858660883607	0.666416154165	13	0
77.5	0	0.7349742895	0.792126299293	13	0
142.0	0	0.660457701636	0.720270985292	13	0
98.5	0	0.827588687244	0.713182776906	13	0
98.5	0	0.92765677597	0.739243697762	13	0
22.0	0	1.02813864523	0.718558451517	13	0
22.0	0	0.930653145376	0.703232062799	14	0
98.5	0	0.97154751175	0.594408023249	15	0
98.5	0	0.870144915651	0.568658562967	16	0
22.0	0	0.943841545095	0.461908148303	17	0
22.0	0	0.915250756551	0.526174829753	18	0
98.5	0	0.962013870347	0.649664848175	19	0
98.5	0	1.04547224082	0.472432982009	20	0
98.5	0	1.11762887272	0.622827198498	21	0
98.5	0	1.10795221736	0.690492152759	22	0
98.5	0	1.00075544906	0.839448556641	23	0
98.5	0	1.00338477131	0.918384881849	24	0
41.5	0	1.26577025881	1.11219239504	25	0
22.0	0	1.29692092905	1.0091640981	25	0
41.5	0	1.25505251151	1.18264537207	25	0
106.0	0	1.37059554515	1.3064180621	25	0
191.5	0	1.42484482582	1.39657656929	25	0
191.5	0	1.36949082022	1.41968594369	25	0
191.5	0	1.49584959482	1.58039038163	25	0
191.5	0	1.4328322002	1.55710476332	25	0
160.0	0	1.27946731499	1.46753743178	25	0
247.0	0	1.21482498267	1.53722837465	25	0
247.0	0	1.3535185764	1.68219278547	26	0
247.0	0	1.27014216072	1.66311260146	26	0
257.5	0	1.19208678658	1.92939593719	26	0
230.5	0	1.25977011082	1.75397520861	26	0
257.5	0	1.36136241552	1.62492877721	26	0
230.5	0	1.37106642788	1.51253279339	26	0
230.5	0	1.41653498027	1.44387526031	26	0
230.5	0	1.3676984695	1.52371418577	26	0
230.5	0	1.27829249983	1.67267300325	26	0
160.0	0	1.14367351996	1.77796715952	26	0
160.0	0	1.20608987515	1.82192538085	26	0
160.0	0	1.20388005353	1.82974650614	26	0
160.0	0	1.21765703369	1.80470863677	26	0
160.0	0	1.17929293748	1.75625257602	25	0
160.0	0	1.32753533999	1.75367386363	24	0
74.5	0	1.32250248802	1.79129594522	23	0
74.5	0	1.2172755352	1.73739186828	22	0
160.0	0	1.19544966879	1.69837915717	21	0
160.0	0	1.29701399835	1.59155578118	20	0
74.5	0	1.39919649516	1.73712906439	19	0
74.5	0	1.35749493417	1.85055069469	18	0
52.0	0	1.19250833823	1.90897757385	17	0
77.5	0	1.35633921828	2.01589930153	16	0
77.5	0	1.34842718201	1.89746333764	15	0
77.5	0	1.28726798566	1.81607218914	15	0
77.5	0	1.17627015289	2.00746082495	15	0
77.5	0	1.25307214619	1.9973413615	15	0
55.0	0	1.28425628702	2.05620692843	15	0
55.0	0	1.18504554829	1.93484136494	15	0
52.0	0	1.04476158692	1.70268939899	15	0
26.5	0	0.943445598931	1.52731348861	15	0
55.0	0	1.01156713836	1.61453260126	15	0
26.5	0	1.01262395234	1.54253266939	15	0
26.5	0	0.98076443911	1.54383117599	14	0
-27.5	0	1.04993701568	1.58730271177	13	0
-75.5	0	1.01935592561	1.42998345758	13	0
-98.0	0	0.915791608988	1.24176156327	13	0
-98.0	0	0.891585712389	1.26159842074	13	0
-75.5	0	0.930455135282	1.34127527542	13	0
-75.5	0	0.760207103279	1.18472668764	13	0
-98.0	0	0.791183583546	0.845729146043	13	0
-98.0	0	0.917548743033	0.940176132386	13	0
-98.0	0	0.96149588468	0.856915908612	13	0
-98.0	0	0.911520912388	0.917752823609	13	0
-98.0	0	0.778730552055	0.900570188061	13	0
-98.0	0	0.779287101638	0.834974000179	13	0
-98.0	0	0.688102788274	0.907158819822	13	0
-98.0	0	0.895087739919	0.755221026767	13	0
-105.5	0	0.974501373933	0.61946253346	13	0
-105.5	0	0.990797764387	0.509505708817	13	0
-105.5	0	0.882606657452	0.466650152957	13	0
-98.0	0	0.821244535297	0.366222766421	13	0
-98.0	0	0.735793644392	0.39484973733	12	0
-105.5	0	0.814852673918	0.61452760419	13	0
-105.5	0	0.816059096594	0.610976248023	14	0
-75.5	0	0.811703060088	0.672918077015	15	0
-75.5	0	0.892140347787	0.729309326127	16	0
-105.5	0	0.866467426919	0.651135739191	17	0
-105.5	0	0.667042315534	0.60901359837	18	0
-105.5	0	0.737632379523	0.298985582113	19	0
-119.0	0	0.552167185465	0.193200343564	19	0
-164.0	0	0.609785388813	0.247770838098	19	0
-164.0	0	0.465173982362	0.23471905487	20	0
-119.0	0	0.418781165279	0.186774349969	20	0
-135.5	0	0.40371549749	0.24724047942	20	0
-174.5	0	0.451968140264	0.267096907302	20	0
-174.5	0	0.369097982753	0.200839085731	20	0
-206.0	0	0.395228147708	0.222100065096	20	0
-206.0	0	0.590301225524	0.275276832373	20	0
-206.0	0	0.754959884765	0.471834542427	20	0
-174.5	0	0.738747590917	0.566138150899	20	0
-206.0	0	0.457756363365	0.308570360404	20	0
-177.5	0	0.650858783766	0.46167257562	20	0
-206.0	0	0.449489981969	0.200290907696	20	0
-177.5	0	0.459098443746	0.150930774051	20	0
-177.5	0	0.687334072356	0.249094646919	20	0
-206.0	0	0.742838500822	0.51512703893	20	0
-177.5	0	0.744606966473	0.418020216903	21	0
-177.5	0	0.72240111109	0.39430134744	22	0
-177.5	0	0.720169016851	0.513673778424	22	0
-177.5	0	0.736041195426	0.7981571014	22	0
-206.0	0	0.733109866399	0.717330130006	22	0
-206.0	0	0.815666002666	0.649080034715	22	0
-177.5	0	0.794822978795	0.762351738184	22	0
-177.5	0	0.875614435052	0.751653369225	22	0
-149.0	0	0.88102357216	0.807850897538	22	0
-149.0	0	1.09454886795	0.832127072705	22	0
-117.5	0	0.825905455348	0.911117797401	21	0
-117.5	0	0.869086735363	1.06080696726	20	0
-117.5	0	0.980526197807	1.11433353539	19	0
-134.0	0	0.973533353736	1.06013972259	18	0
-134.0	0	1.01087942658	1.13107768002	17	0
-134.0	0	1.07777028092	1.00578896826	16	0
-134.0	0	0.958004552116	0.96437036013	15	0
-134.0	0	0.9329621788	0.971297837747	14	0
-134.0	0	0.929821729499	1.00883973201	13	0
-149.0	0	0.913949623208	0.903043366922	12	0
-134.0	0	0.913018443955	1.04358691248	12	0
-105.5	0	0.936239438159	1.12003847145	12	0
-80.0	0	0.862115680066	1.30826127552	12	0
-66.5	0	1.02010690453	1.39008296401	13	0
-51.5	0	1.14025466117	1.34939460928	14	0
-66.5	0	1.18957348083	1.32413416559	15	0
-66.5	0	1.25174266225	1.4693672538	16	0
-51.5	0	1.26883277914	1.40349474316	17	0
-44.0	0	1.10929717155	1.36726955037	18	0
-54.5	0	0.890346139513	1.35805725571	19	0
-44.0	0	0.803193511441	1.12131148234	20	0
-54.5	0	0.595728361868	1.02839966001	21	0
-44.0	0	0.512844735771	1.00530785557	22	0
-54.5	0	0.402762167588	0.952797127478	22	0
-44.0	0	0.705912529065	1.25261936072	22	0
-44.0	0	0.578745644749	1.08749967472	22	0
-26.0	0	0.782163869939	1.42274889502	22	0
-44.0	0	0.691524477081	1.27818028225	22	0
-8.0	0	0.378864129728	1.27837249123	22	0
-8.0	0	0.329818366698	1.06142166857	22	0
-44.0	0	0.339803640346	1.1152976714	22	0
-54.5	0	0.30831999607	0.997695435885	22	0
-54.5	0	0.312476350657	0.932807207581	22	0
-44.0	0	0.260103741375	0.877832418506	22	0
-8.0	0	0.322881417231	0.947288681142	22	0
-8.0	0	0.220252853887	0.887887464404	22	0
-44.0	0	0.314045365341	1.03827025735	22	0
-54.5	0	0.424776803312	1.22540066161	22	0
-66.5	0	0.354949240622	1.11957115053	22	0
-66.5	0	0.21691543192	0.985215934463	22	0
-54.5	0	0.276639215725	0.846420264141	22	0
-54.5	0	0.0944162268021	0.692322903731	22	0
-54.5	0	0.109468292357	0.752001300652	22	0
-54.5	0	0.132204062779	0.713940827901	22	0
-75.5	0	0.175104646947	0.597139112867	22	0
-11.0	0	0.332294664927	0.76997258071	22	0
-11.0	0	0.421644418076	0.496121566735	22	0
-75.5	0	0.385341017242	0.370732031884	21	0
-75.5	0	0.39622139482	0.370247907549	20	0
-11.0	0	0.377331768702	0.435015356884	19	0
-75.5	0	0.409499779254	0.405828840838	18	0
-126.5	0	0.350798511602	0.392863556885	18	0
-168.5	0	0.320649010373	0.739516268775	17	0
-168.5	0	0.477205842551	0.787905279862	16	0
-168.5	0	0.491493683882	0.756494285725	15	0
-126.5	0	0.566325907749	0.656977786916	14	0
-126.5	0	0.701067425127	0.530635568999	13	0
-164.0	0	0.651092646285	0.520752827563	13	0
-164.0	0	0.607701057753	0.555095794062	13	0
-164.0	0	0.438891806579	0.603217466814	13	0
-164.0	0	0.399450258986	0.799195876665	13	0
-164.0	0	0.442893257599	0.799149419589	13	0
-164.0	0	0.673139148962	0.691613042916	13	0
-57.5	0	0.655551585382	0.673539607884	13	0
-57.5	0	0.64129344113	0.604237668219	13	0
-72.5	0	0.512559241376	0.838055450841	13	0
-72.5	0	0.506989755725	0.643632950513	13	0
40.0	0	0.269374549779	0.775088652851	13	0
40.0	0	0.0662376488892	0.78138550157	13	0
40.0	0	0.0234034032596	0.831578256146	13	0
40.0	0	0.0984549432732	0.857061649228	13	0
40.0	0	0.0789192561109	1.01984594169	13	0
32.5	0	0.25771930891	1.08106140256	13	0
32.5	0	0.263011825131	1.20911237902	14	0
32.5	0	0.215477060213	1.22596461413	15	0
40.0	0	0.384360967728	1.43490065243	16	0
70.0	0	0.22771182829	1.24553267755	16	0
100.0	0	0.0531858464322	1.22389548273	16	0
100.0	0	0.299644704968	1.4339185886	16	0
70.0	0	0.449441166488	1.51952586854	16	0
40.0	0	0.622479747428	1.62923663932	16	0
70.0	0	0.806060050128	1.73439518491	16	0
70.0	0	0.993784376618	1.70258546422	16	0
77.5	0	1.02690338428	1.79137238784	16	0
100.0	0	1.04093617254	1.85159141231	16	0
100.0	0	1.140226946	1.69903198953	15	0
118.0	0	1.30897694158	1.93797493956	15	0
118.0	0	1.32099984442	2.04813157893	15	0
118.0	0	1.34394150981	2.0908794999	15	0
100.0	0	1.27169244582	2.0123972196	15	0
118.0	0	1.22657784033	1.93720908118	15	0
118.0	0	1.30575629438	2.04098873625	15	0
118.0	0	1.38956567408	1.9233776813	15	0
125.5	0	1.39902229405	1.8324934749	15	0
125.5	0	1.4134170803	1.73254615543	15	0
125.5	0	1.43887980346	1.76992339397	15	0
88.0	0	1.52232630908	1.84690788381	14	0
88.0	0	1.49089864199	1.84094291465	14	0
88.0	0	1.483545472	1.82856434644	15	0
88.0	0	1.46152732809	1.76012885321	16	0
88.0	0	1.45268893385	1.78833581418	17	0
125.5	0	1.56631914724	1.89221753093	17	0
88.0	0	1.90077163603	2.06424286039	17	0
88.0	0	2.04234653443	2.22932424669	17	0
125.5	0	1.97953922809	2.19216587452	17	0
190.0	0	1.82188281715	1.93042687346	17	0
190.0	0	1.83412150478	2.11539625066	17	0
190.0	0	1.80741323324	2.2392627764	16	0
125.5	0	1.77752411469	2.40191762272	15	0
125.5	0	1.76056005702	2.51350201185	14	0
125.5	0	1.39155319612	2.3557555749	13	0
125.5	0	1.23086951489	2.20300700266	14	0
190.0	0	1.29023558381	2.26820201545	15	0
125.5	0	1.20526073373	2.08430047426	15	0
190.0	0	1.1757982875	2.03569340037	15	0
190.0	0	1.14412063162	2.01416811476	15	0
190.0	0	1.25666677342	2.12065325136	15	0
190.0	0	1.34591559717	2.13641145173	15	0
190.0	0	1.08350302004	1.96793137779	15	0
241.0	0	0.959564114582	2.08095257919	15	0
241.0	0	0.773132851601	2.07600837276	15	0
190.0	0	0.612242026838	1.88793151668	15	0
190.0	0	0.647308095268	1.83504558277	15	0
190.0	0	0.699281259987	1.8911635589	15	0
125.5	0	0.76958458756	2.10457816704	15	0
92.5	0	0.806855761157	2.2175484903	15	0
79.0	0	0.754870642587	2.27745335515	15	0
92.5	0	0.718541731155	2.18659562457	15	0
79.0	0	0.67803413335	2.06933355034	15	0
79.0	0	0.643829770119	2.17533709786	15	0
65.5	0	0.820515771398	2.33434208158	15	0
79.0	0	0.774879502541	2.28652915946	15	0
79.0	0	0.851038233476	2.11845123895	15	0
79.0	0	1.07676384601	2.12685874441	15	0
79.0	0	0.985118618151	2.21908258399	16	0
79.0	0	1.10015162255	2.3064391953	17	0
92.5	0	1.21267862586	2.3399044638	18	0
119.5	0	1.23561942708	2.40351649547	19	0
92.5	0	1.32903189449	2.44296620368	20	0
92.5	0	1.4299698471	2.50107947479	21	0
79.0	0	1.20975313771	2.20576870772	22	0
65.5	0	1.31114365398	2.14311481299	23	0
65.5	0	1.14719381584	2.08574953385	24	0
79.0	0	1.12731189215	2.09110633483	25	0
79.0	0	1.22794465362	2.20554864069	26	0
65.5	0	1.15105077249	2.30200243427	27	0
49.0	0	1.22168401589	2.30202630916	27	0
49.0	0	0.947472476544	2.22272261293	27	0
65.5	0	0.938455143884	2.0774150153	27	0
79.0	0	0.888516234074	1.92100836824	28	0
92.5	0	1.16717280314	2.13406454657	28	0
119.5	0	1.50120473483	2.33607292025	28	0
119.5	0	1.42633636372	2.32453818407	28	0
163.0	0	1.48228303777	2.49435818917	28	0
163.0	0	1.4672593798	2.52251033036	29	0
119.5	0	1.45993478578	2.48218868638	30	0
92.5	0	1.43464629136	2.48467975539	31	0
79.0	0	1.17213341859	2.17921299667	31	0
65.5	0	1.37553874977	2.34852949651	31	0
65.5	0	1.42435485063	2.36580532669	31	0
65.5	0	1.56162549734	2.4519086037	31	0
65.5	0	1.72580364015	2.44080280283	31	0
53.5	0	1.69796451806	2.37709396749	31	0
53.5	0	1.70790986999	2.50314822319	31	0
94.0	0	1.68383083739	2.40666913337	31	0
94.0	0	1.73555993666	2.49312205749	31	0
163.0	0	1.69710258248	2.46439414106	30	0
163.0	0	1.73242108733	2.61690512681	29	0
163.0	0	1.70469475795	2.62706983053	28	0
163.0	0	1.7467183358	2.58833285608	27	0
188.5	0	1.49632309516	2.30127148755	26	0
215.5	0	1.50501200887	2.27028459049	25	0
215.5	0	1.32655728263	2.23218106681	24	0
188.5	0	1.2806546998	2.1589358455	23	0
188.5	0	1.35145551482	2.15101810051	22	0
188.5	0	1.23130347683	1.9906769923	21	0
238.0	0	1.11869115957	2.04960157078	20	0
169.0	0	1.06723004024	1.8844491104	20	0
238.0	0	0.924185676202	1.75474656282	20	0
169.0	0	0.907950255828	1.65780909495	20	0
169.0	0	1.12169476275	1.78812840665	20	0
169.0	0	1.18544833549	1.7583919359	19	0
169.0	0	1.25941113405	1.77436006669	18	0
169.0	0	1.29258617594	1.54789880906	18	0
169.0	0	1.19022111167	1.49615808427	18	0
169.0	0	1.24603625717	1.38590476237	18	0
238.0	0	1.10268655668	1.35361188095	18	0
169.0	0	1.52862848113	1.52534375318	18	0
127.0	0	1.58636457711	1.69794055625	18	0
127.0	0	1.680814147	1.84696754076	18	0
92.5	0	1.77416541421	1.72517045392	17	0
85.0	0	1.77326598285	1.72519258417	18	0
70.0	0	1.71667670437	1.46361473403	18	0
53.5	0	1.8066194506	1.42261257632	18	0
26.5	0	1.92398224579	1.44075610396	18	0
8.5	0	1.98227328995	1.31412141434	18	0
53.5	0	1.89024108421	1.03876560882	18	0
53.5	0	2.17792434085	1.48439712704	18	0
53.5	0	2.12928191988	1.41429776197	18	0
53.5	0	2.07015178356	1.36225605916	18	0
53.5	0	2.08364781746	1.39375591985	18	0
70.0	0	2.12454871039	1.48003429611	18	0
85.0	0	2.14187365001	1.54740759109	18	0
85.0	0	2.11430258119	1.41994135861	18	0
68.5	0	2.03809723116	1.45629618674	18	0
68.5	0	1.97568137013	1.43648525377	18	0
68.5	0	1.94236421705	1.38409808233	18	0
68.5	0	1.95534362147	1.21373659325	18	0
85.0	0	1.93327315667	1.17111829884	18	0
91.0	0	1.84538777297	1.07204501484	18	0
68.5	0	1.97324574962	1.19152599444	17	0
-0.5	0	1.92754831288	1.28794870712	16	0
-0.5	0	1.91097668237	1.56249247917	15	0
-0.5	0	1.84681818555	1.4528184303	14	0
-54.5	0	1.86284946877	1.41655851265	13	0
-63.5	0	1.75663902491	1.42937482432	12	0
-63.5	0	1.81964610582	1.3011206336	12	0
-54.5	0	1.80097197067	1.48426645112	12	0
-54.5	0	1.76740314901	1.51790049388	12	0
-54.5	0	1.66550758104	1.64826907103	12	0
-0.5	0	1.70114155518	1.68724351371	12	0
-0.5	0	1.7037022917	1.7150973797	12	0
16.0	0	1.60295683667	1.68484729875	12	0
16.0	0	1.53623739251	1.83089355969	12	0
16.0	0	1.57686915235	1.87778655938	12	0
91.0	0	1.48285425159	1.82390649468	11	0
91.0	0	1.53028773016	1.68942667781	10	0
91.0	0	1.23519828169	1.48907653669	9	0
137.5	0	1.05421248722	1.4075203287	9	0
91.0	0	1.06008837905	1.40877629101	9	0
137.5	0	1.01434084421	1.51588629271	9	0
181.0	0	0.952244587857	1.47785784328	9	0
196.0	0	1.01930643297	1.76932618418	8	0
196.0	0	0.877392673697	1.87254748915	8	0
227.5	0	0.798641110789	1.83499206901	9	0
227.5	0	0.783196412654	2.03657600158	10	0
265.0	0	0.648985956418	2.26040615904	11	0
265.0	0	0.404126411652	2.098371003	11	0
299.5	0	0.372028067176	2.09257060445	11	0
299.5	0	0.434929156677	2.13103846305	11	0
265.0	0	0.405223310772	1.91206050641	11	0
245.5	0	0.349219498315	1.96428889158	11	0
245.5	0	0.338232219937	1.89460696887	12	0
245.5	0	0.252781187068	1.84388026677	13	0
278.5	0	0.278336596195	1.70404861741	14	0
278.5	0	0.180102409771	1.54943399156	15	0
241.0	0	0.24106332503	1.54882840878	16	0
205.0	0	0.038652407989	1.68347840664	16	0
193.0	0	0.154845645099	1.69347777673	16	0
193.0	0	0.287997130607	1.80077817047	16	0
193.0	0	0.282604435899	1.82021255739	16	0
238.0	0	0.247576179733	1.670340119	16	0
238.0	0	0.263619394716	1.22438440419	16	0
238.0	0	0.31269655451	1.45611156287	16	0
251.5	0	0.31269655451	1.5230729314	16	0
251.5	0	0.529659602657	1.71847470686	16	0
215.5	0	0.472586859657	1.69304573163	16	0
193.0	0	0.395666380046	1.56768719185	16	0
182.5	0	0.382088620382	1.50683869494	17	0
193.0	0	0.413102040198	1.39022203245	17	0
193.0	0	0.406036772233	1.42958073918	17	0
193.0	0	0.180095970976	1.42891071491	17	0
182.5	0	0.299113376944	1.34752106351	17	0
191.5	0	0.252848787942	1.27963552706	17	0
161.5	0	0.173551617834	1.1088645792	17	0
161.5	0	0.23570017164	1.13821684452	17	0
91.0	0	0.278608428699	1.34419355047	17	0
91.0	0	0.261036501559	1.38652215346	17	0
35.5	0	0.455543197692	1.35061479934	17	0
35.5	0	0.273358526061	1.07541132869	17	0
22.0	0	0.155735139743	0.858523649171	17	0
22.0	0	0.117191051912	0.839050869865	17	0
22.0	0	0.0957031344831	0.748588769787	17	0
10.0	0	0.114850568362	0.540757065845	17	0
10.0	0	0.100899239498	0.50969415966	17	0
-15.5	0	0.167527839025	0.453014695456	17	0
-15.5	0	0.405074343631	0.358238920071	17	0
-48.5	0	0.522589027714	0.238086618142	17	0
-48.5	0	0.464597094503	0.118226355049	16	0
-48.5	0	0.284267324796	0.0978820777187	15	0
-15.5	0	0.281681262161	0.212253782849	16	0
19.0	0	0.104476663713	0.0957129829117	17	0
19.0	0	0.104280934633	0.15962953588	18	0
19.0	0	0.222660375614	0.232101843136	19	0
19.0	0	0.2935078906	0.183157778893	20	0
19.0	0	0.663806626501	0.480628087548	20	0
19.0	0	0.920558394062	0.581882010022	20	0
19.0	0	1.20303287875	0.387552831545	20	0
19.0	0	1.12760834046	0.245683600504	20	0
35.5	0	1.11498675421	0.262970020976	20	0
86.5	0	1.09129819648	0.286349891129	20	0
86.5	0	1.13205412205	0.354267009905	19	0
140.5	0	1.27992153759	0.636924630934	18	0
86.5	0	1.13883237387	0.607642287009	18	0
35.5	0	1.00162928179	0.603994751194	19	0
86.5	0	0.857129287795	0.435753316572	20	0
140.5	0	0.786571811594	0.435954386198	21	0
161.5	0	0.918700473469	0.418394155591	22	0
175.0	0	0.93971880658	0.50840674747	23	0
175.0	0	0.981017381432	0.590036070571	23	0
175.0	0	0.986677748667	0.663147097329	23	0
175.0	0	1.23960723645	0.76225485359	23	0
212.5	0	1.22662785062	0.996621684427	23	0
175.0	0	1.21061869199	0.909824226612	23	0
184.0	0	1.25810937702	1.02331741875	23	0
175.0	0	1.28021216461	1.13366958374	23	0
184.0	0	1.24912236013	0.995674490708	23	0
221.5	0	1.40093251448	1.09852704499	23	0
221.5	0	1.22413678833	1.2278944078	23	0
221.5	0	1.26967437378	1.5490636326	23	0
259.0	0	1.32251824122	1.70384969266	23	0
221.5	0	1.36702276299	1.57258153688	23	0
221.5	0	1.39842012887	1.59414893215	23	0
221.5	0	1.48902782063	1.63641443069	22	0
221.5	0	1.29715202642	1.79098518414	21	0
266.5	0	1.25621772708	1.74457144786	20	0
266.5	0	1.32796457911	1.84294407443	19	0
266.5	0	1.30738285727	1.75654378698	18	0
266.5	0	1.33882437847	1.89566444344	17	0
266.5	0	1.60257724893	1.861461478	17	0
221.5	0	1.52477560658	1.80927281079	17	0
184.0	0	1.95479561969	1.88133096065	17	0
167.5	0	1.98392237617	1.9693575404	17	0
146.5	0	2.00547095434	1.98658439652	17	0
143.5	0	1.91767438393	1.8798166837	17	0
143.5	0	1.646971719	1.51248729982	17	0
143.5	0	1.4273065049	1.59137546369	17	0
143.5	0	1.16353764483	1.55987636017	17	0
167.5	0	1.25240743942	1.77501506139	16	0
143.5	0	1.36545804836	1.69350313114	15	0
127.0	0	1.51771426448	1.64041529084	14	0
124.0	0	1.65639058113	1.70612660748	13	0
92.5	0	1.56133236663	1.75146300317	12	0
92.5	0	1.79632357238	1.80430967933	12	0
124.0	0	1.96792654594	1.79436773802	13	0
92.5	0	2.04057137299	1.88449548458	14	0
56.5	0	2.08513585791	1.95045864249	15	0
37.0	0	2.01352716102	2.015161391	16	0
19.0	0	2.07704123163	2.08998990466	17	0
19.0	0	2.10033988317	2.14567787214	18	0
19.0	0	2.10279796021	2.1299825215	19	0
19.0	0	2.145472127	2.10549395617	20	0
19.0	0	2.13437866098	1.94725877735	21	0
37.0	0	2.06496061865	2.17425586294	22	0
37.0	0	2.09628065029	2.21736005544	23	0
37.0	0	1.86477364774	2.22540141513	23	0
35.5	0	1.9437739652	2.35925924602	23	0
35.5	0	1.89672518856	2.2626988632	24	0
19.0	0	2.03528748313	2.07902877237	25	0
19.0	0	2.17485628348	1.98612479276	26	0
19.0	0	2.22290169982	2.15009064402	27	0
19.0	0	2.05469984425	2.32765367146	27	0
19.0	0	1.93677702492	2.41523193625	28	0
19.0	0	1.91971326013	2.51607070878	29	0
19.0	0	2.12009449671	2.34097032428	30	0
4.0	0	2.11380500201	2.290499408	31	0
-5.0	0	1.86332543249	2.17308888984	32	0
-5.0	0	1.9069253163	2.32717963926	33	0
-11.0	0	1.93053098877	2.31741351816	34	0
-5.0	0	1.75518029988	2.28390298502	35	0
4.0	0	1.85093098849	2.43723757579	36	0
4.0	0	1.78433515699	2.31170800305	37	0
-5.0	0	1.69681779769	2.06861282773	38	0
-5.0	0	1.62537399983	1.93134380651	38	0
-11.0	0	1.61478818478	1.99567355698	38	0
-11.0	0	1.61199377853	2.07532554113	38	0
-11.0	0	1.54913612959	1.94732636904	39	0
-11.0	0	1.70329737365	2.11711065155	39	0
-24.5	0	1.60136582535	2.13824653386	38	0
-11.0	0	1.25712349619	2.11597319834	37	0
-11.0	0	1.12254683513	2.14048242236	36	0
-5.0	0	0.983004725544	2.1160650778	35	0
20.5	0	1.05254958919	2.07220976048	34	0
22.0	0	0.874636149878	1.870427682	33	0
22.0	0	0.816959307444	1.87150998567	32	0
22.0	0	0.731435832923	1.85878831024	31	0
22.0	0	0.736143357447	1.8874610851	30	0
22.0	0	0.720922063495	1.73011796769	29	0
22.0	0	0.681875154652	1.47132859457	29	0
22.0	0	0.711581605505	1.34131285598	29	0
-3.5	0	0.6262002311	1.15727566309	29	0
-3.5	0	0.500387840256	1.00888130828	29	0
-18.5	0	0.503927853869	0.895602593508	29	0
-18.5	0	0.748473043184	0.779635535964	29	0
-51.5	0	0.740546337695	0.682538116099	28	0
-18.5	0	0.942860330545	0.630970628671	27	0
-51.5	0	0.871458751366	0.408751347195	26	0
-74.0	0	0.844707370564	0.251362884296	25	0
-51.5	0	0.848823082284	0.216356911486	24	0
-51.5	0	0.78065620132	0.211406208199	23	0
-74.0	0	0.691944841362	0.0846391740742	22	0
-74.0	0	0.969131790859	0.212832763466	21	0
-74.0	0	1.14165627225	0.320527600509	20	0
-74.0	0	0.955055826131	0.43144895702	19	0
-54.5	0	0.933788292196	0.429624509318	18	0
-17.0	0	0.824551177659	0.399009256659	17	0
-17.0	0	0.976301484256	0.135423077149	16	0
-17.0	0	0.962329939376	0.213792663787	16	0
14.5	0	0.940518886589	0.259747051537	16	0
14.5	0	1.04351473044	0.172099755818	16	0
-17.0	0	1.07146006716	0.336675609907	16	0
-17.0	0	0.822284683131	0.140943106122	16	0
14.5	0	0.901958277035	0.00944037017223	16	0
-17.0	0	1.05021860373	0.00556975716538	16	0
-17.0	0	1.20854196162	0.107682904973	16	0
-17.0	0	1.24062949556	0.0253182127565	16	0
-17.0	0	1.33846772155	0.151022960811	16	0
1.0	0	1.14361920206	0.149486995584	16	0
1.0	0	1.28471851282	0.0255000320177	16	0
1.0	0	1.49276282905	0.187057784117	16	0
1.0	0	1.57874166654	0.250819417516	16	0
1.0	0	1.58084471078	0.305003329629	16	0
-3.5	0	1.52175884057	0.190632226558	16	0
-0.5	0	1.64954622914	0.347227482585	16	0
-45.5	0	1.69767191932	0.343043976381	15	0
-0.5	0	1.64456630254	0.126629021612	14	0
11.5	0	1.68523820215	0.0637368399864	14	0
11.5	0	1.78893793726	0.166822929527	14	0
11.5	0	1.80506024691	0.347427389935	15	0
11.5	0	1.7270709503	0.347187667406	16	0
11.5	0	1.81791888561	0.316542212885	17	0
25.0	0	1.82536596782	0.397428969603	18	0
25.0	0	1.94406226278	0.47262718309	19	0
11.5	0	1.76857834246	0.531811956979	19	0
20.5	0	1.66872023766	0.480510665787	19	0
11.5	0	1.64347806021	0.306566059786	19	0
11.5	0	1.68588158772	0.324393417727	19	0
20.5	0	1.78733374447	0.394999105261	19	0
20.5	0	1.79619111792	0.402224736529	19	0
20.5	0	1.83342891527	0.29945486969	20	0
20.5	0	2.02618523482	0.373409997873	21	0
20.5	0	1.97549340311	0.411077989481	22	0
20.5	0	1.98162257637	0.412098978841	23	0
11.5	0	2.47244064727	0.248896659269	24	0
11.5	0	2.59162586749	0.260763863166	24	0
4.0	0	2.71747704053	0.37057848926	24	0
4.0	0	2.82149059063	0.270591114007	24	0
-0.5	0	2.58110249308	0.32779011106	24	0
-15.5	0	2.70498104064	0.178348683773	24	0
-15.5	0	2.77539890831	0.25402870613	24	0
-0.5	0	2.77920851886	0.299023430581	24	0
-0.5	0	2.83882478147	0.15208566325	24	0
-0.5	0	2.95541502751	0.108233768506	24	0
-0.5	0	2.98994213561	0.0899977873192	24	0
4.0	0	2.90551986565	0.307888794564	24	0
4.0	0	2.8740060531	0.253959577438	24	0
4.0	0	3.07980774114	0.161484490127	24	0
-0.5	0	3.42711112994	0.0983947184405	24	0
11.5	0	3.33990849601	0.147913788844	24	0
-0.5	0	3.41041815121	0.101840419173	24	0
11.5	0	3.43376687974	0.0403748568694	23	0
-0.5	0	3.50192980909	0.0225012200588	22	0
-11.0	0	3.63487377274	0.21197791751	21	0
-11.0	0	3.61723122476	0.147036939099	21	0
13.0	0	3.60811516648	0.0860709820121	22	0
13.0	0	3.79639490414	0.269787868935	23	0
-11.0	0	3.65548859797	0.332540133728	24	0
-11.0	0	3.45858288454	0.458030686666	25	0
-11.0	0	3.38707668217	0.339807796008	25	0
-11.0	0	3.58711248831	0.40273611486	25	0
13.0	0	3.29455385186	0.480504775307	25	0
-11.0	0	3.34826468213	0.501936216266	25	0
-2.0	0	3.38608497828	0.54879813896	25	0
25.0	0	3.60988524988	0.505494749896	24	0
34.0	0	3.88360054544	0.546594182688	23	0
34.0	0	3.96070218757	0.644101324195	22	0
34.0	0	3.83585991673	0.390638415325	21	0
4.0	0	3.99733715798	0.363376671902	21	0
-78.5	0	4.03111305366	0.461425334818	22	0
-143.0	0	4.14657048686	0.599356513505	23	0
-78.5	0	4.04376911743	0.608826779665	24	0
-143.0	0	3.84862408661	0.543518714031	25	0
-171.5	0	3.92751793083	0.637050217601	25	0
-171.5	0	3.44337699869	0.65984348474	25	0
-218.0	0	3.31446511494	0.548504828247	25	0
-171.5	0	3.31205527122	0.518919300754	25	0
-143.0	0	3.26274147648	0.490419703029	25	0
-78.5	0	3.49775308848	0.54476994639	25	0
-78.5	0	3.36511952205	0.689668985837	25	0
-78.5	0	3.27932924176	0.590104908258	25	0
-143.0	0	3.19595519186	0.554961364305	25	0
-89.0	0	3.31780349689	0.736990574846	25	0
-108.5	0	3.2736726139	0.776109291047	25	0
-135.5	0	3.111245353	0.837469174343	25	0
-192.5	0	3.23940981974	0.887663770725	24	0
-135.5	0	3.09622225618	0.890679585821	23	0
-135.5	0	2.84712261653	0.864066034489	22	0
-135.5	0	2.7029191604	0.841296662794	21	0
-135.5	0	2.79844320075	0.736319039709	21	0
-60.5	0	2.88309339434	0.762269804959	21	0
-135.5	0	2.71231020632	0.827223030239	21	0
-75.5	0	2.64964624572	0.659623831262	21	0
-75.5	0	2.47085536733	0.573008219467	21	0
-78.5	0	2.17947896686	0.451365285012	21	0
-78.5	0	2.05601338145	0.451181471849	21	0
-126.5	0	1.94188573246	0.369265266306	21	0
-78.5	0	2.03546026905	0.400249324716	21	0
-74.0	0	2.02690966014	0.174215258769	21	0
-56.0	0	2.18043690608	0.465096978197	21	0
-56.0	0	1.92310780563	0.625129665081	21	0
-68.0	0	2.10753905373	0.889758851461	21	0
-68.0	0	2.08575450553	0.859647519097	20	0
-68.0	0	1.89249377994	0.824633679657	19	0
-68.0	0	1.70519525615	0.827690289011	18	0
-74.0	0	1.56382109092	0.756098357591	17	0
-78.5	0	1.48271604381	0.738272856894	16	0
-78.5	0	1.47364526238	0.90256287289	15	0
-74.0	0	1.12790646036	1.03460002716	14	0
-68.0	0	0.982656837109	1.04853027169	13	0
-65.0	0	0.835522268048	0.926332078295	13	0
-68.0	0	0.52551407182	1.01501811703	13	0
-65.0	0	0.701222544127	1.13720501872	13	0
-53.0	0	0.593407938622	1.09188548357	13	0
-21.5	0	0.757905132588	1.37971396068	13	0
-21.5	0	0.592692750558	1.41289467465	14	0
-53.0	0	0.483348638063	1.48202771795	15	0
-53.0	0	0.48360430298	1.41524848718	16	0
-53.0	0	0.503671659377	1.3586489259	16	0
-53.0	0	0.585665347341	1.25340631437	16	0
-65.0	0	0.562739485995	1.31963960425	15	0
-65.0	0	0.400495135443	1.25868189858	14	0
-65.0	0	0.396909894557	1.08329549044	13	0
-33.5	0	0.235724633313	0.927250471894	12	0
17.5	0	0.182566689751	0.782322779351	11	0
17.5	0	0.174834489894	0.458785379653	11	0
-33.5	0	0.00877500994993	0.496290145463	12	0
-33.5	0	0.0515137722508	0.47537341489	13	0
17.5	0	0.224129395689	0.627913640616	13	0
17.5	0	0.337051452604	0.772384227862	13	0
-33.5	0	0.411162240323	0.709762772076	13	0
-33.5	0	0.307425323875	0.560494328474	13	0
17.5	0	0.26821903265	0.614749297915	13	0
58.0	0	0.288048190737	0.514860558814	13	0
58.0	0	0.140709772969	0.613394470009	14	0
17.5	0	0.1305564977	0.457535324903	14	0
17.5	0	0.204524170658	0.619632952771	14	0
-33.5	0	0.206989935662	0.349315234203	14	0
-65.0	0	0.259097452134	0.40223305413	14	0
-65.0	0	0.206384359435	0.207168919442	14	0
-81.5	0	0.344868986063	0.00175975682558	14	0
-81.5	0	0.371661029032	0.10079749685	14	0
-81.5	0	0.488277987501	0.0692082080434	14	0
-81.5	0	0.461944716404	0.08040322603	14	0
-81.5	0	0.328708488207	0.0317010204065	14	0
-81.5	0	0.241743714431	0.033341449929	14	0
-14.0	0	0.208241535917	0.184346072063	14	0
58.0	0	0.252103434777	0.217306480145	14	0
106.0	0	0.0995783480863	7.44235859067e-06	14	0
106.0	0	0.240109678387	0.0549802051854	14	0
109.0	0	0.241108552799	0.116919603007	14	0
109.0	0	0.417530362942	0.0362324471616	14	0
82.0	0	0.405842787463	0.0400301005521	13	0
82.0	0	0.310948809607	0.143630741764	12	0
-21.5	0	0.368076076505	0.113767564914	13	0
-21.5	0	0.580951804225	0.0797290900457	14	0
82.0	0	0.61791654835	0.0219388369589	14	0
82.0	0	0.633000067429	0.0961898443497	14	0
82.0	0	0.679489458014	0.161586284064	14	0
92.5	0	0.372056411565	0.171820200946	14	0
92.5	0	0.435389049677	0.169648198666	14	0
92.5	0	0.567067272086	0.298684495141	14	0
82.0	0	0.426514930805	0.491983869195	14	0
-21.5	0	0.554575383676	0.698412253349	14	0
-111.5	0	0.618564665541	0.889468133956	14	0
-111.5	0	0.927365802365	1.16579511487	14	0
-111.5	0	1.01478010922	1.19962623774	15	0
-125.0	0	1.08023004099	1.21876366231	16	0
-155.0	0	1.17227963616	1.12495253591	17	0
-209.0	0	1.30931926816	1.11572650478	18	0
-209.0	0	1.31274790815	1.1186559985	19	0
-209.0	0	1.25841801149	1.17088664441	20	0
-252.5	0	1.38217987354	1.11132595764	21	0
-272.0	0	1.45312981457	1.23839546162	22	0
-272.0	0	1.26863317029	1.31855727673	23	0
-282.5	0	1.37777816465	1.48842124214	24	0
-282.5	0	1.39712350122	1.46891872415	25	0
-324.5	0	1.42066525762	1.65419090185	26	0
-324.5	0	1.51576937661	1.73577468979	27	0
-375.5	0	1.56931218365	1.83853235534	28	0
-375.5	0	1.49536824871	1.81087820494	29	0
-375.5	0	1.48093377952	1.85037906459	30	0
-365.0	0	1.45613721313	1.88471981724	31	0
-381.5	0	1.57752087327	1.83347460211	32	0
-399.5	0	1.80709421027	1.72901809912	33	0
-399.5	0	1.94424616428	1.79773878948	34	0
-423.5	0	1.95121148693	1.79663109032	35	0
-423.5	0	1.98987461467	1.95576797355	36	0
-423.5	0	2.24683273868	2.08602643412	36	0
-423.5	0	2.10304703756	2.01321434827	35	0
-423.5	0	2.08134727222	1.91662449017	34	0
-419.0	0	2.13092161795	2.03827888292	33	0
-419.0	0	2.08916892331	1.9352770497	32	0
-419.0	0	2.08803562207	1.82614192046	33	0
-395.0	0	2.01492899236	1.70085677535	33	0
-381.5	0	2.06513753935	1.67546301328	33	0
-381.5	0	2.0825684231	1.62586181007	33	0
-395.0	0	2.11373496732	1.62623154729	33	0
-395.0	0	2.11341125072	1.62899781934	33	0
-395.0	0	2.30387438776	1.65464993994	34	0
-381.5	0	2.20835717972	1.49772586599	33	0
-381.5	0	2.26093655377	1.46998755814	32	0
-395.0	0	2.18053996967	1.38986404259	31	0
-395.0	0	2.3721258683	1.2854780904	30	0
-395.0	0	2.4610365055	1.17477435546	29	0
-381.5	0	2.48123251754	1.15972105637	28	0
-381.5	0	2.26528690796	1.02549028515	27	0
-395.0	0	2.08607813837	1.00771441648	26	0
-381.5	0	2.1396231284	1.0139561774	25	0
-381.5	0	2.10244695903	1.0610163765	24	0
-365.0	0	1.96463801828	0.986609160167	23	0
-365.0	0	2.09873200843	1.27267151905	22	0
-356.0	0	1.95819280335	1.43133750183	21	0
-293.0	0	1.79795280237	1.38770488186	20	0
-231.5	0	1.68838563424	1.31321072313	19	0
-180.5	0	1.69837933081	1.31947526132	18	0
-120.5	0	1.71118883877	1.33208956602	17	0
-101.0	0	1.79191526864	1.38592261284	16	0
-101.0	0	1.72459768781	1.454734248	15	0
-56.0	0	1.65942946307	1.3603641198	14	0
17.5	0	1.54183112145	1.47165373552	13	0
-0.5	0	1.46113668918	1.41980083763	12	0
37.0	0	1.382546735	1.35834347362	11	0
59.5	0	1.36146226188	1.52012099604	10	0
77.5	0	1.33067294567	1.69258565656	11	0
91.0	0	1.25525572805	1.69012558039	12	0
91.0	0	1.20542688141	1.45417461836	12	0
101.5	0	1.15098698906	1.28642668339	12	0
124.0	0	1.05559627703	1.26675995802	12	0
124.0	0	1.1648463381	1.29911237248	12	0
124.0	0	1.14409033746	1.26842634302	12	0
124.0	0	1.25478594495	1.30699695592	12	0
124.0	0	1.25740335589	1.31647970684	12	0
142.0	0	1.10533941363	1.40843435062	12	0
157.0	0	1.14976746858	1.45328253869	12	0
157.0	0	0.903798071164	1.32335830033	11	0
119.5	0	0.929525531318	1.33462048883	10	0
119.5	0	0.785884431757	1.32225225869	10	0
119.5	0	0.698884847859	1.17802940148	10	0
91.0	0	0.5145367516	1.11606061274	10	0
91.0	0	0.486687360749	1.2714938803	10	0
91.0	0	0.374990130264	1.28231779775	10	0
91.0	0	0.408319522244	1.16095993245	10	0
91.0	0	0.0431089029726	1.14967831529	10	0
98.5	0	0.0787355595874	1.15021613374	11	0
98.5	0	0.141305850099	0.990224761737	11	0
98.5	0	0.0836410154773	1.10825285264	11	0
98.5	0	0.0214975874316	0.993452518171	11	0
91.0	0	0.00208360451209	0.976304476229	11	0
91.0	0	0.243839751548	0.920764469104	11	0
88.0	0	0.275569010641	1.06036689414	11	0
88.0	0	0.327365230853	0.841992794492	11	0
83.5	0	0.355546712045	0.858434122606	11	0
83.5	0	0.197557835941	0.908692572957	11	0
83.5	0	0.0661318719466	0.980901692205	11	0
83.5	0	0.0891052553748	0.931833243487	11	0
83.5	0	0.237047124878	0.850411651936	11	0
83.5	0	0.454921474936	0.740338641291	11	0
83.5	0	0.395179431327	0.741892003675	11	0
83.5	0	0.52183561663	0.849512581845	10	0
83.5	0	0.381162982052	0.867391309197	10	0
88.0	0	0.285584848212	0.665909037134	10	0
83.5	0	0.361954076759	0.494125041586	11	0
83.5	0	0.34671811889	0.37989837967	12	0
58.0	0	0.435019319477	0.109032756778	13	0
29.5	0	0.464837159677	0.107905965412	14	0
58.0	0	0.408097224339	0.273031999286	15	0
29.5	0	0.371621913034	0.264842545569	16	0
25.0	0	0.349983953778	0.280695119527	16	0
29.5	0	0.315061972661	0.310025054012	16	0
25.0	0	0.122164498561	0.555085885712	16	0
25.0	0	0.218257749434	0.546415588557	16	0
22.0	0	0.219437971621	0.565998999015	16	0
22.0	0	0.0552689805177	0.621881903194	16	0
22.0	0	0.0217185489795	0.592362679886	16	0
22.0	0	0.234620550337	0.665871072531	16	0
25.0	0	0.0101815349426	0.655333074102	16	0
25.0	0	0.0984766883356	0.672370674268	16	0
22.0	0	0.0152676208378	0.604199151109	16	0
22.0	0	0.252258177089	0.613374057771	16	0
7.0	0	0.181875857141	0.711465381122	16	0
-18.5	0	0.248217094374	0.720113509017	16	0
-18.5	0	0.312533107755	0.719466718914	17	0
-18.5	0	0.260737202402	0.723722358524	17	0
-44.0	0	0.234534178851	0.990355024827	17	0
-18.5	0	0.248445359883	1.24805076143	17	0
7.0	0	0.385944440298	1.11779475589	17	0
7.0	0	0.481448348782	1.26354712701	17	0
7.0	0	0.46007016619	1.18166592081	17	0
7.0	0	0.557947751023	1.17941159646	17	0
-18.5	0	0.841433338497	1.16354251993	17	0
7.0	0	0.788984779934	1.16571710859	17	0
7.0	0	0.690622787314	0.919709633607	17	0
-18.5	0	0.670093298042	0.83832628395	17	0
-18.5	0	0.755783905716	0.789798966484	17	0
-39.5	0	0.688271468851	0.813369718798	17	0
-39.5	0	0.895687041492	0.947436612889	16	0
-39.5	0	0.952932862324	1.05950542969	16	0
-39.5	0	0.816209192915	1.10906241052	16	0
-51.5	0	1.06453822698	1.11821862401	16	0
-60.5	0	1.0698101717	1.0060837676	16	0
-68.0	0	1.03580447202	1.0648069645	15	0
-68.0	0	1.06207710416	1.21254359316	14	0
-68.0	0	0.790973490962	1.1350105543	14	0
-60.5	0	0.795220855332	1.31075519603	14	0
-68.0	0	0.834104930727	1.29566951625	14	0
-68.0	0	0.887202775621	1.36273729439	14	0
-56.0	0	0.892519170057	1.48727472534	15	0
-56.0	0	0.963606638257	1.57259472598	16	0
-68.0	0	0.768857148811	1.49348327891	16	0
-68.0	0	0.690367709383	1.37372525717	16	0
-68.0	0	0.695991035031	1.30650752232	16	0
-101.0	0	0.747353652954	1.33146416772	16	0
-101.0	0	0.800902150053	1.38742501901	16	0
-101.0	0	0.650426223442	1.27444447762	16	0
-140.0	0	0.66200907187	1.40813676519	16	0
-140.0	0	0.760583608415	1.35858952384	16	0
-101.0	0	0.652755393759	1.34283461253	16	0
-59.0	0	0.847430196176	1.58927504037	16	0
-26.0	0	0.786150729718	1.63013195401	16	0
-26.0	0	0.726881471594	1.36427848071	16	0
-26.0	0	0.761333414855	1.45503948939	16	0
-26.0	0	0.808768809981	1.42562179772	16	0
22.0	0	0.950912987	1.41369089244	16	0
68.5	0	0.982097442296	1.27035790884	16	0
43.0	0	0.868013992105	1.12629117703	16	0
43.0	0	0.697853799398	1.20996312185	16	0
43.0	0	0.61073349193	1.41340902133	16	0
43.0	0	0.575801821029	1.64121920565	16	0
43.0	0	0.618294258032	1.42235835563	16	0
43.0	0	0.348094881986	1.27405139106	16	0
43.0	0	0.353636937043	1.2688330758	16	0
16.0	0	0.454354338292	1.44128057169	15	0
16.0	0	0.684921391182	1.55616951836	14	0
16.0	0	0.53872800188	1.55805474954	13	0
43.0	0	0.636141155171	1.65507573122	12	0
16.0	0	0.614761160716	1.65150894834	11	0
43.0	0	0.763618413244	1.69308392898	10	0
43.0	0	0.884814337052	1.65647163469	11	0
43.0	0	0.640519075291	1.40115567866	12	0
68.5	0	0.639105641731	1.51187452291	13	0
68.5	0	0.698980257805	1.48259732307	14	0
68.5	0	0.639035785518	1.30594209437	14	0
43.0	0	0.751955316701	1.26587877959	14	0
43.0	0	0.683846535123	1.0898230467	14	0
43.0	0	0.597455387303	0.935165655632	14	0
43.0	0	0.638729691656	0.986121368542	15	0
-42.5	0	0.74766433419	0.996234392136	16	0
-135.5	0	0.815496204642	0.887984118338	17	0
-42.5	0	0.921041396839	0.980886096399	18	0
43.0	0	0.857430967749	0.911595047413	19	0
43.0	0	0.691353478002	0.733238036787	20	0
43.0	0	0.585232300491	0.629644915116	21	0
13.0	0	0.50885572963	0.541818299916	22	0
13.0	0	0.348176622061	0.69149102541	23	0
37.0	0	0.158939216426	0.365974609315	24	0
13.0	0	0.220160869111	0.302746345553	25	0
13.0	0	0.22043790352	0.266877495837	26	0
-66.5	0	0.158929643887	0.147974235312	26	0
-66.5	0	0.216185928488	0.194951697796	26	0
13.0	0	0.389575446578	0.297303688545	26	0
13.0	0	0.301477575344	0.180055877942	26	0
17.5	0	0.28323365581	0.285733045274	26	0
-6.5	0	0.317738438965	0.346082672254	26	0
-6.5	0	0.3320945324	0.142747536208	26	0
-6.5	0	0.382127142095	0.102493618985	26	0
-6.5	0	0.452210773713	0.055714464486	26	0
1.0	0	0.440926469496	0.362723546916	27	0
20.5	0	0.556145395196	0.550329753694	28	0
56.5	0	0.540084538878	0.3419893318	28	0
56.5	0	0.716381388762	0.177102228567	28	0
56.5	0	0.733199167538	0.0980540478323	28	0
65.5	0	0.731894345579	0.0524337964362	28	0
65.5	0	0.51855513214	0.188725889761	28	0
65.5	0	0.455501308561	0.301262913485	28	0
46.0	0	0.370961726528	0.516335072954	27	0
46.0	0	0.224551041334	0.507020329988	26	0
46.0	0	0.172395092804	0.573913482371	25	0
46.0	0	0.307405056738	0.48279161594	24	0
46.0	0	0.485027640729	0.249118606947	23	0
20.5	0	0.775130516422	0.135724176896	22	0
46.0	0	0.807190646476	0.0829553436856	22	0
46.0	0	0.883264063105	0.325044474915	21	0
65.5	0	0.872467927976	0.458905287275	20	0
65.5	0	1.01859267406	0.720270258969	19	0
65.5	0	0.851621307158	0.839833352911	18	0
46.0	0	0.933285412118	0.68231582446	17	0
46.0	0	0.584694556009	0.703103468126	16	0
65.5	0	0.51670617203	0.691675072292	15	0
46.0	0	0.509311104076	0.737680178169	14	0
20.5	0	0.538214008279	0.733286914539	13	0
1.0	0	0.848868226738	0.915785984024	12	0
20.5	0	0.830127524884	0.975075757875	11	0
46.0	0	0.816105749846	0.942458298346	12	0
20.5	0	0.957154815018	0.860262010717	13	0
1.0	0	1.00001677784	0.991348536332	14	0
29.5	0	0.945363753317	1.12394501758	15	0
1.0	0	0.924718061606	1.13926957819	16	0
