orf_length_med	shannon_slope	at_skew	gc_skew	max_direction	status
-137.0	0	0.558732262419	0.87570547097	25	0
-104.0	0	0.78893481906	0.863194512439	25	0
-137.0	0	0.725767730224	0.902610235169	25	0
-104.0	0	0.805786103676	0.882464740256	24	0
-138.5	0	0.637212646028	0.856783538004	23	0
-104.0	0	0.501818515826	0.862884794001	22	0
-104.0	0	0.425537612413	0.80393624834	21	0
-60.5	0	0.440437324123	0.75249371106	20	0
-60.5	0	0.37778509291	0.695028155026	19	0
-24.5	0	0.576455869532	0.653836837321	18	0
-24.5	0	0.568289868157	0.57811804045	17	0
19.0	0	0.421384377582	0.543650517158	17	0
80.5	0	0.378594072744	0.539290916394	17	0
115.0	0	0.432967542155	0.554985112867	17	0
154.0	0	0.318901617124	0.552384630506	17	0
154.0	0	0.432716160895	0.508301582779	17	0
181.0	0	0.667792667911	0.553519483847	17	0
196.0	0	0.364905047101	0.632532462139	17	0
181.0	0	0.20293091428	0.756295250497	17	0
196.0	0	0.286696109676	0.761084722221	17	0
284.5	0	0.00723045661973	0.783329377794	17	0
284.5	0	0.10552172021	0.776329104482	17	0
284.5	0	0.217321767037	0.75965715067	16	0
196.0	0	0.0760157339145	0.730887626516	15	0
284.5	0	0.07734604728	0.742765734162	14	0
284.5	0	0.105649866448	0.716174135459	13	0
284.5	0	0.363342027382	0.726686498647	12	0
196.0	0	0.746651667821	0.739697234408	11	0
196.0	0	0.938564218184	0.757282990358	11	0
196.0	0	0.743276361976	0.754959915113	11	0
196.0	0	0.561293259776	0.805363445014	11	0
196.0	0	0.640670045868	0.740495772106	11	0
190.0	0	0.515199320272	0.757245757641	11	0
190.0	0	0.495523527143	0.719699221288	11	0
173.5	0	0.635982459627	0.687255751714	11	0
173.5	0	0.517980340959	0.656515248558	11	0
173.5	0	0.597054605797	0.66020238525	10	0
173.5	0	0.929465142003	0.716421093436	10	0
173.5	0	0.911188033117	0.772925763137	10	0
173.5	0	1.06775572242	0.800036664715	10	0
137.5	0	0.976378075396	0.795773889902	10	0
86.5	0	0.791558272249	0.840010142096	10	0
86.5	0	0.371493946712	0.807324300214	10	0
61.0	0	0.454472993118	0.800342528773	10	0
61.0	0	0.735342585239	0.774152617125	11	0
26.5	0	0.660398145449	0.753871514431	11	0
61.0	0	0.926559338666	0.804724351905	11	0
61.0	0	1.04046901816	0.833103605193	11	0
61.0	0	0.637605464755	0.857644654948	11	0
26.5	0	0.641406304162	0.887945002549	11	0
-5.0	0	1.0396711038	0.988402926024	12	0
-24.5	0	0.990174929171	1.02450541632	13	0
-24.5	0	0.719803276913	1.06817932034	14	0
-53.0	0	0.924756430531	1.01693061018	15	0
-53.0	0	1.07778049944	0.971081112379	15	0
-24.5	0	0.856275890464	0.969544233879	15	0
-36.5	0	1.02622053593	0.95113252813	15	0
-36.5	0	0.882727803413	0.956555854794	15	0
-36.5	0	0.896689323722	0.862164705615	15	0
-36.5	0	1.21709044759	0.819597821633	15	0
-36.5	0	1.06296248946	0.755766600013	15	0
-53.0	0	0.997992903461	0.747687939528	15	0
-53.0	0	0.599378234435	0.760313847751	15	0
-71.0	0	0.587765981244	0.761232575226	15	0
-96.5	0	0.419774585313	0.792171226284	15	0
-71.0	0	0.208006461339	0.831277721236	15	0
-53.0	0	0.348899927172	0.830576524244	15	0
-53.0	0	0.467352479607	0.782518851611	15	0
-53.0	0	0.547309148269	0.75318746908	15	0
-78.5	0	0.716055318477	0.74791580642	15	0
-104.0	0	0.962480211731	0.750999686198	15	0
-104.0	0	1.13352157202	0.828927943713	15	0
-113.0	0	1.1804648105	0.873556833631	15	0
-113.0	0	1.39039163308	0.869474984122	15	0
-104.0	0	1.27500629943	0.901605252566	15	0
-104.0	0	1.35725200069	0.926102303713	15	0
-104.0	0	1.25500526171	0.9409767965	15	0
-113.0	0	1.06057071013	0.914599005619	15	0
-104.0	0	1.27547231328	0.917887021636	15	0
-90.5	0	1.05052445017	0.953742865364	15	0
-104.0	0	1.39978574224	0.970097570711	15	0
-104.0	0	1.68544445003	0.987493590901	15	0
-113.0	0	1.99692420367	1.04462394542	15	0
-113.0	0	1.91331107274	1.11149440817	15	0
-113.0	0	1.88422506111	1.14863592742	15	0
-113.0	0	1.95048724082	1.16641550594	14	0
-119.0	0	1.63254401125	1.18863025192	13	0
-128.0	0	1.54289359345	1.19652051805	13	0
-128.0	0	2.02072869238	1.17006452655	13	0
-119.0	0	2.17356888499	1.11969663204	13	0
-113.0	0	1.74812843779	1.03142200077	13	0
-104.0	0	1.34216277616	0.9895860804	13	0
-104.0	0	1.76040434702	0.946745982598	13	0
-90.5	0	1.27737474175	0.987098410982	13	0
-104.0	0	1.23125949849	1.03899734261	13	0
-104.0	0	1.5105905888	1.08111026449	13	0
-113.0	0	1.3555334793	1.12504019723	13	0
-113.0	0	1.29689277596	1.12359810483	13	0
-104.0	0	1.33318351508	1.13778605258	13	0
-104.0	0	1.05803160598	1.2000760654	14	0
-104.0	0	0.644391773294	1.2648964627	15	0
-90.5	0	0.606534799417	1.28687637142	16	0
-84.5	0	0.4935855037	1.32520322825	17	0
-26.0	0	0.590810281215	1.35617291254	18	0
35.5	0	0.649930118652	1.3691645101	19	0
35.5	0	0.654297521777	1.41443324404	20	0
-24.5	0	0.70560763538	1.44287206218	21	0
35.5	0	0.605004186235	1.51611426667	22	0
56.5	0	0.410596280276	1.54940998365	23	0
67.0	0	0.38679888612	1.58532474167	24	0
80.5	0	0.21887294955	1.55906892563	25	0
98.5	0	0.0357399731159	1.54056784978	26	0
118.0	0	0.130454268911	1.47339195637	26	0
118.0	0	0.0741622681637	1.52346340501	26	0
98.5	0	0.111953990932	1.51196454936	26	0
110.5	0	0.0342278413647	1.46975620736	26	0
110.5	0	0.0966046105035	1.46762020166	26	0
110.5	0	0.279770722921	1.46315086266	26	0
91.0	0	0.141466348181	1.48061217758	26	0
91.0	0	0.332621867757	1.47963695846	26	0
91.0	0	0.0964832846721	1.55706320882	26	0
91.0	0	0.048649726177	1.55942031028	25	0
91.0	0	0.034488228919	1.5154619714	25	0
110.5	0	0.266426601372	1.44462093994	25	0
119.5	0	0.202502411957	1.44561892165	25	0
119.5	0	0.193969292808	1.41230048679	25	0
119.5	0	0.155318186326	1.40758822652	25	0
119.5	0	0.583081626107	1.40594509742	25	0
131.5	0	0.475533679605	1.39985591863	25	0
146.5	0	0.369315055904	1.44599415105	25	0
142.0	0	0.701541652238	1.42551772065	25	0
134.5	0	1.19728007717	1.42810550954	25	0
134.5	0	1.05119991698	1.42986831881	25	0
110.5	0	1.48653219122	1.36227276441	24	0
110.5	0	1.63170672027	1.33703760691	23	0
92.5	0	1.55381321746	1.33014247622	22	0
92.5	0	1.2420756523	1.34472605873	21	0
68.5	0	1.21318954593	1.37599141478	20	0
62.5	0	1.49235792015	1.35380122686	19	0
46.0	0	1.51872291427	1.36024854185	18	0
20.5	0	2.06079521684	1.34866381609	17	0
20.5	0	1.98092723391	1.36021204051	17	0
20.5	0	2.41782950614	1.31179996116	16	0
-26.0	0	2.34285551519	1.30455589884	15	0
-66.5	0	2.47034858553	1.24209010471	14	0
-72.5	0	2.62090796519	1.16591500716	13	0
-72.5	0	2.56144515332	1.13978538822	13	0
-87.5	0	2.59094738212	1.08079186212	13	0
-114.5	0	2.57974953377	1.04601524989	14	0
-114.5	0	2.66804180929	0.970109213406	15	0
-114.5	0	2.70075644571	0.967626233142	16	0
-114.5	0	2.7772756181	0.979468195537	17	0
-114.5	0	2.77737182132	1.03517722774	18	0
-129.5	0	2.83081985632	1.03442812732	19	0
-150.5	0	2.79571128558	1.03899765959	19	0
-150.5	0	2.90656791111	1.06154160234	19	0
-171.5	0	2.61119765251	1.0659834321	19	0
-168.5	0	2.42390242225	1.13595398919	19	0
-149.0	0	2.44717577358	1.07451643778	19	0
-129.5	0	2.20811229205	1.08762643571	19	0
-114.5	0	1.85392347001	1.03953115927	19	0
-129.5	0	1.61477319809	0.984669622585	19	0
-149.0	0	1.62069686717	0.967181687184	19	0
-149.0	0	1.97062951692	0.963504405109	19	0
-149.0	0	1.88346812522	0.972782914604	19	0
-116.0	0	1.74776981724	0.993601455003	19	0
-87.5	0	1.8581176019	0.953896663566	19	0
-72.5	0	1.63839722811	0.930674814434	19	0
-87.5	0	1.83529992917	0.979017599118	19	0
-116.0	0	1.80177577883	0.966293050402	19	0
-116.0	0	1.91173381976	1.0244191328	19	0
-116.0	0	1.62312315504	1.03980529489	19	0
-134.0	0	1.65320640759	1.08211694144	19	0
-119.0	0	1.4511839631	1.09765001716	19	0
-87.5	0	1.26293655596	1.09758069125	19	0
-119.0	0	1.85034694242	1.13231948299	18	0
-152.0	0	2.05270402717	1.05496347963	17	0
-152.0	0	2.05752230373	1.06129018159	17	0
-119.0	0	1.6713500707	1.08498133043	17	0
-119.0	0	1.67884837178	1.14532647618	17	0
-119.0	0	1.68869327276	1.14819873524	17	0
-119.0	0	1.71105252887	1.14031773976	17	0
-141.5	0	1.84297315144	1.15955768614	16	0
-156.5	0	2.02218184158	1.10590177339	15	0
-156.5	0	1.78443224694	1.13598656515	14	0
-141.5	0	1.70393648933	1.1827088136	13	0
-81.5	0	1.57150437376	1.17243818836	12	0
20.5	0	1.61799090782	1.21878396679	11	0
86.5	0	1.67943822785	1.24545061272	10	0
86.5	0	1.44505556643	1.28619296426	10	0
86.5	0	1.41470492894	1.26426851061	10	0
20.5	0	1.37643493633	1.23407725502	10	0
20.5	0	1.28448427518	1.23038930699	10	0
91.0	0	0.84926191999	1.22292642609	10	0
91.0	0	0.789769152088	1.13096024801	11	0
91.0	0	0.872970055708	1.11217636063	12	0
116.5	0	1.15083161175	1.09105392164	13	0
145.0	0	1.39635606705	0.980005841975	14	0
116.5	0	1.28851854241	1.00493394129	14	0
116.5	0	1.49072470321	0.96330013673	14	0
116.5	0	1.38731902114	0.967168424594	14	0
116.5	0	1.27854556166	1.00530249989	14	0
130.0	0	1.32872872483	1.04733715421	14	0
133.0	0	1.26580062951	1.08154969186	15	0
121.0	0	0.920387873027	1.06139784767	15	0
121.0	0	1.04004078117	0.976056153223	15	0
121.0	0	1.05980897957	1.01277964736	15	0
104.5	0	0.957834285237	1.02578668586	15	0
104.5	0	0.898034642388	0.932574044957	15	0
104.5	0	0.906869046273	0.873760607496	15	0
104.5	0	0.824952201457	0.839319579549	15	0
104.5	0	1.04427278037	0.813392883335	15	0
121.0	0	0.763330235185	0.786354869929	15	0
121.0	0	0.818917682232	0.831410722696	16	0
133.0	0	0.872917744714	0.858164557725	16	0
145.0	0	0.285687159418	0.853666975025	16	0
145.0	0	0.398931148016	0.905654000843	16	0
145.0	0	0.448739315324	0.83871079828	16	0
145.0	0	0.475124237458	0.830030018252	16	0
145.0	0	0.541189268852	0.745026773731	16	0
181.0	0	0.354295743487	0.749435927344	16	0
181.0	0	0.424529661706	0.732656118378	16	0
181.0	0	0.27020481459	0.669689165358	16	0
202.0	0	0.229078065679	0.709149428391	16	0
202.0	0	0.588177238506	0.689514436429	16	0
169.0	0	0.315502054209	0.657712823432	16	0
145.0	0	0.142301533634	0.655952155077	16	0
145.0	0	0.108876168766	0.626236133913	16	0
145.0	0	0.103082435163	0.631420850566	16	0
169.0	0	0.344474953965	0.613875006594	15	0
169.0	0	0.0772892294492	0.592212504538	14	0
169.0	0	0.132975716543	0.642133666802	13	0
169.0	0	0.231971413599	0.66605266071	13	0
169.0	0	0.565320066653	0.690750017317	13	0
169.0	0	0.428950507163	0.784076559355	13	0
145.0	0	0.470874933025	0.809911656767	13	0
145.0	0	0.0910165879756	0.79814438925	13	0
133.0	0	0.347661116663	0.889674430591	13	0
145.0	0	0.171103293953	0.854026907939	13	0
145.0	0	0.365783499345	0.823416191869	13	0
166.0	0	0.0730976638239	0.82027811026	13	0
202.0	0	0.365115859057	0.828270417948	13	0
202.0	0	0.276433287408	0.839387963066	13	0
217.0	0	0.322882919672	0.871417588507	13	0
217.0	0	0.670554693401	0.901123398457	13	0
241.0	0	0.615823153407	1.01141601971	13	0
217.0	0	0.512478495828	1.02624981579	14	0
217.0	0	0.808112329664	1.03053231838	13	0
241.0	0	0.384058870081	1.05158880153	13	0
241.0	0	0.367607928783	1.11163298427	13	0
241.0	0	0.0528235460801	1.1930496997	13	0
274.0	0	0.072413721883	1.20784353883	13	0
274.0	0	0.204720822834	1.13501301177	13	0
274.0	0	0.207269083865	1.12448719182	13	0
274.0	0	0.226442044738	1.07675463661	13	0
241.0	0	0.32121837097	1.0441584845	13	0
241.0	0	0.476428512486	1.04721937563	13	0
274.0	0	0.389352532052	1.06007628041	13	0
274.0	0	0.536192714348	1.03751957322	13	0
298.0	0	0.410141274302	1.03783048323	13	0
274.0	0	0.452877321131	1.02510306717	13	0
241.0	0	0.454832930943	1.00308998916	13	0
241.0	0	0.523428036249	1.04243266537	12	0
241.0	0	0.337235919289	1.09813715627	12	0
211.0	0	0.139782482118	1.14341905398	12	0
274.0	0	0.485991483528	1.16867374913	12	0
274.0	0	0.721321866497	1.12693469437	12	0
259.0	0	0.739808217982	1.09338638803	12	0
259.0	0	0.679952224833	1.0915335621	12	0
259.0	0	0.684360168311	1.11718173845	12	0
259.0	0	0.961304532576	1.16039565357	12	0
259.0	0	0.861136145306	1.10622131745	12	0
208.0	0	0.849814207249	1.08174112627	12	0
155.5	0	0.817146252317	1.08094743331	13	0
155.5	0	0.982507015988	1.08976774078	14	0
155.5	0	0.834266375121	1.03941616919	15	0
139.0	0	1.10888250544	1.07805571818	16	0
155.5	0	1.37683787856	1.06521719454	17	0
155.5	0	1.22416713072	1.11955630312	18	0
139.0	0	1.41220211669	1.19305980261	19	0
125.5	0	1.38571877673	1.20980708953	18	0
110.5	0	1.36095440989	1.19886285937	17	0
110.5	0	1.37688873168	1.183495316	17	0
110.5	0	1.30326536907	1.14389012094	17	0
110.5	0	1.52399593059	1.15943167483	17	0
89.5	0	1.47497954325	1.16877302866	17	0
89.5	0	1.55833191527	1.13299519179	18	0
110.5	0	1.40670904966	1.14844312093	19	0
89.5	0	1.81384342343	1.21801232322	20	0
55.0	0	1.81911736745	1.18218158904	20	0
16.0	0	2.38396799672	1.06270779691	20	0
16.0	0	2.50720834257	1.00975763359	20	0
-24.5	0	2.46265280087	1.0473696436	20	0
-84.5	0	2.38691881269	1.06856875464	20	0
-84.5	0	2.25197040088	1.08074525232	20	0
-104.0	0	1.95505579241	0.996377906122	20	0
-104.0	0	1.78728084444	1.00266586869	20	0
-104.0	0	1.95003746647	0.963528068834	20	0
-104.0	0	1.85647380442	0.938299142155	20	0
-128.0	0	2.04964333366	0.965775875092	20	0
-128.0	0	1.74284287679	0.981971086771	20	0
-128.0	0	1.83210357892	0.967024374722	20	0
-104.0	0	1.90332443971	0.978235956432	20	0
-72.5	0	1.99701686785	0.885110624734	20	0
4.0	0	2.00528521939	0.896827376878	20	0
4.0	0	1.90977527097	0.862196927984	20	0
85.0	0	1.71592773991	0.9035235415	20	0
85.0	0	1.64667039935	0.97352867637	20	0
85.0	0	1.60799230821	1.00102194033	19	0
85.0	0	1.5293075806	1.03073980107	18	0
4.0	0	1.58802602053	1.03427651291	17	0
4.0	0	1.59680781458	1.05076690687	16	0
-72.5	0	1.57963620853	1.10029889604	15	0
-72.5	0	1.63970298553	1.13638132188	15	0
4.0	0	1.32954598626	1.11152559947	15	0
61.0	0	1.16357632331	1.17248073756	15	0
61.0	0	1.24787403715	1.1895149019	15	0
4.0	0	1.41967393453	1.181410004	15	0
-72.5	0	1.4052862411	1.18947195748	15	0
-72.5	0	1.52648856783	1.16595024355	15	0
-80.0	0	1.63337552689	1.07282752099	15	0
-80.0	0	1.71273852231	1.05228794029	14	0
-3.5	0	1.70371551644	1.03114211561	13	0
-3.5	0	1.70434101074	1.02548155996	12	0
61.0	0	1.40758384159	1.02888462998	12	0
61.0	0	1.43914713509	0.992420211042	12	0
61.0	0	1.04927909314	1.02819804792	13	0
61.0	0	0.966472977032	1.01137750556	14	0
61.0	0	0.789896822947	0.976599350784	15	0
68.5	0	0.893050004566	0.999248714904	15	0
88.0	0	0.397872122567	1.02967461455	14	0
68.5	0	0.468956277901	1.06967431148	14	0
68.5	0	0.124765143384	1.08524624567	14	0
68.5	0	0.268264966444	1.07435646306	14	0
88.0	0	0.428525228552	1.0866047642	14	0
104.5	0	0.751990205908	1.1581482081	14	0
122.5	0	0.656910593433	1.16211984444	14	0
122.5	0	0.567196142928	1.22091337839	14	0
122.5	0	0.610413682293	1.28529502627	14	0
176.5	0	0.383868736321	1.25879762014	14	0
176.5	0	0.619775003749	1.21456533026	14	0
142.0	0	0.566108810292	1.22919335747	14	0
142.0	0	0.0196476807708	1.23248657752	14	0
122.5	0	0.0577027148846	1.28643706041	14	0
122.5	0	0.0672349686903	1.26464256282	14	0
142.0	0	0.133481307998	1.26942950348	14	0
118.0	0	0.183285896704	1.26434378421	14	0
88.0	0	0.00212484140548	1.19802602777	14	0
68.5	0	0.140784110283	1.13990523169	14	0
68.5	0	0.101135645081	1.08440694284	14	0
88.0	0	0.054518071544	1.06082629328	15	0
68.5	0	0.0154047991264	1.0532359721	16	0
68.5	0	0.448206737545	0.963227200889	17	0
88.0	0	0.473206918603	0.972560402623	17	0
124.0	0	0.230000694307	1.00676012216	17	0
151.0	0	0.00359245290287	0.950219325792	17	0
124.0	0	0.0423506259711	0.932999189969	17	0
151.0	0	0.286647988834	0.890235508201	17	0
151.0	0	0.445658949404	0.814473534751	17	0
151.0	0	0.523833081053	0.765255893674	17	0
151.0	0	0.467449205434	0.787541312845	17	0
151.0	0	0.621975125098	0.873664828494	16	0
124.0	0	0.854195168221	0.860693694661	15	0
80.5	0	1.12845946602	0.833220725139	14	0
49.0	0	1.07298556691	0.786138018843	13	0
49.0	0	0.934862227843	0.756355487142	12	0
49.0	0	0.445678991776	0.696568793823	13	0
31.0	0	0.706575761755	0.631773744592	14	0
31.0	0	0.577374756579	0.557655717534	15	0
19.0	0	0.890605014665	0.571242348199	15	0
19.0	0	0.57255208618	0.564960974977	15	0
19.0	0	0.920467328846	0.557556338834	15	0
31.0	0	0.467728472103	0.571885559586	15	0
44.5	0	0.457820206293	0.549667855748	15	0
31.0	0	0.473349326866	0.574161838929	15	0
31.0	0	0.427227518046	0.570065670722	15	0
19.0	0	0.282220383232	0.544476193455	15	0
19.0	0	0.295898105581	0.534619843457	15	0
19.0	0	0.293569443551	0.507187900594	15	0
19.0	0	0.283590624501	0.518781099961	15	0
19.0	0	0.151174846463	0.503439219537	15	0
13.0	0	0.583876442228	0.539344377252	15	0
13.0	0	0.0987581418264	0.552795169617	15	0
13.0	0	0.0353192117163	0.5105151448	15	0
10.0	0	0.175031124807	0.488268366759	15	0
10.0	0	0.205754386354	0.472620990204	14	0
13.0	0	0.253162598147	0.473839939769	13	0
19.0	0	0.358999281834	0.507012716553	13	0
19.0	0	0.114799580935	0.562235860531	13	0
13.0	0	0.286370685113	0.640538591187	13	0
10.0	0	0.684781899248	0.702953723681	13	0
13.0	0	0.534356704253	0.713840488655	13	0
13.0	0	0.166946199849	0.754868703807	13	0
13.0	0	0.46336609403	0.717972029032	13	0
13.0	0	0.740514346374	0.682058835522	13	0
13.0	0	0.632520829864	0.71794576319	13	0
13.0	0	0.628921282212	0.712602771495	13	0
13.0	0	0.517706089907	0.70902512608	13	0
13.0	0	0.254010954564	0.734204618379	13	0
13.0	0	0.307037418636	0.75730945839	13	0
13.0	0	0.678387542546	0.77261273962	13	0
19.0	0	0.936560700953	0.663486253803	13	0
31.0	0	0.517035361369	0.643440066548	12	0
31.0	0	0.359182108284	0.725067266885	12	0
38.5	0	0.300859418623	0.754544559594	12	0
32.5	0	0.46784690009	0.806271774263	12	0
61.0	0	0.710987997588	0.882020605882	12	0
61.0	0	0.382595545823	0.980508000117	12	0
61.0	0	0.22694586133	1.11154370777	12	0
61.0	0	0.451070953584	1.07408289139	12	0
19.0	0	0.372316382696	1.18484133536	12	0
19.0	0	0.582112876826	1.16128888359	12	0
-21.5	0	0.694542687729	1.12087400278	12	0
-32.0	0	0.615125898884	1.10177245888	12	0
-32.0	0	0.706724772182	1.06908712021	12	0
-32.0	0	0.622236961547	1.0543678015	12	0
-21.5	0	0.53896350752	1.03144029084	12	0
-21.5	0	0.430477544392	0.967261725292	13	0
-53.0	0	0.510616000261	0.962792506489	14	0
-53.0	0	0.535160024795	0.922171383867	15	0
-77.0	0	0.367767585914	0.974330596998	15	0
-53.0	0	0.799419685265	0.964801174059	15	0
-53.0	0	0.810713144834	0.92687425535	15	0
-53.0	0	0.775669774804	0.910724447972	15	0
-53.0	0	0.446526321307	0.923976394015	15	0
-65.0	0	0.720953559156	0.990063945547	15	0
-65.0	0	0.553627450599	0.998283621932	15	0
-65.0	0	0.324391889372	0.98786990249	15	0
-41.0	0	0.578979129896	0.930139096704	15	0
-21.5	0	0.699450023016	0.897864018094	15	0
-18.5	0	0.987006365608	0.848297288107	15	0
-26.0	0	0.907174651012	0.804996968909	15	0
-18.5	0	0.614862978174	0.747486091291	15	0
-18.5	0	0.790196861012	0.745915489266	15	0
-18.5	0	1.04659424025	0.74862525403	15	0
-18.5	0	0.902575083385	0.764105211808	15	0
-18.5	0	0.845416707927	0.776019195958	15	0
-18.5	0	0.828559778542	0.85423034815	15	0
-18.5	0	0.392757916149	0.878762539922	15	0
-5.0	0	0.39804384308	0.905087178009	16	0
4.0	0	0.367389247458	0.945420400193	17	0
-9.5	0	0.686689664496	1.01328077387	18	0
-9.5	0	0.597018049933	1.03468127482	18	0
-6.5	0	0.811325476721	0.909154866625	18	0
-20.0	0	0.772579363251	0.855078112561	18	0
-20.0	0	0.966992446011	0.808680168187	18	0
-38.0	0	1.00508554892	0.759196669791	18	0
-38.0	0	1.36725722165	0.740334242958	18	0
-38.0	0	0.881809692064	0.712389841465	18	0
-38.0	0	1.15263437643	0.708213706811	18	0
-20.0	0	1.07255043606	0.649887606509	18	0
-20.0	0	1.03678648041	0.741329425762	17	0
-20.0	0	0.96239683109	0.796773626427	16	0
-6.5	0	0.963492235074	0.832535163511	15	0
-6.5	0	0.801457707748	0.923385945989	14	0
-20.0	0	1.0571106625	1.01032625435	13	0
-38.0	0	1.07186407652	1.08543731923	13	0
-62.0	0	1.31439146525	1.1369415631	14	0
-62.0	0	1.00112266444	1.1667166776	15	0
-80.0	0	0.825817166374	1.26644198888	16	0
-80.0	0	0.865807352558	1.28309579106	17	0
-107.0	0	0.992484139058	1.27867349557	18	0
-165.5	0	1.10256821189	1.37669820292	19	0
-165.5	0	1.07191791475	1.49268391682	20	0
-165.5	0	1.31293610328	1.55236903815	21	0
-263.0	0	1.16477956243	1.58513697739	22	0
-321.5	0	1.19450546318	1.70506572272	23	0
-330.5	0	1.38471324736	1.76859890452	24	0
-339.5	0	1.54738194699	1.81586832961	25	0
-344.0	0	1.82819517734	1.86951276822	26	0
-348.5	0	2.00446231593	1.94757140196	27	0
-348.5	0	1.94469873069	2.03591985064	28	0
-351.5	0	2.19603623132	2.11567160939	29	0
-351.5	0	2.22943515774	2.0996448466	28	0
-351.5	0	1.9206552096	2.11491999941	27	0
-351.5	0	1.99313305596	2.08086770566	26	0
-351.5	0	1.97935970866	2.06265389733	25	0
-351.5	0	1.61253642265	2.03772343453	24	0
-351.5	0	1.91352009113	2.02136946226	25	0
-351.5	0	1.72095619418	2.04623454834	26	0
-351.5	0	1.98798767432	2.04242295037	27	0
-348.5	0	1.65353678913	2.03399567245	28	0
-351.5	0	1.64623425146	2.05250311477	29	0
-351.5	0	1.56786911546	2.11017116497	30	0
-351.5	0	1.54274828203	2.1526812235	31	0
-348.5	0	1.3564819704	2.16702898744	32	0
-351.5	0	1.46649855364	2.1679891561	33	0
-351.5	0	1.29196666942	2.15350220551	34	0
-351.5	0	1.15894061698	2.10813710213	35	0
-348.5	0	0.820566020263	2.18045634963	36	0
-351.5	0	0.934825451154	2.19324862991	37	0
-351.5	0	0.954028067557	2.14158132235	37	0
-348.5	0	0.896936542154	2.09811386719	37	0
-348.5	0	0.875811777993	2.09058582679	36	0
-348.5	0	1.07934756921	1.97940041776	35	0
-344.0	0	0.830286147245	1.92872807982	34	0
-326.0	0	0.627363906175	1.88827953869	33	0
-326.0	0	0.293849153639	1.85432149015	32	0
-314.0	0	0.612032539088	1.82007335272	31	0
-264.5	0	0.737427465199	1.71841451276	30	0
-213.5	0	0.758663343121	1.65872099948	29	0
-213.5	0	0.887539744182	1.65558942182	28	0
-213.5	0	0.739703613147	1.6324505424	27	0
-213.5	0	0.650528040809	1.60815471902	26	0
-165.5	0	0.481217743083	1.54505805179	25	0
-165.5	0	0.220815095775	1.50690877627	24	0
-165.5	0	0.187320584063	1.4127004815	23	0
-117.5	0	0.230623425549	1.34235226616	22	0
-92.0	0	0.0743974899719	1.3274211402	22	0
-63.5	0	0.0848860788374	1.28643048327	23	0
-14.0	0	0.252805266293	1.23747621227	24	0
29.5	0	0.292112768767	1.21204819238	25	0
50.5	0	0.329573065928	1.19781596616	26	0
122.5	0	0.341665176518	1.18051561584	26	0
109.0	0	0.0303868789184	1.14543010327	25	0
89.5	0	0.0953904735691	1.10067899417	24	0
89.5	0	0.248278199426	1.04828752319	23	0
55.0	0	0.556196547138	1.07084647666	22	0
113.5	0	0.755317126518	1.06950568942	21	0
113.5	0	0.902473050377	1.01741166154	20	0
55.0	0	1.03138810682	1.04368047412	19	0
31.0	0	1.3283768917	1.08255865581	18	0
55.0	0	1.44067063127	1.09621486526	17	0
35.5	0	1.47161471152	1.11325081929	16	0
31.0	0	1.4268467516	1.11943471099	15	0
31.0	0	1.42484356009	1.15892565793	16	0
35.5	0	1.37998788876	1.1621068228	17	0
59.5	0	1.04251235829	1.1532419001	18	0
59.5	0	1.04919390741	1.1554242667	19	0
86.5	0	0.98256900287	1.14362582776	20	0
121.0	0	0.985232618182	1.15949317922	21	0
161.5	0	0.619923320913	1.18774157997	22	0
161.5	0	0.582442777935	1.25192377283	23	0
170.5	0	0.576494973009	1.25394016422	23	0
157.0	0	0.455520546729	1.29472638331	23	0
157.0	0	0.473116389229	1.28247232447	23	0
121.0	0	0.698410610574	1.26598445274	23	0
121.0	0	0.835408989752	1.24763263239	23	0
157.0	0	0.616397270489	1.22610904616	23	0
157.0	0	0.64124691484	1.21077033786	23	0
157.0	0	0.629676618996	1.2401371496	23	0
157.0	0	0.468194072188	1.17344174436	23	0
122.5	0	0.470320448811	1.13890610344	23	0
157.0	0	0.584124627358	1.11910529187	23	0
122.5	0	0.578802557337	1.061973603	22	0
157.0	0	0.955905931632	1.00603287028	21	0
157.0	0	1.07648084761	0.960497174639	21	0
157.0	0	1.19238072597	0.923642578976	21	0
146.5	0	1.38625879573	0.85489851397	21	0
121.0	0	1.09209577252	0.819520835441	21	0
95.5	0	1.08843588746	0.761340302392	21	0
95.5	0	1.15855898858	0.693156190521	21	0
95.5	0	1.36944112735	0.722022869351	21	0
86.5	0	1.42077560083	0.780769422713	21	0
59.5	0	1.37922009211	0.778047027728	21	0
86.5	0	1.05384359745	0.858000188565	21	0
95.5	0	0.989937542425	0.889297115533	21	0
121.0	0	1.09903575941	0.82931593725	21	0
121.0	0	0.963269011925	0.910404722743	21	0
155.5	0	1.05724853725	0.906592953821	20	0
185.5	0	0.987874936337	0.882636493517	19	0
215.5	0	1.03441554657	0.837991893274	18	0
217.0	0	0.994593131994	0.851599644829	17	0
217.0	0	0.662485343829	0.849849070436	16	0
235.0	0	0.494058055819	0.831699630239	15	0
259.0	0	0.562175258683	0.811072214211	14	0
259.0	0	0.495314041956	0.813199871805	13	0
259.0	0	0.557889195316	0.805072106815	12	0
259.0	0	0.595476004164	0.785769974499	12	0
235.0	0	0.965108300795	0.802387748224	13	0
223.0	0	1.11255838249	0.72733357888	14	0
185.5	0	1.43476649263	0.6860177561	15	0
155.5	0	1.63176588289	0.645192843562	15	0
121.0	0	1.74072594403	0.632734162854	15	0
175.0	0	1.65991642865	0.628961536714	15	0
121.0	0	1.55549930219	0.646873941968	15	0
175.0	0	1.64610017062	0.636999106071	14	0
175.0	0	1.41042604021	0.717365392614	13	0
175.0	0	1.52875303394	0.726857923099	13	0
121.0	0	1.67091725414	0.83981178369	14	0
116.5	0	1.48679650935	0.838379931642	15	0
116.5	0	1.31793936874	0.862189380198	16	0
175.0	0	1.3873627609	0.878286897352	16	0
116.5	0	1.29812514499	0.863074261714	16	0
154.0	0	1.42430970838	0.899240803089	16	0
154.0	0	1.38962472398	0.925394886403	16	0
154.0	0	1.34260015125	0.940127497313	16	0
154.0	0	1.30384901347	0.972515556342	16	0
184.0	0	1.23493268842	1.03682715875	16	0
184.0	0	1.56770074776	1.05950347374	16	0
184.0	0	1.66117956791	1.10998679437	16	0
125.5	0	1.74069971867	1.20271837681	16	0
122.5	0	1.53940065286	1.17564985921	16	0
122.5	0	1.45108372956	1.14294308297	16	0
122.5	0	1.3475463776	1.19204701501	16	0
79.0	0	1.80601392943	1.17071900442	16	0
79.0	0	1.78017579473	1.20161686714	16	0
40.0	0	1.80847134448	1.24397605114	16	0
40.0	0	1.92118380102	1.15696207289	16	0
-6.5	0	1.99273391574	1.17620568521	16	0
-27.5	0	1.88904602136	1.15069101192	16	0
-44.0	0	1.94413132153	1.11333609314	16	0
-44.0	0	1.765517379	1.08589676057	16	0
-27.5	0	2.07555552805	1.10244926992	16	0
-47.0	0	2.20424067642	1.13154990543	15	0
-47.0	0	2.13883605599	1.10719381224	15	0
-47.0	0	2.18247592284	1.09217293892	15	0
-93.5	0	1.92494919158	1.13712757167	15	0
-123.5	0	1.9205920664	1.1547241964	15	0
-92.0	0	1.66150857444	1.10375227008	15	0
-42.5	0	1.44530921971	1.13769453122	15	0
-18.5	0	1.45167393893	1.10426851398	15	0
-12.5	0	1.28901636122	1.12575339833	15	0
-12.5	0	1.22535399037	1.10238854149	15	0
-18.5	0	1.30689312843	1.11231038386	14	0
-18.5	0	1.33060179935	1.04922871435	13	0
-42.5	0	1.33954657226	1.04065874397	12	0
-92.0	0	1.65314517324	1.08192408384	11	0
-92.0	0	1.45156814246	1.07117230083	11	0
-42.5	0	1.44417193591	0.96723455122	11	0
-18.5	0	1.60853272559	0.996473268717	11	0
-18.5	0	1.36629118572	1.09049190701	11	0
-42.5	0	1.3239514083	1.06632063088	11	0
-38.0	0	1.50006779121	1.04990773258	11	0
-38.0	0	1.41413133304	1.08074824918	11	0
-47.0	0	1.38877266234	1.11622607757	11	0
-23.0	0	1.4639027857	1.09307955752	11	0
-23.0	0	1.4273036072	1.1039709167	11	0
-23.0	0	1.52252023579	1.11950950683	11	0
-23.0	0	1.41854056143	1.10624558918	11	0
-12.5	0	1.47728298964	1.11950981218	11	0
-3.5	0	1.36259607151	1.10260098791	12	0
-3.5	0	1.48878570265	1.09797825088	13	0
-12.5	0	1.66001913659	1.08914098525	13	0
-12.5	0	1.84250156463	1.0741154573	12	0
-12.5	0	1.66775108217	1.06224758209	11	0
-12.5	0	1.7750309813	1.03016503273	10	0
-12.5	0	1.90497509726	1.02223374416	10	0
-12.5	0	1.8143777285	1.05712188046	10	0
-12.5	0	1.75022148128	1.08674859485	10	0
-12.5	0	1.78053557375	1.103581282	10	0
-12.5	0	1.87202628554	1.08982369723	10	0
-12.5	0	1.89784813151	1.14451376568	10	0
-23.0	0	1.6692826075	1.12969937769	10	0
-23.0	0	1.86862663453	1.10384307714	10	0
-21.5	0	1.90063503969	1.08880378848	10	0
-21.5	0	1.58446664963	1.08315314071	10	0
-3.5	0	1.91645900279	1.03832623599	10	0
31.0	0	1.63454595782	1.05241716372	10	0
-3.5	0	1.259486558	0.989500522809	10	0
-3.5	0	1.23797185584	1.03129525301	10	0
-3.5	0	1.25690335315	1.09475086322	10	0
-14.0	0	1.23800461258	1.04623047248	11	0
-33.5	0	1.09935791256	1.00810460617	11	0
-14.0	0	1.01095572347	0.981831889655	11	0
-14.0	0	1.2679098768	1.0022489183	11	0
-14.0	0	0.86206329746	0.97564892919	11	0
-14.0	0	0.766678580889	0.911591878294	11	0
-33.5	0	0.975111852226	0.970720221035	11	0
-33.5	0	0.829138714008	0.989173657579	11	0
-44.0	0	0.863083181949	0.999539835479	11	0
-33.5	0	1.12007813584	0.953146838985	11	0
-33.5	0	1.10201110866	0.979090293582	11	0
-33.5	0	1.04930424618	0.966306248708	11	0
-44.0	0	1.25657281532	0.876860211824	11	0
-44.0	0	1.36794859163	0.819361849694	11	0
-44.0	0	1.38389374867	0.843393387626	12	0
-68.0	0	1.38023690304	0.830003029471	11	0
-68.0	0	1.20098526901	0.819778100324	11	0
-68.0	0	1.00232261588	0.823378808527	11	0
-99.5	0	0.821958277817	0.782272398755	11	0
-99.5	0	0.796429883483	0.74276201004	11	0
-99.5	0	0.734584285853	0.70644193938	11	0
-68.0	0	0.686376852349	0.718782524967	11	0
-44.0	0	0.584849718426	0.731248005916	11	0
-68.0	0	0.579640974927	0.760134842994	11	0
-99.5	0	0.460052476219	0.778178923273	11	0
-68.0	0	0.248943650486	0.789823330591	11	0
-68.0	0	0.310785212541	0.726694852252	11	0
-44.0	0	0.0539685324576	0.726820911522	11	0
-44.0	0	0.225084620718	0.68215998163	11	0
11.5	0	0.197620893619	0.747461574973	11	0
-44.0	0	0.471417148193	0.71907042679	11	0
34.0	0	0.710549423638	0.654576365318	11	0
199.0	0	0.59700338504	0.638721512011	11	0
199.0	0	0.314235105564	0.659157251309	11	0
284.5	0	0.565616040482	0.647632311107	11	0
188.5	0	0.493076230017	0.617810808893	11	0
188.5	0	0.793534052537	0.611828394742	11	0
233.5	0	0.767865148852	0.689671544692	11	0
148.0	0	0.782270841711	0.69738644727	11	0
148.0	0	0.776803760091	0.661897912255	11	0
148.0	0	0.783388561025	0.666297558341	11	0
148.0	0	0.867706722417	0.792598137498	11	0
34.0	0	0.638679796999	0.826832876072	11	0
34.0	0	0.00325967604086	0.851786049683	11	0
119.5	0	0.13971775864	0.900307981038	11	0
119.5	0	0.290143256258	0.905500498692	11	0
119.5	0	0.334812147803	0.936108205259	12	0
119.5	0	0.0384312965836	0.912549674418	12	0
119.5	0	0.0351200263703	0.868647364456	12	0
119.5	0	0.0855630040409	0.855210702672	11	0
164.5	0	0.122371580835	0.875805077129	11	0
164.5	0	0.245917844163	0.905315603517	11	0
164.5	0	0.00191095159182	0.968985085027	11	0
164.5	0	0.127772589266	0.965567731454	11	0
119.5	0	0.451769177043	0.963191403628	11	0
164.5	0	0.350017937772	1.00624019733	11	0
164.5	0	0.223548652861	0.96312816534	12	0
196.0	0	0.0197104536755	0.959674457077	12	0
196.0	0	0.209134741434	0.98282520575	12	0
164.5	0	0.0509049099607	1.01965147925	12	0
164.5	0	0.10785340098	1.05356455642	12	0
119.5	0	0.0454809653155	1.04423492814	12	0
34.0	0	0.0182695557165	1.00034813932	12	0
119.5	0	0.000488568135837	1.01533573847	12	0
154.0	0	0.0119762669135	1.02349499573	12	0
119.5	0	0.0832412589232	1.05623474049	12	0
119.5	0	0.120464429456	1.08001736694	12	0
154.0	0	0.0371183126318	1.07622493593	12	0
182.5	0	0.215401670105	1.1512192204	13	0
154.0	0	0.269398045457	1.10165803466	13	0
182.5	0	0.366069639095	1.06113479221	13	0
154.0	0	0.409213569008	1.1152093463	13	0
101.5	0	0.463699056551	1.18354305844	13	0
11.5	0	0.156550982128	1.15921479737	13	0
11.5	0	0.114519485817	1.22634320021	13	0
101.5	0	0.297154914068	1.3073257509	13	0
11.5	0	0.201138606564	1.34528900003	13	0
-48.5	0	0.712679009126	1.37536658054	13	0
11.5	0	0.699752718284	1.37785339173	13	0
11.5	0	0.580595763618	1.3857189593	13	0
11.5	0	0.599607077151	1.38086339134	13	0
7.0	0	0.73567147774	1.32971374487	13	0
7.0	0	0.621947244672	1.40866418723	13	0
7.0	0	1.10256837338	1.48993244665	13	0
7.0	0	1.34276214236	1.47707396579	13	0
7.0	0	1.09173586845	1.49281378493	13	0
7.0	0	0.66028749789	1.46015509952	13	0
7.0	0	0.922734609809	1.48715217442	13	0
119.5	0	0.836357784138	1.50414829091	14	0
119.5	0	1.06429212005	1.46414794084	14	0
119.5	0	1.14034454042	1.41031112205	14	0
119.5	0	0.957919883066	1.35413829597	14	0
185.5	0	1.01747281926	1.30013554082	14	0
185.5	0	1.10590285329	1.27767340048	14	0
217.0	0	1.35901645082	1.24562983606	14	0
185.5	0	1.08334065155	1.20564251699	14	0
119.5	0	0.974479333483	1.24599532366	15	0
7.0	0	1.02802586565	1.21340069133	15	0
7.0	0	1.22818247947	1.23669133377	15	0
7.0	0	1.21187940476	1.22397847253	15	0
-56.0	0	1.41250409431	1.21610007117	15	0
7.0	0	1.23979488842	1.22539330944	15	0
119.5	0	1.30008597738	1.21375960065	15	0
7.0	0	1.40735488606	1.16795545388	15	0
7.0	0	1.39969767219	1.10904452739	15	0
95.5	0	1.36124843985	1.10814481025	15	0
133.0	0	1.55143035775	1.09029082969	15	0
95.5	0	1.72585648622	1.10074795952	15	0
95.5	0	1.42613045941	1.05116499804	15	0
133.0	0	1.31844106408	1.09339557736	15	0
95.5	0	1.17593086389	1.1082925741	15	0
35.5	0	1.34858741516	1.16746636256	15	0
35.5	0	1.36464576023	1.15366581936	15	0
133.0	0	1.45183693447	1.17578085455	15	0
32.5	0	1.13067114855	1.14235138411	15	0
-75.5	0	1.15639635438	1.14336723735	15	0
32.5	0	1.25823895116	1.12833976552	15	0
32.5	0	1.24404842763	1.13675260229	15	0
32.5	0	1.39484050579	1.06827440203	15	0
32.5	0	1.59816299589	1.04469906933	15	0
32.5	0	1.43506813074	0.95261071146	15	0
133.0	0	1.31250597792	0.915334774291	15	0
173.5	0	1.5267874927	0.817591669145	15	0
176.5	0	1.57975494372	0.743888017609	15	0
145.0	0	1.4716984454	0.726306860589	15	0
176.5	0	1.27152809557	0.712401974977	15	0
224.5	0	1.65913345863	0.701467538894	15	0
176.5	0	1.77417540322	0.718140357319	15	0
176.5	0	1.80111981843	0.732893577687	15	0
145.0	0	1.38337230916	0.777515442785	14	0
133.0	0	1.2610220827	0.81446334571	14	0
133.0	0	1.29909103784	0.861071255695	14	0
70.0	0	1.45466050623	0.910673396319	14	0
70.0	0	1.49541855773	0.959309704533	14	0
10.0	0	1.61164967997	1.01948574824	14	0
10.0	0	1.89387259396	1.02536008813	14	0
10.0	0	2.09588902329	1.03033604207	14	0
10.0	0	2.15466388379	1.10070326763	14	0
70.0	0	2.38229423492	1.03592340777	14	0
70.0	0	2.3652968298	0.974719878328	14	0
70.0	0	2.16289339906	0.997150129562	14	0
50.5	0	2.18609153565	1.02463045689	14	0
10.0	0	2.13660274851	1.04946191237	14	0
50.5	0	2.08298279578	1.036428228	14	0
50.5	0	2.0911093519	1.08317087495	14	0
10.0	0	1.82343901783	1.05692472342	14	0
10.0	0	1.78558851037	1.13902899602	14	0
10.0	0	1.56011598257	1.12301574171	14	0
4.0	0	1.61701167045	1.18509888703	14	0
4.0	0	1.69619774872	1.20110226205	14	0
10.0	0	1.47994226893	1.1918962111	14	0
10.0	0	1.6124300896	1.17684682269	13	0
50.5	0	1.69791393664	1.12177357713	13	0
50.5	0	1.55699477827	1.09822562968	13	0
85.0	0	1.68078648603	1.08423460813	13	0
85.0	0	1.60031457801	1.07639946282	13	0
85.0	0	1.60331034185	1.03520868223	13	0
85.0	0	1.3172808799	0.929375110695	13	0
85.0	0	1.23466077553	0.997456496662	13	0
50.5	0	1.05634829279	1.06042742554	13	0
50.5	0	1.12444649988	1.21738425783	13	0
10.0	0	1.13407855131	1.25740844082	13	0
4.0	0	1.24276453951	1.28523907459	13	0
4.0	0	1.00558548446	1.33108320576	13	0
4.0	0	1.02263568111	1.40731826497	13	0
4.0	0	1.33080049976	1.43532049736	14	0
1.0	0	1.3380177363	1.45647957961	15	0
4.0	0	1.31870367661	1.49413609572	16	0
1.0	0	1.32325922183	1.49709367058	17	0
-11.0	0	1.06661672541	1.50574172491	18	0
-32.0	0	0.958335703496	1.53027165133	19	0
-48.5	0	0.574952655485	1.5554468559	20	0
-32.0	0	0.423565711184	1.55574216606	21	0
-48.5	0	0.387256839465	1.56794873324	22	0
-48.5	0	0.148058412434	1.54392644965	23	0
-32.0	0	0.0786889866261	1.54878731989	24	0
-11.0	0	0.354212381138	1.54522991708	25	0
8.5	0	0.563704985288	1.49719185359	26	0
-11.0	0	0.54324928873	1.53051316617	26	0
8.5	0	0.563636754041	1.55259574389	26	0
8.5	0	0.542849927741	1.48021170808	26	0
8.5	0	0.688555069918	1.47695352319	26	0
8.5	0	0.795823342156	1.44118071785	26	0
8.5	0	0.799954315259	1.4661077754	26	0
-11.0	0	0.751205300896	1.49228734739	25	0
8.5	0	0.590622379951	1.49361815574	24	0
8.5	0	0.850198537286	1.45314784339	24	0
8.5	0	0.41309395977	1.44456833077	24	0
8.5	0	0.135317741884	1.38461697601	24	0
8.5	0	0.140086642532	1.38056071176	24	0
-11.0	0	0.103265728111	1.37810719689	24	0
8.5	0	0.374807132029	1.32795848031	24	0
8.5	0	0.427999326433	1.37011123416	24	0
8.5	0	0.398963352033	1.39748141017	24	0
-11.0	0	0.697430528401	1.41002925353	24	0
-11.0	0	0.902027364605	1.4065694882	24	0
-32.0	0	0.865016144196	1.37159663719	24	0
-11.0	0	0.678177891334	1.40885161286	24	0
-32.0	0	0.460555756176	1.33773518303	23	0
-11.0	0	0.36261674925	1.33812688842	22	0
8.5	0	0.31154751212	1.28588450116	21	0
8.5	0	0.350653449591	1.28771222647	20	0
-0.5	0	0.333056404349	1.2806759223	19	0
-32.0	0	0.387717618625	1.29200767166	18	0
-32.0	0	0.371841511784	1.26773714068	17	0
-32.0	0	0.332433045474	1.23153107008	17	0
23.5	0	0.636584901939	1.20652793136	17	0
-32.0	0	0.655945006522	1.10158412173	16	0
23.5	0	0.617005124445	1.11464273875	15	0
76.0	0	0.111517823963	1.12747758592	14	0
103.0	0	0.0116050610608	1.08101322322	13	0
103.0	0	0.199268213211	1.13183611908	12	0
103.0	0	0.184240061284	1.17329794225	11	0
103.0	0	0.254226310953	1.13369588385	12	0
127.0	0	0.29025513325	1.16248585182	13	0
109.0	0	0.526100470955	1.16459742883	13	0
76.0	0	0.512435150766	1.08823734353	13	0
23.5	0	0.736116257251	1.06019047344	13	0
76.0	0	0.793737530691	1.01890499293	13	0
76.0	0	0.784827230895	1.00386068021	13	0
109.0	0	0.805740584286	1.02610120691	13	0
76.0	0	1.07574439391	0.944825352329	14	0
109.0	0	1.26916738817	0.93871454402	15	0
91.0	0	1.24235707447	0.963028258293	15	0
146.5	0	1.16383177825	0.95326771398	15	0
146.5	0	1.16952161602	0.933469177075	15	0
146.5	0	1.42491403967	0.869733971156	15	0
152.5	0	0.973957976157	0.824980288553	15	0
152.5	0	0.748262347494	0.810711891096	15	0
151.0	0	0.812967690831	0.732159330261	15	0
151.0	0	0.880538467803	0.697885501692	15	0
103.0	0	1.07521752767	0.7373706587	15	0
91.0	0	1.04138103842	0.70811712017	15	0
76.0	0	1.00359704609	0.686842167945	15	0
91.0	0	1.25146906096	0.679530060462	15	0
103.0	0	1.43295025179	0.666390964702	15	0
103.0	0	1.44824688372	0.714603444964	15	0
91.0	0	1.44541088221	0.753473438125	15	0
91.0	0	1.18849175194	0.808178497346	16	0
91.0	0	1.20542570771	0.780130549877	16	0
103.0	0	1.260715139	0.762226572195	16	0
128.5	0	1.47018129293	0.739722932987	16	0
128.5	0	1.42715428137	0.74760654694	16	0
170.5	0	1.55798337876	0.719287321386	16	0
194.5	0	1.49380831371	0.71790350758	16	0
170.5	0	1.54991190092	0.691731530832	16	0
146.5	0	1.94788346625	0.62450244247	16	0
170.5	0	2.00656213418	0.667581412564	16	0
170.5	0	1.72907693413	0.616827423522	16	0
146.5	0	1.16671639167	0.604327679987	16	0
127.0	0	0.914393716418	0.595330295631	16	0
146.5	0	1.0417382812	0.485276898657	16	0
146.5	0	0.967939871648	0.416938527662	16	0
170.5	0	0.775376903036	0.445698578299	16	0
170.5	0	0.870356416011	0.404218469274	16	0
205.0	0	0.910155366739	0.38289242279	15	0
205.0	0	1.0348437185	0.419109799268	15	0
205.0	0	0.859770831232	0.461346717436	15	0
170.5	0	0.616851278413	0.542872907112	15	0
146.5	0	0.708667688112	0.621465027233	15	0
146.5	0	0.763590460537	0.645793445092	15	0
146.5	0	0.644971542211	0.737650847759	15	0
127.0	0	0.566233617998	0.792560903154	15	0
146.5	0	0.350523011369	0.774264660644	15	0
146.5	0	0.0296853162402	0.753916126374	15	0
146.5	0	0.0527164860344	0.729807777262	15	0
127.0	0	0.0677524096089	0.808025083028	15	0
88.0	0	0.0869639083966	0.827299918697	15	0
146.5	0	0.415325249835	0.838719392893	15	0
146.5	0	0.413253653476	0.877529751286	15	0
157.0	0	0.483062529887	0.906991218843	15	0
172.0	0	0.191543498878	0.833589231474	14	0
179.5	0	0.269745096438	0.832019776833	14	0
179.5	0	0.137975213822	0.880174472671	14	0
172.0	0	0.27757194903	0.826926547476	14	0
157.0	0	0.37963257566	0.757991361321	14	0
172.0	0	0.205571504032	0.76249986463	14	0
172.0	0	0.187826310118	0.749374870003	14	0
172.0	0	0.226643231079	0.734385548138	14	0
172.0	0	0.137721704291	0.761124238137	14	0
155.5	0	0.0339693972035	0.791196518236	14	0
137.5	0	0.0886121966684	0.821976082653	14	0
155.5	0	0.0437680592895	0.813852960635	14	0
155.5	0	0.500941218488	0.82491895958	15	0
137.5	0	0.542171855883	0.836668418749	16	0
73.0	0	0.393821306894	0.878192919798	17	0
73.0	0	0.236591211034	0.94532550681	18	0
-24.5	0	0.182548665446	0.965450498571	19	0
-24.5	0	0.226502871776	0.984744240672	20	0
32.5	0	0.0394401657777	0.989355181151	21	0
32.5	0	0.545658803228	0.942385059571	21	0
32.5	0	0.438419852535	1.01353097646	21	0
-104.0	0	0.495024776254	1.04572823118	21	0
-155.0	0	0.579733597288	1.03852672874	21	0
-180.5	0	0.680408363661	1.06860011779	21	0
-180.5	0	0.598237195186	1.1481228337	21	0
-180.5	0	0.655575718314	1.18523667989	21	0
-180.5	0	0.620705452805	1.1627465541	21	0
-155.0	0	0.702432191561	1.13214009046	22	0
-155.0	0	0.422668570725	1.03992992921	22	0
-155.0	0	0.292574571869	1.0127714484	22	0
-137.0	0	0.0564143043204	0.986920214367	22	0
-137.0	0	0.0238610787915	1.01351170885	22	0
-155.0	0	0.229348466887	0.974802356462	22	0
-155.0	0	0.289206157562	0.962052361682	22	0
-180.5	0	0.688457802861	0.89890387703	22	0
-155.0	0	0.88089016341	0.885777043911	22	0
-137.0	0	1.00910606917	0.883503230836	22	0
-147.5	0	0.818710499718	0.899569518096	22	0
-159.5	0	0.691477206237	0.903135811395	22	0
-159.5	0	0.497466928036	0.926059777888	22	0
-159.5	0	0.68021340126	0.984036445759	22	0
-159.5	0	0.760794210283	1.0257075958	22	0
-159.5	0	0.824253067656	1.00458079285	22	0
-147.5	0	0.621929722779	1.10482230193	22	0
-137.0	0	0.581695911141	1.18638602272	22	0
-137.0	0	0.65411254862	1.19806070464	21	0
-123.5	0	0.741373650789	1.17209765858	20	0
-93.5	0	0.831390755271	1.14557697525	19	0
-51.5	0	0.781660616087	1.06612268355	18	0
46.0	0	0.605702931596	1.03977147452	17	0
137.5	0	0.633875403402	0.997211533091	16	0
137.5	0	0.749655979408	0.967594414889	16	0
137.5	0	0.306489197348	0.877590498152	16	0
164.5	0	0.384516767213	0.801728029209	16	0
215.5	0	0.546221388444	0.747077202591	17	0
215.5	0	0.603180113158	0.707029142063	18	0
220.0	0	1.03054101853	0.669827841503	19	0
182.5	0	1.38041457654	0.639148166563	20	0
182.5	0	1.61877746016	0.601311120284	21	0
220.0	0	1.31093333933	0.629775193593	22	0
259.0	0	1.37191713694	0.563138194037	23	0
259.0	0	1.40927082772	0.558274057131	24	0
268.0	0	1.43267830061	0.52337251479	25	0
268.0	0	1.27317912632	0.507804158396	25	0
268.0	0	1.27401381661	0.503558461754	25	0
268.0	0	1.06015161786	0.466444615562	25	0
272.5	0	1.16506970663	0.502356156415	25	0
268.0	0	1.22028472621	0.521993402401	25	0
272.5	0	1.45909557821	0.599689089247	25	0
272.5	0	1.35122121384	0.673450561641	25	0
268.0	0	1.64785496903	0.646599831526	25	0
272.5	0	1.58688970266	0.633218350099	26	0
272.5	0	1.59193158801	0.695978218952	27	0
272.5	0	1.8983409483	0.734815285653	28	0
272.5	0	1.46220020043	0.81453981741	29	0
268.0	0	1.51721290909	0.783471937217	29	0
272.5	0	1.17827461747	0.805181825813	29	0
272.5	0	1.19608274134	0.838311227557	29	0
272.5	0	1.17304584482	0.8414714045	29	0
277.0	0	1.1769908811	0.863652258251	29	0
272.5	0	1.36969347511	0.840190871021	29	0
269.5	0	1.30250693052	0.787690443875	29	0
269.5	0	1.59215599731	0.784397955104	29	0
269.5	0	1.77849848591	0.73388776895	29	0
227.5	0	1.47828928306	0.695596757718	29	0
227.5	0	1.41863530101	0.689714455042	29	0
227.5	0	1.2724023522	0.69494674035	28	0
188.5	0	1.47450656068	0.787891965457	27	0
188.5	0	1.46389236164	0.82847004647	26	0
184.0	0	1.82268072988	0.84588154909	25	0
179.5	0	1.83610049677	0.920432258736	24	0
184.0	0	1.8400441285	0.954620644829	23	0
178.0	0	1.85438576232	0.995227021812	22	0
178.0	0	1.80918691698	1.04734211302	21	0
164.5	0	1.4094594068	1.11427532405	20	0
166.0	0	1.43286066987	1.16456697013	19	0
155.5	0	1.35532569887	1.21050419204	19	0
155.5	0	1.40520570171	1.2243504789	19	0
155.5	0	1.30204551459	1.2792913655	19	0
151.0	0	1.37463286093	1.28687528833	19	0
142.0	0	1.04064620367	1.35939830382	19	0
142.0	0	0.988827708323	1.40023993207	19	0
94.0	0	0.887317337809	1.45568935955	19	0
94.0	0	0.830650922632	1.40863316508	18	0
142.0	0	0.864992599375	1.3677774641	17	0
142.0	0	0.782608039752	1.37539636342	16	0
142.0	0	0.723110650736	1.34983642652	15	0
151.0	0	0.719575158622	1.3009002803	14	0
142.0	0	0.555000258319	1.2399227367	13	0
142.0	0	0.861571514107	1.2313225394	12	0
151.0	0	0.939068416714	1.23303332895	12	0
142.0	0	0.77703454111	1.26309879997	12	0
142.0	0	0.816998478941	1.26087133908	12	0
94.0	0	0.617546754083	1.2523142195	12	0
94.0	0	0.672417120428	1.25881421484	12	0
94.0	0	0.715315466212	1.28021132147	12	0
94.0	0	0.718132542461	1.31743528619	12	0
142.0	0	0.646960828551	1.25122780974	12	0
94.0	0	0.828300078822	1.18801836401	12	0
94.0	0	0.965315936447	1.14194920811	12	0
94.0	0	0.733575659073	1.1346148298	12	0
46.0	0	0.535565223511	1.16713072684	12	0
7.0	0	0.783208166555	1.11829727189	12	0
-32.0	0	0.700114854726	1.13757061904	12	0
-32.0	0	0.425222979677	1.13444240855	12	0
-50.0	0	0.545452331147	1.08396431473	11	0
-50.0	0	0.65373598119	1.12717652868	10	0
-32.0	0	0.412445359845	1.03940177123	9	0
-50.0	0	0.473725841839	1.08511675645	9	0
-32.0	0	0.593672383152	1.1476685114	9	0
7.0	0	0.516037109494	1.10337190288	10	0
-32.0	0	0.537548169573	1.10443883322	11	0
1.0	0	0.538509322572	1.11996257596	12	0
-6.5	0	0.556972412892	1.12731589542	13	0
-6.5	0	0.617624057219	1.11761745614	14	0
-50.0	0	0.332680623455	1.08570080254	15	0
-50.0	0	0.276795146327	1.09651409598	16	0
-50.0	0	0.251889799839	1.11892560677	17	0
-90.5	0	0.2266085002	1.09662470681	17	0
-50.0	0	0.256590710397	1.11686140106	18	0
-50.0	0	0.299535525681	1.1449245339	19	0
-18.5	0	0.307868091235	1.15695724748	20	0
13.0	0	0.321707496788	1.15561276506	21	0
35.5	0	0.450685758723	1.1813050775	21	0
13.0	0	0.321229349786	1.1341566383	21	0
13.0	0	0.634792382829	1.13123510548	21	0
-18.5	0	0.857296317092	1.16788435035	21	0
-18.5	0	0.84875764567	1.19187627601	22	0
13.0	0	0.998833441414	1.25401837728	22	0
35.5	0	0.638157385647	1.19675194969	22	0
13.0	0	0.416368527852	1.17783825408	22	0
13.0	0	0.74221412522	1.16947970487	22	0
35.5	0	0.875563277206	1.16791873643	22	0
35.5	0	1.17122782722	1.15022157104	22	0
13.0	0	0.817584075878	1.11990215472	23	0
13.0	0	0.630365563429	1.04291490287	24	0
-3.5	0	0.953827731857	0.983774750108	25	0
-3.5	0	1.07116838176	1.03791671556	25	0
13.0	0	0.855793918327	1.1146550019	25	0
13.0	0	0.79167216925	1.15195172549	25	0
13.0	0	0.966047447515	1.18014158097	25	0
13.0	0	1.16737482002	1.12376361118	25	0
35.5	0	0.653922713641	1.1969863567	25	0
65.5	0	0.610548486722	1.14362487271	25	0
35.5	0	1.10003916198	1.14980051137	25	0
65.5	0	1.00550976317	1.17541282633	25	0
35.5	0	0.703794443191	1.14764993816	24	0
13.0	0	0.924085455686	1.14774052099	23	0
13.0	0	0.782289837599	1.04820573441	22	0
-3.5	0	0.129429854521	0.913404889321	21	0
-30.5	0	0.270648165578	0.933644654685	20	0
-3.5	0	0.244498671315	0.87256000218	19	0
-3.5	0	0.286304157378	0.848416975457	18	0
-30.5	0	0.211633738584	0.83992402469	17	0
-60.5	0	0.625633090353	0.813263160634	16	0
-60.5	0	1.00526482471	0.801351096545	15	0
-60.5	0	0.742243955755	0.717760047504	14	0
-30.5	0	0.60497121379	0.712470594761	14	0
-30.5	0	0.57713607358	0.712144304572	14	0
-30.5	0	0.598430100828	0.718898605287	14	0
-30.5	0	0.884132413622	0.659117969383	14	0
-60.5	0	1.27168584128	0.652083253764	14	0
-60.5	0	1.28697546176	0.643531470325	14	0
-60.5	0	1.39707562924	0.626427186283	14	0
-30.5	0	1.42877767406	0.707028062526	14	0
22.0	0	1.35642469502	0.758558173009	14	0
22.0	0	1.24219214559	0.764346526481	14	0
-30.5	0	1.20839192505	0.743190979587	14	0
-60.5	0	1.14618890256	0.688797255114	14	0
-60.5	0	1.4665018445	0.673228125027	13	0
-48.5	0	1.70280928383	0.739206208753	12	0
-48.5	0	1.46478181927	0.705240851037	12	0
-60.5	0	1.17816087802	0.675051662697	12	0
-48.5	0	0.67686767414	0.67793587715	12	0
-26.0	0	1.10812923268	0.732774311364	12	0
-26.0	0	1.5041241772	0.775247416505	12	0
-56.0	0	1.46195618202	0.774839771628	13	0
-75.5	0	1.51788979376	0.761239887729	14	0
-75.5	0	1.62577789569	0.713651197534	14	0
-95.0	0	1.49322361817	0.711732227967	14	0
-111.5	0	1.51639239317	0.66828310456	14	0
-123.5	0	1.62716783249	0.7459994232	14	0
-156.5	0	1.77230915022	0.708575115606	14	0
-156.5	0	1.86031509325	0.766960162619	14	0
-156.5	0	1.8024659362	0.766409236919	14	0
-156.5	0	1.77884103184	0.783748118587	14	0
-123.5	0	2.12699464778	0.803688638458	14	0
-123.5	0	1.89489370785	0.771364387641	14	0
-123.5	0	2.08614808454	0.775543674095	14	0
-123.5	0	2.58422672233	0.833818650238	14	0
-111.5	0	2.37874662143	0.794715855407	14	0
-111.5	0	2.32208948713	0.846710246513	14	0
-111.5	0	1.9528031418	0.886154737351	14	0
-111.5	0	1.84191164366	0.916676213784	14	0
-104.0	0	1.47834526257	0.933415070043	14	0
-104.0	0	1.47730248373	0.927963063571	14	0
-111.5	0	1.8524280951	1.02928749125	14	0
-111.5	0	1.7395157396	0.965434167067	14	0
-104.0	0	1.83899140206	0.970078853926	14	0
-104.0	0	1.68918707614	0.966268369193	14	0
-72.5	0	1.72368125994	0.92730115701	14	0
-72.5	0	1.45944547668	0.871289110975	14	0
-108.5	0	1.50066341189	0.886387321236	14	0
-116.0	0	1.35725223807	0.909820172468	14	0
-123.5	0	1.46844879885	0.872076525055	14	0
-156.5	0	1.6944106737	0.827418487782	14	0
-156.5	0	1.73674204115	0.826009915074	14	0
-123.5	0	1.71134033234	0.814120746736	14	0
-116.0	0	1.82666833047	0.877272947613	14	0
-116.0	0	1.39252482287	0.860528906849	14	0
-116.0	0	1.26804436453	0.820452565688	13	0
-116.0	0	1.22775413648	0.783498460913	12	0
-149.0	0	1.42153424415	0.7835148199	11	0
-149.0	0	2.09873320914	0.74692801254	11	0
-201.5	0	1.58316230714	0.67438438646	12	0
-149.0	0	1.26316584444	0.717843781379	12	0
-149.0	0	1.28564395519	0.76672655221	12	0
-108.5	0	0.922338035497	0.733107422327	12	0
-108.5	0	1.05991370206	0.753578866987	11	0
-93.5	0	1.23712675407	0.684461091007	11	0
-84.5	0	1.31060818616	0.687700432411	11	0
-84.5	0	1.48874773445	0.625932612931	11	0
-84.5	0	1.42555588899	0.656658010188	12	0
-81.5	0	1.43808283794	0.604034226023	13	0
-81.5	0	1.51221251678	0.587873738812	14	0
-81.5	0	1.63276765086	0.570288057397	15	0
-84.5	0	1.73839002428	0.617980070559	16	0
-84.5	0	1.65448728317	0.631442027996	17	0
-84.5	0	1.73266469217	0.707611572285	18	0
-84.5	0	1.62503504979	0.761604816656	19	0
-86.0	0	1.95479589502	0.781554411363	20	0
-96.5	0	2.02523094525	0.785245982597	21	0
-111.5	0	2.31675046226	0.73073422529	22	0
-96.5	0	2.64181808067	0.684049705645	23	0
-96.5	0	2.90461545467	0.64002435866	24	0
-86.0	0	2.72696856276	0.658138428915	25	0
-84.5	0	2.75782376428	0.593546929465	26	0
-86.0	0	2.42911425459	0.618436599508	27	0
-96.5	0	2.45447381349	0.56376243398	28	0
-96.5	0	2.62481893167	0.560160743915	29	0
-150.5	0	2.70486562667	0.561730332294	30	0
-96.5	0	2.63260384562	0.505258433659	31	0
-96.5	0	2.85048004931	0.431055395085	32	0
-96.5	0	2.74256556861	0.494772508175	32	0
-86.0	0	2.73386977766	0.514342092362	32	0
-86.0	0	2.43712697596	0.466449993106	32	0
-86.0	0	2.43911933106	0.391485505662	32	0
-86.0	0	2.38540048872	0.385503723904	32	0
-86.0	0	2.20893434289	0.374333067955	32	0
-96.5	0	2.61467964592	0.467142998807	31	0
-96.5	0	2.76017367307	0.499150144586	30	0
-96.5	0	2.90796939862	0.537676003318	31	0
-96.5	0	2.79225074804	0.515738600673	32	0
-150.5	0	2.60135514265	0.531256552438	33	0
-96.5	0	3.04066469752	0.549485711642	34	0
-96.5	0	3.05612854325	0.518558690684	34	0
-84.5	0	2.85816580405	0.491585053431	34	0
-84.5	0	3.19405910622	0.549140378334	33	0
-96.5	0	3.00463681147	0.540010512272	32	0
-96.5	0	3.03066328383	0.562901324997	31	0
-96.5	0	2.93242699544	0.581690275548	30	0
-96.5	0	2.60690030785	0.620297078441	29	0
-96.5	0	2.34751800963	0.649836583172	28	0
-96.5	0	2.22614497482	0.698290916681	27	0
-150.5	0	2.40274075232	0.68241295547	26	0
-150.5	0	2.39986949111	0.672180271205	25	0
-96.5	0	2.44262595264	0.613971373275	24	0
-84.5	0	2.48410374128	0.655920723272	23	0
-62.0	0	2.39165624663	0.614848733045	22	0
-62.0	0	2.46125836047	0.602261465413	21	0
-35.0	0	2.24370838115	0.608027614738	20	0
-35.0	0	2.22766060881	0.593137457299	19	0
-20.0	0	2.20152741417	0.601662307611	18	0
-20.0	0	1.98409668589	0.597375277363	17	0
-20.0	0	2.01074443763	0.602796206478	16	0
-3.5	0	1.87099259659	0.578968796878	15	0
-3.5	0	1.8008934309	0.584686387534	16	0
17.5	0	2.44644779215	0.5952651762	17	0
31.0	0	2.12582190817	0.618867993048	18	0
17.5	0	1.76857171805	0.576317585507	19	0
17.5	0	1.50760202488	0.590493379196	20	0
17.5	0	1.50003209134	0.660678009333	21	0
17.5	0	1.32222783851	0.712580295777	21	0
17.5	0	1.38022031691	0.627432628842	21	0
17.5	0	1.0499010908	0.585189268343	21	0
17.5	0	1.15224349409	0.618536929109	21	0
17.5	0	1.13719627333	0.633822288337	21	0
-3.5	0	1.25382757687	0.647541671678	20	0
-3.5	0	1.41034411433	0.6120183412	19	0
-3.5	0	1.34272177397	0.536714608856	20	0
-23.0	0	0.896729800815	0.502730333459	21	0
-23.0	0	0.981673699716	0.452037014712	22	0
-3.5	0	1.24645146397	0.448716393995	23	0
-3.5	0	1.15441604291	0.494958273666	23	0
-3.5	0	1.11525824837	0.513182031638	23	0
-23.0	0	0.9962661353	0.518924961777	23	0
-38.0	0	1.20486939588	0.513978660648	23	0
-38.0	0	1.17866695529	0.462085550344	23	0
-23.0	0	1.29041950946	0.480570384201	23	0
-15.5	0	1.23007880348	0.53248407848	23	0
-15.5	0	0.912214540011	0.574203433104	23	0
17.5	0	0.571349736116	0.590203527844	23	0
61.0	0	0.961331084144	0.549773095915	23	0
23.5	0	0.956801407887	0.570521293925	23	0
23.5	0	0.871185016845	0.645161724906	23	0
10.0	0	0.683390624515	0.674348765655	23	0
10.0	0	0.165288898631	0.674336967283	23	0
10.0	0	0.130348002939	0.667901227297	23	0
17.5	0	0.256337197866	0.618652335478	23	0
22.0	0	0.220769301554	0.645854624489	22	0
22.0	0	0.405655628977	0.616802853857	21	0
22.0	0	0.324265089722	0.657345872264	20	0
22.0	0	0.327396631465	0.709781558682	19	0
17.5	0	0.531401420353	0.714956157628	18	0
17.5	0	0.486773552714	0.781538165332	17	0
-9.5	0	0.930836620123	0.817239615873	17	0
-41.0	0	0.895210251924	0.839236560207	17	0
-41.0	0	0.520239075296	0.871162511602	17	0
-47.0	0	0.463981011688	0.928991222703	17	0
-41.0	0	0.697144110215	0.94467038698	17	0
-41.0	0	0.800533022149	0.952493829723	17	0
-47.0	0	0.698618346414	0.895062451139	17	0
-50.0	0	0.688315526124	0.943809252663	17	0
-50.0	0	0.735729140893	1.01769956016	16	0
-54.5	0	1.04937828614	1.03406273299	15	0
-50.0	0	0.901540296413	1.09136379649	14	0
-50.0	0	0.84640127432	1.14328477272	13	0
-15.5	0	0.726409210042	1.14582454032	12	0
-15.5	0	0.63597667955	1.12705734884	12	0
-15.5	0	0.636510282989	1.16572942533	12	0
-15.5	0	0.850054922624	1.14940896834	12	0
17.5	0	0.692040808538	1.16169343365	12	0
-15.5	0	0.492405356526	1.21265172979	12	0
17.5	0	0.511849633063	1.24558752591	12	0
22.0	0	0.226455962459	1.24803976024	12	0
22.0	0	0.253689259957	1.24261325863	12	0
22.0	0	0.184395134994	1.27043684966	12	0
17.5	0	0.299749680494	1.30409957185	12	0
-14.0	0	0.125436773264	1.29857925043	12	0
-50.0	0	0.399008885118	1.21702785435	11	0
-63.5	0	0.427542784902	1.11667377745	10	0
-63.5	0	0.66594856676	1.06162854283	10	0
-81.5	0	0.680550364377	1.07738614052	10	0
-90.5	0	0.764626188684	1.02339220402	10	0
-90.5	0	0.351120413497	1.01731868752	10	0
-80.0	0	0.412761791158	1.01827602501	10	0
-90.5	0	0.874817804674	1.06291663132	10	0
-90.5	0	0.859490989685	1.06696000625	10	0
-90.5	0	0.801957623134	1.1127863513	10	0
-90.5	0	0.695277438017	1.03333118733	10	0
-96.5	0	0.526368986936	1.0560979135	10	0
-90.5	0	0.704288473767	1.01445676507	10	0
-90.5	0	0.724376898235	1.02666855888	10	0
-80.0	0	0.30541300095	1.07232832279	10	0
-80.0	0	0.256969431539	1.04850662356	10	0
-57.5	0	0.255760697055	1.05889300908	10	0
-57.5	0	0.147673911896	1.06534737729	10	0
-72.5	0	0.113417074373	1.06419143229	11	0
-72.5	0	0.0962444338398	1.04767265	12	0
-72.5	0	0.104336892383	1.09235729079	13	0
-57.5	0	0.0214156392968	1.12552352639	14	0
-57.5	0	0.137508920713	1.22772847592	15	0
-44.0	0	0.0872369776852	1.20688945143	16	0
-44.0	0	0.238810766518	1.21731356433	17	0
-35.0	0	0.585816654407	1.19650829349	17	0
-35.0	0	0.615034593641	1.09126650072	17	0
-44.0	0	0.645099620774	1.02863708647	17	0
-44.0	0	0.821044325249	1.06220257625	17	0
-44.0	0	0.839516323384	1.1087071428	17	0
-44.0	0	0.758369124798	1.15028091112	17	0
-44.0	0	0.666850559198	1.19527063287	17	0
-57.5	0	0.477770592747	1.21361334144	17	0
-44.0	0	0.462026457366	1.14974039305	17	0
-57.5	0	0.513120745844	1.1280087534	17	0
-72.5	0	0.123342806808	1.06679111102	17	0
-72.5	0	0.324093148308	1.0981338222	17	0
-81.5	0	0.321880574486	1.08078998201	17	0
-96.5	0	0.0818667735074	1.08801252241	17	0
-96.5	0	0.0544211925978	1.1068326234	17	0
-96.5	0	0.572800851173	1.12868246682	17	0
-96.5	0	0.23102354706	1.17320958675	18	0
-117.5	0	0.120335511316	1.21393361672	19	0
-96.5	0	0.224224613982	1.19264573765	20	0
-89.0	0	0.194570578929	1.21495154166	21	0
-59.0	0	0.20215177334	1.19048683213	21	0
-59.0	0	0.0564111665386	1.21806383697	21	0
-35.0	0	0.186146351499	1.16278017334	21	0
-35.0	0	0.344297894231	1.17074695329	21	0
-59.0	0	0.440333451373	1.19724461138	21	0
-74.0	0	0.385288646654	1.25597039624	21	0
-74.0	0	0.508152912733	1.27377361529	21	0
-74.0	0	0.757309859667	1.30167525411	21	0
-74.0	0	0.789153199021	1.29876351332	20	0
-84.5	0	0.512670388238	1.23465875695	19	0
-84.5	0	0.445836557426	1.24221947204	18	0
-99.5	0	0.201665901146	1.22950614312	18	0
-99.5	0	0.288931759235	1.24900565577	18	0
-84.5	0	0.110640565275	1.24491382288	18	0
-17.0	0	0.139720517681	1.20789815112	18	0
-23.0	0	0.111476084722	1.2000305487	18	0
-84.5	0	0.0344404891312	1.20751597825	18	0
-23.0	0	0.106277789432	1.20592580167	18	0
-84.5	0	0.238956061344	1.13764957962	18	0
-23.0	0	0.182723689911	1.1071127895	18	0
-23.0	0	0.21645304046	1.15134290413	18	0
-23.0	0	0.332022513945	1.25148676389	18	0
34.0	0	0.43959230676	1.22588461091	18	0
34.0	0	0.513347406163	1.22631372389	18	0
34.0	0	0.412740188278	1.24006250012	18	0
44.5	0	0.215984600092	1.21922347563	18	0
52.0	0	0.37102781711	1.18857443753	18	0
52.0	0	0.140554189694	1.22497422965	18	0
52.0	0	0.290596043983	1.23158960659	18	0
52.0	0	0.125871428851	1.18726121626	18	0
59.5	0	0.0522778623592	1.2325438293	18	0
59.5	0	0.23771718395	1.20113128767	17	0
59.5	0	0.268497476922	1.18638858126	16	0
68.5	0	0.166556288411	1.18266052869	15	0
68.5	0	0.077302600967	1.17720636426	15	0
68.5	0	0.23326726346	1.19976677169	15	0
68.5	0	0.166768061363	1.22451633711	15	0
68.5	0	0.147272478552	1.2436959461	15	0
68.5	0	0.0539571035806	1.24080404785	16	0
59.5	0	0.197640174064	1.29808261608	17	0
52.0	0	0.387108909236	1.30194138824	17	0
38.5	0	0.0909773657484	1.29407423772	17	0
-23.0	0	0.0258565386604	1.32225996133	17	0
-84.5	0	0.307786022415	1.31944426181	18	0
-84.5	0	0.404033991978	1.35586095026	19	0
-110.0	0	0.544560732763	1.32668817106	20	0
-110.0	0	0.643645975782	1.31804742469	21	0
-149.0	0	0.937064343351	1.33430852675	22	0
-174.5	0	0.950731349858	1.30535286648	23	0
-194.0	0	1.0576616677	1.34164785162	24	0
-224.0	0	1.29035088191	1.33881926026	25	0
-224.0	0	1.44562051471	1.34832632159	26	0
-224.0	0	1.53824978641	1.31365431514	26	0
-276.5	0	1.64432240487	1.31375983769	26	0
-320.0	0	1.76863634385	1.32245676409	26	0
-320.0	0	1.84523788032	1.29947075796	27	0
-339.5	0	2.09910455327	1.29769304621	28	0
-339.5	0	2.18312659283	1.26544702703	29	0
-339.5	0	2.27425761159	1.32816700135	30	0
-389.0	0	2.16954600092	1.29726187694	31	0
-389.0	0	2.1669000343	1.2646034201	31	0
-389.0	0	2.23701346595	1.20987088535	31	0
-389.0	0	1.80285466025	1.28073717996	31	0
-389.0	0	1.99222722366	1.27752948518	31	0
-434.0	0	2.00597795536	1.19646649527	31	0
-434.0	0	2.23994225589	1.15933441401	31	0
-434.0	0	1.93064716224	1.17172720285	31	0
-434.0	0	2.00018678895	1.16265522522	31	0
-434.0	0	2.4584353885	1.24019256168	31	0
-389.0	0	2.10407884661	1.21865871037	31	0
-389.0	0	2.02111664213	1.20238233545	31	0
-389.0	0	2.00014475657	1.22090867486	31	0
-339.5	0	2.06732452865	1.22893779089	30	0
-339.5	0	2.0097640169	1.22964972673	29	0
-339.5	0	1.90360603642	1.2310380595	29	0
-333.5	0	2.02842681191	1.22489735688	29	0
-333.5	0	1.97807352231	1.24257778701	29	0
-320.0	0	1.75155341726	1.19387496898	28	0
-320.0	0	1.88599018587	1.22294882072	27	0
-320.0	0	1.90537702838	1.13936324799	26	0
-320.0	0	1.71063583053	1.16556843928	25	0
-285.5	0	1.3998657031	1.10142160583	24	0
-240.5	0	1.36316844853	1.05443188148	23	0
-188.0	0	1.3073156426	1.02814935245	22	0
-123.5	0	1.18961232867	1.00989072706	21	0
-80.0	0	0.991891059264	1.03517854099	20	0
-53.0	0	0.763617914502	1.02955016492	19	0
-39.5	0	0.73030475532	0.961602594282	18	0
-39.5	0	0.471631656551	0.920565170937	17	0
-8.0	0	0.454342215952	0.898380912778	16	0
-8.0	0	0.124209832982	0.860849305009	15	0
41.5	0	0.100941091347	0.838515256181	14	0
41.5	0	0.225998122553	0.804000621874	13	0
41.5	0	0.2322957266	0.793842615469	12	0
41.5	0	0.250719987964	0.822906017636	11	0
41.5	0	0.0508462728384	0.840735947296	10	0
95.5	0	0.153748414683	0.792077068911	10	0
142.0	0	0.268061229515	0.803027758341	10	0
179.5	0	0.468849420381	0.807148053684	10	0
211.0	0	0.521681091818	0.849307031716	10	0
179.5	0	0.179373131458	0.871896006099	10	0
211.0	0	0.195637075137	0.822780834243	10	0
211.0	0	0.266584936739	0.75189864755	10	0
211.0	0	0.336320970121	0.690919289483	10	0
211.0	0	0.166383315139	0.724279712719	10	0
179.5	0	0.146838836653	0.759792358035	11	0
155.5	0	0.174983210434	0.722089057851	11	0
143.5	0	0.26058615842	0.706067783048	11	0
143.5	0	0.176610962431	0.635011032657	11	0
143.5	0	0.274845136337	0.678022438302	11	0
125.5	0	0.364012831362	0.668559987797	11	0
125.5	0	0.169973114768	0.672207783999	10	0
143.5	0	0.0442183678346	0.631365217745	9	0
143.5	0	0.0285612777235	0.657241818669	9	0
125.5	0	0.163483675766	0.668474692858	9	0
125.5	0	0.176669486493	0.610266786123	9	0
143.5	0	0.121903273535	0.583727154102	9	0
143.5	0	0.216073084004	0.586468351429	9	0
125.5	0	0.0950011715607	0.56385088003	9	0
143.5	0	0.00377644801819	0.610130942935	9	0
178.0	0	0.297440709868	0.560366862445	9	0
178.0	0	0.256603832319	0.608696969749	9	0
178.0	0	0.254718105657	0.624413208634	9	0
143.5	0	0.11430961752	0.654262375165	9	0
125.5	0	0.222898633816	0.589438717492	10	0
125.5	0	0.305013362102	0.610312252071	10	0
97.0	0	0.843289505644	0.598971494309	10	0
40.0	0	0.688244545557	0.619530926452	10	0
97.0	0	0.945398059483	0.64868471593	10	0
40.0	0	0.852717270825	0.675715125952	10	0
40.0	0	0.702024252801	0.702974947386	10	0
-21.5	0	0.326964814283	0.704728429521	11	0
-21.5	0	0.0786590826036	0.723576846838	12	0
-21.5	0	0.0152495643993	0.778392109551	13	0
-29.0	0	0.053440958383	0.748497646867	14	0
40.0	0	0.287214803793	0.757607690984	15	0
8.5	0	0.292749663433	0.799975065781	16	0
8.5	0	0.343418876186	0.796544275993	17	0
-29.0	0	0.626882389044	0.804673975635	18	0
-143.0	0	0.75217285802	0.797348359565	18	0
-236.0	0	0.743568266226	0.794319440299	18	0
-236.0	0	0.38744715197	0.882027197333	18	0
-257.0	0	0.383397716344	0.934811678647	18	0
-270.5	0	0.373758636366	0.919778357454	18	0
-294.5	0	0.728568053632	0.928407497568	18	0
-270.5	0	0.668862769917	0.885947234577	18	0
-261.5	0	0.764266286382	0.927889406456	18	0
-261.5	0	0.670596531518	0.912780376868	18	0
-240.5	0	0.609553242457	0.967567133198	18	0
-228.5	0	0.489265596333	0.969263904642	18	0
-198.5	0	0.420506175416	0.987745629624	18	0
-198.5	0	0.965507438131	0.980435923292	18	0
-198.5	0	1.24225214444	1.00899937525	18	0
-171.5	0	1.36798111121	0.971732641132	18	0
-143.0	0	1.31466359097	0.893348303206	18	0
-143.0	0	1.30456570105	0.927376248867	18	0
-143.0	0	1.33801620307	0.938696018022	18	0
-171.5	0	1.44615537675	0.927862207429	18	0
-171.5	0	1.94529216246	0.898160497626	18	0
-171.5	0	1.95285718803	0.830650215378	18	0
-198.5	0	2.04483888224	0.815974085023	17	0
-171.5	0	2.49060740818	0.773940571314	18	0
-171.5	0	2.73085943328	0.774444457802	19	0
-143.0	0	3.00582246176	0.777746702294	19	0
-143.0	0	2.84260952278	0.849651084622	19	0
-143.0	0	2.67843625786	0.84250473905	19	0
-143.0	0	2.28972048163	0.842339701474	18	0
-89.0	0	2.2827310986	0.831166435155	17	0
-89.0	0	2.26436094421	0.801033613949	16	0
-38.0	0	2.35139324666	0.781792306689	15	0
-38.0	0	2.27043803769	0.798200028013	14	0
-0.5	0	2.20461300959	0.811413931054	13	0
-0.5	0	2.30396683504	0.830040705085	12	0
-0.5	0	2.22435113731	0.782482864617	12	0
13.0	0	2.11607749484	0.794446326512	13	0
1.0	0	2.10749896077	0.791906780891	14	0
-12.5	0	1.92422352296	0.79436893683	15	0
-12.5	0	1.53719784502	0.786797668574	16	0
-12.5	0	1.43421975468	0.778180430723	17	0
-12.5	0	1.35120573175	0.754682392197	18	0
1.0	0	1.35680690332	0.737969657269	19	0
1.0	0	1.82846616016	0.716007155501	20	0
13.0	0	1.88538626017	0.725040784734	21	0
46.0	0	1.90991060182	0.808316001066	22	0
76.0	0	1.75509604758	0.874153935729	23	0
109.0	0	1.75288207863	0.928401970516	24	0
109.0	0	1.99578485864	0.920885328496	24	0
109.0	0	2.12785378924	0.891369376354	24	0
109.0	0	2.25961703859	0.838988092467	24	0
76.0	0	2.23369169566	0.828431111584	24	0
76.0	0	2.39161766077	0.888888317285	24	0
43.0	0	2.0627537883	0.915440447401	24	0
43.0	0	1.9531757297	0.910284199512	24	0
76.0	0	1.86024244003	0.93413217362	24	0
43.0	0	1.86295539724	0.982421461171	24	0
43.0	0	1.65903583313	1.02625504752	25	0
41.5	0	1.81868294658	1.06357971147	26	0
41.5	0	1.90433469209	1.07900563108	27	0
41.5	0	1.71469326632	1.12835447651	28	0
-0.5	0	1.64599298703	1.1879569631	29	0
-0.5	0	1.41684950264	1.2009527318	30	0
-20.0	0	1.20678528553	1.24192644951	31	0
-36.5	0	1.19273471708	1.24370550556	31	0
-48.5	0	1.1180725628	1.27183869698	31	0
-36.5	0	1.21847362297	1.276502158	31	0
-36.5	0	1.42285660695	1.24820941394	31	0
-36.5	0	1.35877037098	1.30030148079	31	0
-36.5	0	1.24837565398	1.3615030113	31	0
-47.0	0	1.1959890862	1.4530604005	30	0
-51.5	0	1.18743414846	1.49810162769	29	0
-51.5	0	1.65352133707	1.50262252498	28	0
-54.5	0	2.08123195659	1.54746332694	27	0
-54.5	0	2.41376785389	1.49379256338	26	0
-54.5	0	2.28509076303	1.48602301302	25	0
-54.5	0	2.48178774247	1.50211360774	24	0
-54.5	0	2.58896865348	1.47433301835	23	0
-54.5	0	2.6750900569	1.4205828304	22	0
-77.0	0	3.18297514126	1.41183365481	22	0
-77.0	0	3.25949311241	1.41319369866	22	0
-74.0	0	3.08371714686	1.40705016062	22	0
-74.0	0	3.08989370561	1.39895643017	22	0
-74.0	0	2.95825521873	1.40398807076	22	0
-74.0	0	2.91251105453	1.40494097731	22	0
-120.5	0	2.61067749984	1.38428468696	22	0
-120.5	0	2.41675257747	1.35165353255	22	0
-144.5	0	2.1210251036	1.32474396972	22	0
-144.5	0	2.0266455598	1.34064336911	22	0
-156.5	0	2.03438479595	1.33284085881	22	0
-120.5	0	2.0790664173	1.371571172	22	0
-74.0	0	1.84502082921	1.3484681979	21	0
-47.0	0	1.56347573726	1.27139994451	20	0
-47.0	0	1.27029126966	1.20814929242	19	0
-74.0	0	1.36511795878	1.14843056687	18	0
-74.0	0	1.39533996699	1.11452883344	17	0
-74.0	0	1.40782895549	1.06844045389	17	0
-47.0	0	1.64210274556	1.0371413179	18	0
-47.0	0	1.46437090585	1.00301613928	18	0
-47.0	0	1.60578305428	0.998179198382	18	0
-47.0	0	1.68934463107	0.973854155186	18	0
-74.0	0	1.61751001228	0.978023594961	18	0
-30.5	0	1.49554257301	1.02587657078	18	0
-30.5	0	1.62323293996	0.955321954855	18	0
-30.5	0	1.41902602994	0.978105048404	18	0
-3.5	0	1.24770313313	0.917527833163	17	0
-3.5	0	1.33125393125	0.857045563089	17	0
-30.5	0	1.34292066974	0.838959379615	17	0
-3.5	0	1.60204945794	0.771459756525	17	0
-20.0	0	1.89310002992	0.700216728292	17	0
-20.0	0	1.95812216658	0.626528296921	17	0
-20.0	0	2.0768126141	0.523604385868	17	0
-3.5	0	1.94210369313	0.515474115053	17	0
-3.5	0	1.95718748484	0.481685499295	17	0
-3.5	0	1.74926294842	0.519724414699	17	0
-3.5	0	1.76655446414	0.55123047819	17	0
-3.5	0	1.65466585555	0.51872925845	17	0
-20.0	0	1.76556485142	0.573424672384	17	0
-20.0	0	1.67723788712	0.62785820706	17	0
-20.0	0	1.13161657135	0.668545690403	17	0
-20.0	0	1.19276477707	0.612345599059	18	0
-66.5	0	1.46574007031	0.65623341563	18	0
-66.5	0	1.24407059967	0.634007880964	18	0
-110.0	0	1.21437915682	0.590617878834	18	0
-123.5	0	0.781541284144	0.590982947001	18	0
-123.5	0	0.815601377374	0.600693577252	18	0
-135.5	0	0.954919198454	0.579537526462	18	0
-123.5	0	1.22527460967	0.559256743926	18	0
-123.5	0	1.15861465825	0.562680359348	18	0
-123.5	0	1.08938677621	0.644781065036	17	0
-123.5	0	0.948772730246	0.62997218221	17	0
-123.5	0	1.22824020214	0.655362604071	17	0
-135.5	0	1.40410840621	0.672723404178	17	0
-140.0	0	1.65362276831	0.664440972117	17	0
-135.5	0	1.50941557006	0.734928353625	17	0
-135.5	0	1.43712730388	0.767712831644	17	0
-135.5	0	0.962597566672	0.854682990771	17	0
-135.5	0	0.776522764042	0.864927867744	17	0
-123.5	0	0.929026897541	0.87694824528	16	0
-123.5	0	0.854776565491	0.943321191578	15	0
-135.5	0	0.82271439184	0.993496356082	14	0
-140.0	0	0.959639889848	1.06789482769	14	0
-152.0	0	1.33407886131	1.11387558489	14	0
-152.0	0	1.30557654726	1.25868986034	14	0
-140.0	0	1.29412270845	1.26202846089	14	0
-140.0	0	1.46274212949	1.2894660299	14	0
-140.0	0	1.48992550733	1.36880926372	14	0
-140.0	0	1.40164838713	1.38143169555	14	0
-140.0	0	0.906056406995	1.39688600663	14	0
-152.0	0	0.383389480061	1.4305233008	15	0
-140.0	0	0.472574454124	1.43957925529	16	0
-152.0	0	0.147819584292	1.55792159183	17	0
-152.0	0	0.151218565106	1.56932526115	17	0
-140.0	0	0.0266933431462	1.57403284122	17	0
-152.0	0	0.126728587757	1.64776571765	17	0
-128.0	0	0.132703518579	1.66766102201	17	0
-128.0	0	0.241984752005	1.71197284597	18	0
-77.0	0	0.225122114873	1.64516040778	18	0
-89.0	0	0.297636879223	1.6076115101	18	0
-17.0	0	0.16774966597	1.57381731662	18	0
-89.0	0	0.564711611584	1.60711426948	18	0
-89.0	0	0.532847158497	1.49552515746	18	0
-152.0	0	0.710511252293	1.59178320652	18	0
-152.0	0	0.555893303243	1.68013271048	18	0
-89.0	0	0.266462773991	1.70713590022	18	0
-101.0	0	0.116003747387	1.67007447471	18	0
-101.0	0	0.358693967733	1.64939460513	18	0
-101.0	0	0.0326044561547	1.63949190188	18	0
-101.0	0	0.0579173283841	1.62208373289	18	0
-17.0	0	0.0263899826036	1.58956270367	18	0
-101.0	0	0.209067467124	1.59048825884	18	0
-101.0	0	0.236086113209	1.5951576687	18	0
-104.0	0	0.126132815678	1.57351839666	19	0
-104.0	0	0.0566035588242	1.60864304568	20	0
-173.0	0	0.284906770058	1.58628400985	21	0
-176.0	0	0.404873372155	1.60422782157	22	0
-173.0	0	0.789781782557	1.53212463172	23	0
-176.0	0	0.949547416894	1.56815521978	24	0
-176.0	0	0.940769312911	1.52330146892	25	0
-173.0	0	0.935691902317	1.44058148174	26	0
-147.5	0	1.04327518227	1.37404767026	27	0
-60.5	0	1.02295289465	1.22549444871	28	0
-35.0	0	0.874255402815	1.14574866231	29	0
-35.0	0	0.699627640193	1.04432597044	30	0
-35.0	0	0.600524593195	1.02067924417	30	0
-35.0	0	0.531981499234	0.984393245297	30	0
-35.0	0	0.618268354922	0.917894544477	30	0
-35.0	0	0.264361617688	0.887439023349	30	0
-35.0	0	0.329197322669	0.875023277903	30	0
41.5	0	0.683248730741	0.851191232723	30	0
41.5	0	0.506697561532	0.821055024334	30	0
83.5	0	0.318940170605	0.745728243961	30	0
41.5	0	0.333394129262	0.663546243174	30	0
14.5	0	0.326496846606	0.63273177238	30	0
14.5	0	0.402652005634	0.527504310077	31	0
14.5	0	0.427590980523	0.451318764344	32	0
-62.0	0	0.802441182051	0.446797549089	33	0
-99.5	0	0.954808187353	0.448898361237	33	0
-96.5	0	0.724058330189	0.419077279696	34	0
-96.5	0	1.08926837185	0.404006108568	35	0
-62.0	0	1.45828664876	0.425600132498	35	0
-51.5	0	1.05513063606	0.56331016242	35	0
14.5	0	1.49176553424	0.453383834052	35	0
14.5	0	0.959346525849	0.46618778251	35	0
-51.5	0	0.991142485162	0.466479026046	35	0
-0.5	0	0.671943307689	0.45465943629	35	0
-0.5	0	0.413229417794	0.509784413723	35	0
-51.5	0	0.791918397849	0.537887153366	34	0
-51.5	0	0.926128138735	0.527272767681	34	0
-63.5	0	0.930013263253	0.508983782117	34	0
-51.5	0	1.06938947488	0.543692101241	34	0
-51.5	0	1.19101056738	0.537387437155	33	0
-51.5	0	0.976016206537	0.550001431991	32	0
-51.5	0	0.569226119125	0.556044100736	31	0
-41.0	0	0.443621070607	0.624867746649	30	0
-0.5	0	0.103172715531	0.60004203791	29	0
-0.5	0	0.270838725747	0.611475499413	28	0
-0.5	0	0.277731561565	0.537696123974	27	0
-41.0	0	0.216152084825	0.552546458178	26	0
-41.0	0	0.0931104159744	0.587256337753	25	0
-41.0	0	0.0295048451717	0.605757319608	24	0
-41.0	0	0.057887652666	0.632978339354	23	0
-11.0	0	0.159147103151	0.634157112456	23	0
17.5	0	0.281316356761	0.67232522161	22	0
17.5	0	0.529208117992	0.647979759832	21	0
-11.0	0	0.561254605242	0.660140807045	20	0
-11.0	0	0.39434589959	0.672583939655	19	0
-11.0	0	0.846838214993	0.668122302802	18	0
-41.0	0	1.03418640475	0.662647402358	17	0
-51.5	0	1.12906583072	0.680128654057	16	0
-63.5	0	1.256520862	0.656383432768	15	0
-63.5	0	1.60439888643	0.659531837673	14	0
-51.5	0	1.59295036877	0.65726261382	13	0
-42.5	0	1.77807198889	0.630214172925	12	0
-42.5	0	1.85973360178	0.718146858911	11	0
-42.5	0	1.86100566929	0.756675183218	11	0
-42.5	0	1.35201359362	0.708800338688	11	0
-29.0	0	1.17394789811	0.738165421005	11	0
-8.0	0	1.57232997856	0.797992021236	11	0
-29.0	0	1.74807492287	0.816738977124	11	0
-42.5	0	1.80063287763	0.782180967046	11	0
-29.0	0	2.01933547522	0.742603267162	11	0
-47.0	0	1.80441281733	0.802279804419	11	0
-29.0	0	2.27525038686	0.761583298014	12	0
-8.0	0	2.33171686765	0.73064986059	13	0
-29.0	0	2.90792393889	0.80573524723	14	0
-29.0	0	2.90114827416	0.779282359509	15	0
-8.0	0	2.60632169302	0.76270049221	15	0
-8.0	0	2.55545922688	0.799605108249	15	0
-8.0	0	2.67747351803	0.831716939201	15	0
-8.0	0	2.92012388215	0.797481915337	15	0
-44.0	0	2.90081495583	0.825723493519	15	0
-44.0	0	2.74853305745	0.920223454832	15	0
-8.0	0	3.09287866431	0.92637564231	15	0
-8.0	0	2.91887304292	0.882641323255	15	0
-8.0	0	3.3695636677	0.880251025372	15	0
-44.0	0	3.15904820923	0.980507652275	15	0
-44.0	0	3.26648758965	1.05813961883	14	0
-8.0	0	2.97767986908	1.02379199628	14	0
-8.0	0	2.71219460311	1.05486951372	14	0
-8.0	0	2.56071517056	1.07854613506	14	0
-5.0	0	2.50198497168	1.1153202863	14	0
-44.0	0	2.34781610972	1.12972554356	14	0
-44.0	0	2.01079651882	1.1195092922	14	0
-68.0	0	1.71706867513	1.13917499772	15	0
-68.0	0	1.59263761977	1.13121694964	16	0
-68.0	0	1.67943079874	1.16638112436	16	0
-44.0	0	1.36155606811	1.18228572258	16	0
-24.5	0	1.15901149434	1.17970160152	16	0
-15.5	0	1.17788662055	1.15346304713	16	0
4.0	0	1.17644598783	1.18157996229	16	0
-15.5	0	1.16320855469	1.19777717788	16	0
-15.5	0	1.09477273302	1.26442930864	16	0
-15.5	0	1.04017371074	1.26347771505	16	0
4.0	0	0.932628256564	1.2415645282	16	0
4.0	0	1.01357821348	1.20475928011	16	0
22.0	0.0843896382792	1.45716173126	1.20689351837	16	0
52.0	0.0843175796578	1.31184035841	1.22148219639	16	0
52.0	0.0844763837523	1.4115162166	1.24875212447	15	0
52.0	0.0844932787604	1.34256879446	1.16313194422	14	0
52.0	0.0845328349949	1.3252915557	1.19911626577	13	0
22.0	0.0846125182347	1.60528803281	1.18391232838	13	0
22.0	0.0847363972858	1.97345202345	1.18563786751	14	0
4.0	0.0857534915776	2.12006411777	1.19315815119	15	0
-15.5	0.0867971949691	2.31995000201	1.19193942786	16	0
-15.5	0.0867382248951	2.08644940402	1.11094055964	17	0
-15.5	0.0867639750571	2.0652318883	1.0700526928	18	1
-71.0	0.087090536791	2.3422725417	1.08812586914	19	1
-128.0	0.0873191525576	2.56903785316	1.08741507602	20	1
-71.0	0.0868454045231	2.55407511708	1.10261448	21	1
-15.5	0.0866833018835	2.4401595918	1.14903382288	22	1
4.0	0.0864350481239	2.01655493711	1.08802940035	22	1
4.0	0.0864067211471	2.34251806947	0.989690730932	22	1
-15.5	0.0866287245501	2.19567577092	0.942183331027	22	1
-15.5	0.0866287245501	2.31155048994	0.906934895624	22	1
-71.0	0.0868565678518	2.32719840138	0.875304026091	22	1
-71.0	0.086841686594	2.44564296666	0.813798818812	22	1
-80.0	0.0869916558365	2.28952406697	0.747662033687	22	1
-80.0	0.0866396125526	2.30698007445	0.812608231354	22	1
-80.0	0.0866906048924	2.70206754913	0.788118552608	22	1
-15.5	0.0861730719192	2.81838617765	0.761672736065	22	1
-80.0	0.08674925133	2.67890985887	0.745298515196	22	1
-15.5	0.0865817007632	2.87686297157	0.704479054037	22	1
2.5	0.0865528895346	3.25429055823	0.655594414959	22	1
52.0	0.0863925924797	3.47198836317	0.628891693098	22	1
52.0	0.0863784869342	3.60550126933	0.623893015712	22	1
2.5	0.0865385198315	3.42191335735	0.554708900988	22	1
-54.5	0.0867088893624	3.73004118915	0.618811144706	22	1
-143.0	0.0867898017835	4.0258128754	0.668591022639	22	1
-192.5	0.0871135152146	3.95751793417	0.703513516165	22	1
-192.5	0.0871173508268	3.89126816213	0.727200313581	22	1
-186.5	0.0871020184573	3.84221615034	0.747616971889	22	1
-249.5	0.0872799822712	3.99291820153	0.650564722455	22	1
-249.5	0.0874456833034	4.00141364295	0.735218746466	22	1
-249.5	0.0872409859748	4.04629318031	0.693489254909	22	1
-249.5	0.0864599107612	4.0223629881	0.690183396887	22	1
-249.5	0.0863117992452	3.81262222428	0.689377583264	21	1
-249.5	0.086463468421	3.79841645186	0.687992991539	20	1
-249.5	0.0860670798255	3.69944620532	0.606223710575	19	0
-231.5	0.0858589558094	3.49850905382	0.70275319527	18	0
-182.0	0.0857698844725	3.36131667657	0.707193656415	17	0
-168.5	0.0855848546788	3.31527677048	0.710309132176	16	0
-104.0	0.085325567274	3.10272444458	0.728078576563	15	0
-104.0	0.0853037975196	3.08858681753	0.676709032376	14	0
-9.5	0.0851407715758	3.00633454086	0.683195976851	13	0
80.5	0.0848798461566	3.0351218285	0.725095585579	12	0
88.0	0.0842488810659	2.88362804589	0.776928467927	12	0
95.5	0.0837344597365	2.86359174212	0.783457617378	12	0
104.5	0	2.76054212198	0.781940282041	12	0
104.5	0	2.72573987944	0.768750799494	12	0
104.5	0	2.57927320273	0.710615221167	13	0
104.5	0	2.70651515871	0.738705424936	13	0
160.0	0	2.69719986317	0.804489313162	13	0
160.0	0	2.94277471665	0.880234419767	14	0
160.0	0	3.29840655467	0.948631534012	15	0
224.5	0	3.23607535574	0.966413880385	16	0
265.0	0	3.28538070595	0.944850620893	17	0
299.5	0	3.24924547848	0.98276398077	18	0
283.0	0	3.60604642948	0.926493989674	18	0
259.0	0	3.49126773591	0.908070764914	18	0
259.0	0	3.51055296798	0.864906364804	18	0
259.0	0	3.72885371195	0.901262154052	18	0
224.5	0	3.97758763275	0.937259539867	18	0
224.5	0	3.93791638865	0.928899416708	19	0
224.5	0	3.92792060466	0.948459045135	20	0
224.5	0	3.71103634678	0.99818717163	20	0
224.5	0	3.71971933318	1.0286451476	20	0
259.0	0	3.85046788141	0.959378349031	20	0
259.0	0	3.85399938895	0.930026483214	20	0
259.0	0	3.7343096841	0.91602080713	20	0
242.5	0	3.82672026028	0.848791483096	20	0
242.5	0	3.84625127476	0.778726837867	20	0
242.5	0	3.73054129529	0.809848932362	20	0
242.5	0	3.48378678982	0.745988484977	20	0
199.0	0	3.50801393386	0.711613285563	20	0
199.0	0	3.41611014825	0.692073957498	20	0
176.5	0	3.38321920872	0.686280146031	20	0
176.5	0	3.37287785515	0.668525591759	20	0
176.5	0	3.42664183002	0.698735332704	20	0
199.0	0	3.23614814116	0.681976903637	20	0
199.0	0	3.20365605052	0.669214405765	20	0
199.0	0	3.04757047601	0.685050678065	20	0
176.5	0	2.96594578855	0.663736176418	20	0
199.0	0	2.85600587448	0.666409811687	20	0
206.5	0	2.81116417079	0.692640551924	20	0
176.5	0	2.84389666314	0.65173964639	19	0
137.5	0	2.84898071277	0.655088601641	18	0
137.5	0	2.85901072938	0.660386006386	17	0
176.5	0	2.77880772727	0.656873191248	16	0
136.0	0	2.3349030459	0.634291469724	15	0
136.0	0	2.19489765433	0.680936895413	14	0
89.5	0	2.01943190956	0.681764650094	14	0
89.5	0	1.94010212212	0.636347240986	14	0
136.0	0	1.82329498654	0.569685295219	14	0
136.0	0	1.40123358632	0.512805441136	14	0
89.5	0	1.36676064998	0.53879889929	14	0
-6.5	0	1.22997105783	0.577633784933	14	0
-102.5	0	1.29728241126	0.642841146135	14	0
-102.5	0	1.39878192313	0.676117281735	13	0
-6.5	0	1.43115423282	0.669710846001	13	0
-6.5	0	1.10367522181	0.724512191771	13	0
49.0	0	1.08081699111	0.672480141185	13	0
49.0	0	0.869702498543	0.654086385951	13	0
49.0	0	0.908752261006	0.745042807632	13	0
17.5	0	0.772571523305	0.800562156102	13	0
17.5	0	0.939808399089	0.790364081422	13	0
17.5	0	0.60958962218	0.844318394011	13	0
17.5	0	0.408152290466	0.880272487683	13	0
17.5	0	0.342006070253	0.925482062583	13	0
49.0	0	0.443040081237	0.929932532459	13	0
49.0	0	0.310685865076	0.957753139027	12	0
17.5	0	0.475032709957	0.9691829768	12	0
49.0	0	0.501349542593	1.02516541395	12	0
17.5	0	0.709962603734	1.02790474698	12	0
7.0	0	0.58616342551	1.09858749511	12	0
7.0	0	0.457323701134	1.15544004433	12	0
-38.0	0	0.108013092053	1.13834786093	12	0
-38.0	0	0.266187238619	1.17145668656	11	0
-102.5	0	0.313015197452	1.22139836572	11	0
-102.5	0	0.157609035717	1.244625833	11	0
-102.5	0	0.00545758083715	1.19913667225	11	0
-128.0	0	0.385509089795	1.14591623384	11	0
-102.5	0	0.45835119224	1.09691034174	11	0
-102.5	0	0.54031137231	1.14010093243	11	0
-131.0	0	0.548457533032	1.14894402531	11	0
-131.0	0	0.534192655845	1.18431128057	11	0
-102.5	0	0.443519631251	1.13888557543	10	0
-102.5	0	0.517065841858	1.13283881922	10	0
-102.5	0	0.672428048335	1.10874403518	10	0
-102.5	0	0.462173875557	1.11838993567	10	0
-111.5	0	0.239505532839	1.07510106286	10	0
-111.5	0	0.183725846744	1.05774389259	11	0
-111.5	0	0.227534438887	1.05413877254	12	0
-111.5	0	0.175861229177	1.07047602682	12	0
-99.5	0	0.244928416381	1.06315357476	12	0
-83.0	0	0.165639122228	1.03030755342	12	0
-30.5	0	0.418023121444	0.954295464174	12	0
7.0	0	0.290743097028	0.848797762457	12	0
-30.5	0	0.457793302465	0.865420488105	12	0
-83.0	0	0.451717677986	0.854710492489	12	0
-83.0	0	0.258982276195	0.863979741745	12	0
-83.0	0	0.340948343649	0.90560679419	12	0
-83.0	0	0.48648687528	0.946141419939	12	0
-83.0	0	0.574677195111	0.947737586951	12	0
-83.0	0	0.296265826002	0.950008578387	13	0
-83.0	0	0.523510285462	0.923209629161	14	0
-18.5	0	0.108093530455	0.933414403883	15	0
-18.5	0	0.0289043222014	0.900647808906	15	0
41.5	0	0.0203544869204	0.873537856788	15	0
-18.5	0	0.0973027426471	0.929295695596	15	0
-83.0	0	0.00690689744708	0.993162066113	15	0
-18.5	0	0.125169283514	1.03390604024	15	0
-18.5	0	0.461132939424	1.06334136473	15	0
29.5	0	0.318567219338	1.08858577946	15	0
41.5	0	0.254449221168	1.12182364503	16	0
29.5	0	0.00975638261695	1.14863479148	17	0
29.5	0	0.273522971665	1.17959881921	18	0
41.5	0	0.65528566808	1.15061594528	19	0
41.5	0	0.379483905732	1.0917627085	19	0
29.5	0	0.620543600577	1.05351721852	19	0
29.5	0	0.565652112155	1.09496564329	19	0
29.5	0	0.902110257712	1.13198852417	19	0
29.5	0	0.818489498104	1.18973850053	19	0
13.0	0	0.552538783782	1.15564350051	19	0
13.0	0	0.516498193922	1.16298275817	19	0
13.0	0	0.344421169885	1.14571395348	19	0
-50.0	0	0.289777569056	1.25540676319	19	0
-50.0	0	0.154232659214	1.22712150868	19	0
-99.5	0	0.00648184315868	1.24462751914	19	0
-99.5	0	0.235727394393	1.2522781232	19	0
-101.0	0	0.227875699262	1.35698719813	19	0
-101.0	0	0.0670604611411	1.33673551689	19	0
-116.0	0	0.46231549317	1.42646261729	19	0
-116.0	0	0.856597504224	1.48801031089	19	0
-137.0	0	0.82101174251	1.48935783492	19	0
-173.0	0	0.474453554219	1.44720088999	19	0
-221.0	0	0.000549569736925	1.50390940817	19	0
-221.0	0	0.0709236940012	1.55095381662	19	0
-173.0	0	0.0108709013329	1.55051227629	18	0
-137.0	0	0.103674989329	1.55467727458	17	0
-173.0	0	0.520712964111	1.49551803614	16	0
-173.0	0	0.50077303688	1.50503287314	15	0
-221.0	0	0.513540360666	1.51595442077	15	0
-221.0	0	0.491272678666	1.48090320018	15	0
-173.0	0	0.367522754407	1.43292773439	15	0
-173.0	0	0.473465531556	1.46694180497	15	0
-173.0	0	0.469204953829	1.43571179847	15	0
-221.0	0	0.0104719457774	1.47145618682	15	0
-269.0	0	0.00328009361153	1.43577111437	14	0
-246.5	0	0.00782699616035	1.34025903528	13	0
-221.0	0	0.0680616244335	1.30448245182	12	0
-221.0	0	0.109966473408	1.26788450908	11	0
-221.0	0	0.46671953624	1.24145278913	10	0
-246.5	0	0.441260713884	1.13054274682	11	0
-246.5	0	0.462262379261	1.04578701742	12	0
-246.5	0	0.429559196217	0.988758931811	13	0
-273.5	0	0.584717839782	0.98743671013	14	0
-303.5	0	0.631762664813	0.947678570393	15	0
-273.5	0	0.867995123204	0.973560889602	16	0
-273.5	0	0.709593512859	0.982652881722	17	0
-273.5	0	0.600996681353	0.952294389268	18	0
-273.5	0	0.412455039146	0.927298776188	19	0
-273.5	0	0.369869637667	0.762529612874	20	0
-273.5	0	0.672966152407	0.773814091013	21	0
-273.5	0	0.760483321195	0.793739588597	21	0
-246.5	0	0.951258259992	0.850654400237	21	0
-246.5	0	1.53176897787	0.793401214721	21	0
-246.5	0	1.47887694267	0.834963652128	21	0
-194.0	0	1.55016881999	0.860799167867	21	0
-180.5	0	1.56100374879	0.871518519726	22	0
-105.5	0	2.17286369488	0.724919023202	22	0
-84.5	0	1.78132779719	0.721978150587	22	0
-53.0	0	1.95902729693	0.611447607747	22	0
-53.0	0	2.39032752469	0.524990588555	22	0
-53.0	0	2.45566440483	0.558041487946	22	0
-18.5	0	2.5846802821	0.661808670924	22	0
-18.5	0	2.33479261184	0.7022982991	22	0
-53.0	0	2.41383686005	0.719886635273	22	0
-53.0	0	2.30234587669	0.702693880505	22	0
-84.5	0	2.27117259918	0.759669871414	22	0
-53.0	0	1.52633432986	0.795805063586	23	0
-53.0	0	1.42141963115	0.795450337879	24	0
-18.5	0	1.41087908433	0.785567067491	25	0
-18.5	0	1.78374542226	0.772952196484	26	0
-18.5	0	1.63980444547	0.826104422275	27	0
-53.0	0	1.69814264175	0.817846613156	28	0
-72.5	0	1.62976289592	0.823266226322	29	0
-48.5	0	2.04863057651	0.817301998192	30	0
-48.5	0	2.09861101132	0.867037701859	30	0
-18.5	0	1.8837127954	0.929106603062	30	0
-48.5	0	1.48717152358	0.969625924274	30	0
-72.5	0	1.38641642248	0.970285884201	30	0
-72.5	0	0.934764674194	0.971042957126	30	0
-72.5	0	0.760207311798	1.07055153708	30	0
-72.5	0	0.849792659267	1.17096997902	30	0
-48.5	0	0.636478082821	1.20488746871	30	0
-18.5	0	0.622277750961	1.24645644922	30	0
2.5	0	0.670581346194	1.30754172128	30	0
2.5	0	0.703845126665	1.25533810522	31	0
43.0	0	0.763407644872	1.25132683719	32	0
43.0	0	0.827901553924	1.28849398113	33	0
86.5	0	1.02214998189	1.34534736695	34	0
86.5	0	1.45766776348	1.51123682269	35	0
86.5	0	1.08724650277	1.55530144219	36	0
